Position: -152.423 -57.6367 -959.113 Orientation: -0.150874 0.0826043 -0.0501692 0.983817 Time: 87661740042590
Position: -152.437 -57.6467 -959.153 Orientation: -0.150674 0.0842043 -0.0500692 0.983717 Time: 87661816117576
Position: -152.453 -57.6533 -959.167 Orientation: -0.150716 0.0854756 -0.0500386 0.983603 Time: 87661864202588
Position: -152.44 -57.6467 -959.14 Orientation: -0.150978 0.0837398 -0.0501038 0.983709 Time: 87661938074973
Position: -152.43 -57.6367 -959.12 Orientation: -0.150944 0.0835391 -0.0500368 0.983734 Time: 87661987137581
Position: -152.44 -57.6467 -959.157 Orientation: -0.151005 0.0846694 -0.0499683 0.983632 Time: 87662057585233
Position: -152.443 -57.6467 -959.15 Orientation: -0.151102 0.0847014 -0.0499341 0.983616 Time: 87662104264062
Position: -152.443 -57.6533 -959.143 Orientation: -0.151177 0.0847058 -0.0500034 0.983601 Time: 87662175991457
Position: -152.42 -57.6533 -959.103 Orientation: -0.151039 0.08287 -0.050102 0.983773 Time: 87662249181550
Position: -152.44 -57.66 -959.15 Orientation: -0.15091 0.0844054 -0.0501032 0.983662 Time: 87662296554713
Position: -152.44 -57.65 -959.157 Orientation: -0.150873 0.0848034 -0.050002 0.983639 Time: 87662365783929
Position: -152.44 -57.65 -959.143 Orientation: -0.150943 0.0848053 -0.0500031 0.983628 Time: 87662412868082
Position: -152.44 -57.65 -959.143 Orientation: -0.151074 0.0847374 -0.0500024 0.983614 Time: 87662485053074
Position: -152.427 -57.65 -959.117 Orientation: -0.150811 0.0836397 -0.0501371 0.983741 Time: 87662532331133
Position: -152.423 -57.65 -959.11 Orientation: -0.151072 0.083303 -0.0500351 0.983735 Time: 87662606469674
Position: -152.43 -57.6467 -959.137 Orientation: -0.151009 0.0835383 -0.0500363 0.983725 Time: 87662655316757
Position: -152.437 -57.6467 -959.15 Orientation: -0.150938 0.0848026 -0.0499682 0.983631 Time: 87662732594991
Position: -152.433 -57.65 -959.15 Orientation: -0.150972 0.0846697 -0.0500018 0.983635 Time: 87662780028501
Position: -152.423 -57.64 -959.13 Orientation: -0.151113 0.0846738 -0.0499376 0.983617 Time: 87662851733179
Position: -152.403 -57.64 -959.11 Orientation: -0.150915 0.0836416 -0.0500383 0.98373 Time: 87662899285468
Position: -152.4 -57.6467 -959.12 Orientation: -0.15085 0.0832423 -0.050072 0.983772 Time: 87662972236909
Position: -152.42 -57.6633 -959.143 Orientation: -0.150777 0.0850723 -0.04997 0.983632 Time: 87663019257021
Position: -152.417 -57.6567 -959.147 Orientation: -0.151041 0.0852374 -0.0499024 0.983581 Time: 87663098213068
Position: -152.417 -57.66 -959.137 Orientation: -0.151077 0.0853389 -0.0499366 0.983565 Time: 87663147717948
Position: -152.41 -57.6733 -959.133 Orientation: -0.151143 0.0848718 -0.0499697 0.983593 Time: 87663220889567
Position: -152.41 -57.6633 -959.137 Orientation: -0.151075 0.0846715 -0.0499362 0.983623 Time: 87663268036805
Position: -152.41 -57.6567 -959.137 Orientation: -0.150947 0.0845408 -0.0499377 0.983653 Time: 87663340386965
Position: -152.403 -57.6633 -959.12 Orientation: -0.150747 0.0836075 -0.0501045 0.983755 Time: 87663387069899
Position: -152.397 -57.6567 -959.103 Orientation: -0.150982 0.0831082 -0.0500716 0.983763 Time: 87663458795925
Position: -152.403 -57.6433 -959.09 Orientation: -0.151175 0.0841048 -0.0499362 0.983656 Time: 87663528630391
Position: -152.407 -57.64 -959.097 Orientation: -0.150805 0.0842362 -0.0499683 0.9837 Time: 87663575581535
Position: -152.417 -57.6533 -959.113 Orientation: -0.151003 0.0852018 -0.0499344 0.983588 Time: 87663623870304
Position: -152.403 -57.6433 -959.087 Orientation: -0.151278 0.0836729 -0.0500037 0.983673 Time: 87663702391058
Position: -152.413 -57.6467 -959.123 Orientation: -0.15121 0.0842725 -0.0499701 0.983634 Time: 87663749955526
Position: -152.42 -57.6433 -959.137 Orientation: -0.150977 0.0855389 -0.0499033 0.983564 Time: 87663797518351
Position: -152.42 -57.6533 -959.13 Orientation: -0.150779 0.0856737 -0.0499375 0.983581 Time: 87663870509203
Position: -152.473 -57.42 -958.977 Orientation: -0.151578 0.083873 -0.0494037 0.983641 Time: 87663942117271
Position: -152.407 -57.38 -959.16 Orientation: -0.147907 0.0845042 -0.0473023 0.984248 Time: 87663989228930
Position: -151.577 -56.61 -960.967 Orientation: -0.145975 0.085138 -0.0465025 0.98452 Time: 87664060032644
Position: -150.79 -55.8733 -962.713 Orientation: -0.146373 0.0843371 -0.0476021 0.984478 Time: 87664109452546
Position: -150.017 -54.76 -964.443 Orientation: -0.146311 0.0844732 -0.0475704 0.984477 Time: 87664159361245
Position: -148.643 -52.6867 -967.477 Orientation: -0.146714 0.0858083 -0.0477046 0.984295 Time: 87664241284974
Position: -147.49 -50.89 -969.957 Orientation: -0.147711 0.0848062 -0.0482702 0.984205 Time: 87664288332180
Position: -146.317 -49.2167 -972.557 Orientation: -0.14794 0.0848369 -0.0488021 0.984142 Time: 87664337472651
Position: -144.51 -46.5033 -976.547 Orientation: -0.149908 0.085071 -0.0496025 0.983784 Time: 87664409659423
Position: -143.357 -44.6233 -979.073 Orientation: -0.150844 0.0852062 -0.0500703 0.983605 Time: 87664484850960
Position: -142.537 -43.4967 -980.83 Orientation: -0.15114 0.0843037 -0.0506022 0.98361 Time: 87664532493974
Position: -141.17 -41.8533 -983.907 Orientation: -0.152108 0.0844045 -0.0512361 0.983419 Time: 87664603312330
Position: -140.357 -40.8133 -985.663 Orientation: -0.15311 0.0836724 -0.0517369 0.9833 Time: 87664650381705
Position: -139.377 -39.4533 -987.783 Orientation: -0.154509 0.083205 -0.0522698 0.983093 Time: 87664721764395
Position: -138.52 -38.01 -989.67 Orientation: -0.154507 0.0852036 -0.0519022 0.982942 Time: 87664794153966
Position: -138.073 -37.3167 -990.623 Orientation: -0.154711 0.0833393 -0.0525038 0.983037 Time: 87664840547070
Position: -137.41 -36.2433 -992.02 Orientation: -0.155349 0.0823414 -0.0523385 0.98303 Time: 87664887911885
Position: -136.12 -34.58 -994.857 Orientation: -0.156007 0.0833373 -0.0528692 0.982813 Time: 87664960673254
Position: -135.06 -33.12 -997.177 Orientation: -0.157346 0.0832734 -0.0533377 0.98258 Time: 87665034696575
Position: -134.297 -31.98 -998.86 Orientation: -0.157912 0.0832396 -0.0536707 0.982474 Time: 87665081314647
Position: -132.9 -29.8067 -1001.88 Orientation: -0.158682 0.0824082 -0.054072 0.982398 Time: 87665152263139
Position: -132.04 -28.1933 -1003.85 Orientation: -0.160015 0.0837411 -0.0548718 0.982024 Time: 87665199255335
Position: -130.74 -25.76 -1006.79 Orientation: -0.16175 0.0854087 -0.0554056 0.981566 Time: 87665273057383
Position: -129.697 -23.8433 -1009.06 Orientation: -0.162877 0.0849052 -0.0559368 0.981394 Time: 87665319778086
Position: -128.323 -21.0633 -1012.12 Orientation: -0.164904 0.0839355 -0.0567348 0.981093 Time: 87665395545042
Position: -127.33 -18.85 -1014.43 Orientation: -0.167402 0.0842012 -0.0573008 0.980614 Time: 87665443624717
Position: -126.027 -16.53 -1017.26 Orientation: -0.164778 0.0826057 -0.0554371 0.981301 Time: 87665516750769
Position: -124.903 -14.8433 -1019.73 Orientation: -0.165275 0.0828044 -0.055703 0.981185 Time: 87665563034263
Position: -123.41 -12.5633 -1023.06 Orientation: -0.166745 0.0836725 -0.0567706 0.980802 Time: 87665632426183
Position: -122.347 -10.8567 -1025.45 Orientation: -0.16784 0.0841699 -0.0573689 0.980538 Time: 87665678742929
Position: -120.67 -7.97 -1029.16 Orientation: -0.169575 0.0848042 -0.0579696 0.980149 Time: 87665749414865
Position: -119.283 -5.68333 -1032.18 Orientation: -0.170378 0.0848057 -0.0587039 0.979966 Time: 87665820185463
Position: -118.227 -3.75 -1034.68 Orientation: -0.170944 0.0878055 -0.058837 0.979595 Time: 87665868767895
Position: -117.457 -2.42333 -1036.41 Orientation: -0.17151 0.0877386 -0.0590035 0.979492 Time: 87665918529216
Position: -115.783 0.25 -1040.06 Orientation: -0.172514 0.0866739 -0.0594717 0.979382 Time: 87665991704667
Position: -113.817 3.97667 -1044.39 Orientation: -0.173345 0.0867057 -0.0600373 0.979198 Time: 87666060595200
Position: -112.667 6.31 -1046.94 Orientation: -0.17378 0.0866402 -0.0603047 0.97911 Time: 87666106650168
Position: -111.227 9.52333 -1050.14 Orientation: -0.174577 0.085305 -0.0602368 0.97909 Time: 87666177828418
Position: -110.123 11.7767 -1052.53 Orientation: -0.175138 0.0849023 -0.0602017 0.979027 Time: 87666223552914
Position: -108.193 15.34 -1056.86 Orientation: -0.17574 0.0863034 -0.0606024 0.978772 Time: 87666294511122
Position: -107.32 16.68 -1058.7 Orientation: -0.176611 0.0855053 -0.0610038 0.97866 Time: 87666343818677
Position: -105.79 19.29 -1062.09 Orientation: -0.178273 0.0854028 -0.062102 0.978299 Time: 87666414852832
Position: -104.303 21.7767 -1065.34 Orientation: -0.179875 0.0844705 -0.0627695 0.978044 Time: 87666483635260
Position: -103.35 23.8267 -1067.54 Orientation: -0.181609 0.0856374 -0.062903 0.977613 Time: 87666529828712
Position: -101.777 27.2967 -1071.1 Orientation: -0.183047 0.0863731 -0.0635381 0.977239 Time: 87666601724968
Position: -100.807 29.2933 -1073.21 Orientation: -0.184013 0.0856394 -0.0638379 0.977103 Time: 87666647883937
Position: -99.4133 32 -1076.44 Orientation: -0.185014 0.0880402 -0.0647051 0.976643 Time: 87666719620636
Position: -98.36 34.01 -1078.84 Orientation: -0.186152 0.0899089 -0.0651064 0.97623 Time: 87666768320751
Position: -96.6433 36.96 -1082.3 Orientation: -0.187711 0.0835382 -0.0662039 0.976424 Time: 87666847701965
Position: -95.7533 38.5033 -1084.31 Orientation: -0.18774 0.085103 -0.0659357 0.976301 Time: 87666894519004
Position: -94.99 39.8033 -1086.13 Orientation: -0.18757 0.0865014 -0.0658677 0.976215 Time: 87666966682238
Position: -94.2733 40.9633 -1087.69 Orientation: -0.18794 0.0853695 -0.0660355 0.976233 Time: 87667013409920
Position: -93.4133 42.29 -1089.43 Orientation: -0.188015 0.08364 -0.066372 0.976345 Time: 87667085249114
Position: -92.84 43.12 -1090.69 Orientation: -0.188085 0.0829746 -0.0663063 0.976393 Time: 87667132280446
Position: -91.8833 44.7267 -1092.84 Orientation: -0.188943 0.0822043 -0.0669035 0.976251 Time: 87667204585586
Position: -91.2533 45.8233 -1094.17 Orientation: -0.190209 0.0819038 -0.0671698 0.976013 Time: 87667251309573
Position: -90.36 47.2767 -1096.17 Orientation: -0.190745 0.0825719 -0.0675043 0.975828 Time: 87667320749935
Position: -89.6967 48.2667 -1097.71 Orientation: -0.191417 0.0829408 -0.0676727 0.975654 Time: 87667367337901
Position: -89.06 49.0367 -1099.06 Orientation: -0.192053 0.0816085 -0.0682404 0.975602 Time: 87667436693558
Position: -88.5967 49.6733 -1100.14 Orientation: -0.192485 0.082941 -0.0684397 0.97539 Time: 87667483137020
Position: -88.0067 50.5767 -1101.56 Orientation: -0.192808 0.0836702 -0.0687696 0.975241 Time: 87667553610672
Position: -87.6267 51.0567 -1102.42 Orientation: -0.193205 0.0849355 -0.0691684 0.975025 Time: 87667622759835
Position: -87.3833 51.3867 -1102.93 Orientation: -0.193578 0.0843714 -0.0693372 0.974988 Time: 87667668685489
Position: -87.17 51.81 -1103.42 Orientation: -0.194118 0.0842078 -0.0694064 0.97489 Time: 87667740738155
Position: -87.0233 52.0567 -1103.67 Orientation: -0.194316 0.08294 -0.0696056 0.974945 Time: 87667786712798
Position: -86.7067 52.58 -1104.39 Orientation: -0.195412 0.0837383 -0.0700708 0.974624 Time: 87667857645827
Position: -86.5767 52.7 -1104.61 Orientation: -0.195514 0.0830726 -0.070405 0.974637 Time: 87667903910300
Position: -86.53 52.7733 -1104.68 Orientation: -0.195581 0.0819393 -0.0706052 0.974705 Time: 87667973867649
Position: -86.55 52.7167 -1104.72 Orientation: -0.195981 0.085173 -0.0707053 0.97434 Time: 87668019643598
Position: -86.59 52.83 -1104.7 Orientation: -0.195617 0.0847072 -0.0703059 0.974482 Time: 87668090902858
Position: -86.5767 52.8 -1104.66 Orientation: -0.196081 0.0844061 -0.0704717 0.974403 Time: 87668160550124
Position: -86.5867 52.8233 -1104.64 Orientation: -0.196144 0.084138 -0.0703706 0.974421 Time: 87668207676698
Position: -86.5867 52.8167 -1104.67 Orientation: -0.196144 0.0850044 -0.0703037 0.974351 Time: 87668277705068
Position: -86.5767 52.83 -1104.65 Orientation: -0.196146 0.0832388 -0.0703713 0.974498 Time: 87668323810121
Position: -86.6 52.8367 -1104.7 Orientation: -0.195776 0.0847373 -0.0703366 0.974446 Time: 87668393381030
Position: -86.6 52.83 -1104.71 Orientation: -0.195703 0.0852013 -0.0704011 0.974415 Time: 87668439248936
Position: -86.5867 52.8167 -1104.66 Orientation: -0.196121 0.0840089 -0.0703741 0.974437 Time: 87668508678351
Position: -86.5933 52.81 -1104.67 Orientation: -0.196215 0.0845398 -0.0703387 0.974374 Time: 87668554836361
Position: -86.58 52.7967 -1104.66 Orientation: -0.195882 0.0836733 -0.0704056 0.974511 Time: 87668623683926
Position: -86.58 52.7833 -1104.66 Orientation: -0.196214 0.0841726 -0.0704049 0.974402 Time: 87668669689905
Position: -86.6 52.76 -1104.75 Orientation: -0.195714 0.0868063 -0.0704051 0.974271 Time: 87668739749201
Position: -86.58 52.7633 -1104.7 Orientation: -0.195676 0.0837374 -0.0704034 0.974547 Time: 87668810009244
Position: -86.5667 52.7667 -1104.66 Orientation: -0.196045 0.082705 -0.0704376 0.974559 Time: 87668856057507
Position: -86.5733 52.76 -1104.67 Orientation: -0.195984 0.0833074 -0.0704396 0.97452 Time: 87668926916505
Position: -86.5767 52.7533 -1104.68 Orientation: -0.19598 0.0839723 -0.0704048 0.974466 Time: 87668974309784
Position: -86.56 52.74 -1104.68 Orientation: -0.196018 0.0824408 -0.0704064 0.974589 Time: 87669050670495
Position: -86.5667 52.74 -1104.69 Orientation: -0.195979 0.0833051 -0.0703709 0.974526 Time: 87669097207693
Position: -86.5667 52.7533 -1104.7 Orientation: -0.196042 0.0825037 -0.0704365 0.974577 Time: 87669166857970
Position: -86.6 52.77 -1104.76 Orientation: -0.19601 0.0853045 -0.0703037 0.974351 Time: 87669238814848
Position: -86.5867 52.77 -1104.69 Orientation: -0.196013 0.0843057 -0.0703714 0.974433 Time: 87669284768964
Position: -86.5767 52.77 -1104.66 Orientation: -0.196144 0.0837377 -0.070437 0.974451 Time: 87669355854845
Position: -86.5767 52.77 -1104.65 Orientation: -0.196187 0.0838086 -0.0704739 0.974433 Time: 87669401774888
Position: -86.59 52.77 -1104.69 Orientation: -0.196047 0.0845394 -0.070405 0.974403 Time: 87669472764433
Position: -86.5967 52.77 -1104.7 Orientation: -0.195883 0.0848404 -0.0703392 0.974415 Time: 87669519218295
Position: -86.57 52.77 -1104.65 Orientation: -0.196015 0.0826064 -0.0704055 0.974575 Time: 87669589021287
Position: -86.5767 52.7633 -1104.66 Orientation: -0.196074 0.0837363 -0.0704025 0.974467 Time: 87669635612674
Position: -86.6067 52.7667 -1104.73 Orientation: -0.196307 0.0855365 -0.0703359 0.974269 Time: 87669706816650
Position: -86.5867 52.78 -1104.68 Orientation: -0.195973 0.0840027 -0.0704023 0.974465 Time: 87669776012065
Position: -86.58 52.7667 -1104.67 Orientation: -0.196013 0.0835056 -0.0704048 0.974499 Time: 87669822462095
Position: -86.58 52.76 -1104.68 Orientation: -0.19598 0.0831724 -0.0704049 0.974534 Time: 87669869876995
