Position: -39.2367 -82.2267 -959.027 Orientation: -0.0472686 0.0647026 0.0426017 0.995874 Time: 86988326800382
Position: -40.47 -82.7333 -957.083 Orientation: -0.0452019 0.0625693 0.0433018 0.996076 Time: 86988489844033
Position: -40.01 -82.2867 -958.467 Orientation: -0.0462712 0.064173 0.0431376 0.995932 Time: 86988409459223
Position: -40.6033 -83.37 -956.383 Orientation: -0.0445354 0.0617029 0.0428353 0.99618 Time: 86988539912837
Position: -40.9233 -84.4567 -955.83 Orientation: -0.0436686 0.0603694 0.0425686 0.996311 Time: 86988609986364
Position: -41.17 -85.1567 -955.64 Orientation: -0.0439696 0.0606373 0.0421694 0.996299 Time: 86988656789172
Position: -41.6067 -85.65 -955.423 Orientation: -0.0441353 0.0602694 0.0422352 0.996311 Time: 86988730246243
Position: -41.65 -85.7233 -955.37 Orientation: -0.044269 0.0605032 0.0423356 0.996287 Time: 86988779796143
Position: -41.6033 -85.95 -955.117 Orientation: -0.0446339 0.059334 0.0422338 0.996345 Time: 86988896887868
Position: -41.6433 -85.8167 -955.103 Orientation: -0.0442009 0.0589011 0.0423341 0.996386 Time: 86988849858861
Position: -41.5667 -86.1733 -955.147 Orientation: -0.0452694 0.0598036 0.0421358 0.996293 Time: 86988946545326
Position: -41.68 -86.56 -955.177 Orientation: -0.0461689 0.0588362 0.0419687 0.996316 Time: 86989021766557
Position: -41.74 -86.66 -955.21 Orientation: -0.0463024 0.0597031 0.0421022 0.996252 Time: 86989069110847
Position: -42.0333 -86.8 -954.877 Orientation: -0.0460692 0.0590032 0.0425023 0.996288 Time: 86989145359758
Position: -42.2867 -86.9133 -954.53 Orientation: -0.0458694 0.0568033 0.0425025 0.996425 Time: 86989193275771
Position: -42.5633 -86.9233 -954.293 Orientation: -0.0458352 0.0562689 0.0429017 0.99644 Time: 86989264237538
Position: -42.8567 -86.9833 -953.94 Orientation: -0.046169 0.0556028 0.0431688 0.99645 Time: 86989311813500
Position: -43.2933 -87.2567 -953.163 Orientation: -0.0460369 0.055971 0.0437367 0.996411 Time: 86989383188253
Position: -43.46 -87.4833 -952.737 Orientation: -0.0454359 0.0555697 0.0438691 0.996455 Time: 86989456691303
Position: -43.49 -87.67 -952.49 Orientation: -0.0450682 0.057202 0.0441349 0.996368 Time: 86989505417828
Position: -43.5 -87.9133 -951.933 Orientation: -0.0447366 0.055604 0.0441698 0.996472 Time: 86989578172765
Position: -43.4367 -88.12 -951.713 Orientation: -0.044802 0.0559692 0.0442354 0.996445 Time: 86989626055800
Position: -43.25 -88.38 -951.653 Orientation: -0.0444698 0.056104 0.0438364 0.99647 Time: 86989696925608
Position: -43.16 -88.4367 -951.23 Orientation: -0.044103 0.0553371 0.043703 0.996535 Time: 86989743906857
Position: -43.0967 -88.4333 -950.727 Orientation: -0.0439035 0.0546043 0.0438368 0.996579 Time: 86989798994323
Position: -43.1133 -88.6733 -950.353 Orientation: -0.0438015 0.0546019 0.0434348 0.996601 Time: 86989872744372
Position: -43.3567 -88.7433 -949.88 Orientation: -0.0432353 0.0553691 0.0435686 0.996578 Time: 86989919146097
Position: -43.8833 -88.6767 -948.637 Orientation: -0.0421019 0.0543024 0.0437353 0.996677 Time: 86989990640724
Position: -44.6167 -88.43 -946.733 Orientation: -0.0404027 0.0530369 0.0441029 0.9968 Time: 86990037048744
Position: -45.73 -87.71 -943.753 Orientation: -0.0392023 0.052103 0.0449693 0.996858 Time: 86990107603543
Position: -46.78 -86.5767 -939.773 Orientation: -0.0368344 0.0533016 0.045468 0.996862 Time: 86990176615728
Position: -47.2467 -85.71 -936.997 Orientation: -0.035134 0.053401 0.0454675 0.996919 Time: 86990223246389
Position: -47.9 -84.2833 -932.943 Orientation: -0.033134 0.0535344 0.0453342 0.996986 Time: 86990294108671
Position: -48.3733 -82.8967 -930.04 Orientation: -0.0315671 0.0539008 0.0454006 0.997014 Time: 86990342418514
Position: -48.7633 -81.19 -927.117 Orientation: -0.0296005 0.0559677 0.0456008 0.996951 Time: 86990392512087
Position: -49.6567 -77.2 -921.37 Orientation: -0.025567 0.0559008 0.046734 0.997014 Time: 86990472797959
Position: -50.44 -73.9867 -917.737 Orientation: -0.022134 0.0559017 0.0481348 0.99703 Time: 86990520579731
Position: -51.2633 -69.9033 -914.217 Orientation: -0.0190679 0.0556703 0.0503033 0.996999 Time: 86990570318063
Position: -52.0567 -63.6567 -909.497 Orientation: -0.0154678 0.0541372 0.0530371 0.997004 Time: 86990642065709
Position: -52.3367 -60.3033 -907.16 Orientation: -0.0141008 0.0523031 0.0542032 0.997059 Time: 86990689361420
Position: -52.63 -52.97 -903.26 Orientation: -0.0102337 0.0540351 0.0562685 0.9969 Time: 86990760088913
Position: -53.5967 -42.32 -898.057 Orientation: -0.00476687 0.0578024 0.0589358 0.996575 Time: 86990831151121
Position: -54.66 -35.4 -894.457 Orientation: -0.000766714 0.0589703 0.0604371 0.996428 Time: 86990877725266
Position: -56.8 -24.96 -889.363 Orientation: 0.00236673 0.0599017 0.0643018 0.996128 Time: 86990948360392
Position: -58.2733 -16.46 -886.363 Orientation: 0.00426675 0.0612012 0.067668 0.99582 Time: 86990994960810
Position: -59.81 -1.44 -883.77 Orientation: 0.00673393 0.0654391 0.0712396 0.995288 Time: 86991070770598
Position: -60.4967 8.03333 -883.25 Orientation: 0.00906726 0.0649376 0.0722048 0.995232 Time: 86991117372248
Position: -61.07 14.54 -883.01 Orientation: 0.0104001 0.0650008 0.073601 0.995113 Time: 86991165138830
Position: -62.7067 28.2633 -883.363 Orientation: 0.00883366 0.0673359 0.0749695 0.994871 Time: 86991237706568
Position: -64.5133 42.33 -885.29 Orientation: 0.00736717 0.0703381 0.0772386 0.994501 Time: 86991307765727
Position: -65.7767 52.7 -887.753 Orientation: 0.00703361 0.0716028 0.0815032 0.994073 Time: 86991355170775
Position: -66.66 62.5433 -891.04 Orientation: 0.00613362 0.0703699 0.0849373 0.993879 Time: 86991402017235
Position: -66.2667 77.19 -898.41 Orientation: 0.00446701 0.0672052 0.0879734 0.993843 Time: 86991475623463
Position: -65.1233 84.8733 -903.657 Orientation: 0.00363352 0.0682035 0.0890378 0.993684 Time: 86991523124162
Position: -62.8567 94.1467 -910.41 Orientation: 0.00096675 0.0689392 0.0903744 0.993518 Time: 86991601013666
Position: -58.7433 104.97 -919.973 Orientation: -0.00356673 0.0653677 0.0922348 0.993583 Time: 86991673636688
Position: -55.2667 110.49 -927.567 Orientation: -0.00573351 0.0666354 0.0921362 0.993498 Time: 86991723092032
Position: -51.7633 115.177 -935.613 Orientation: -0.00963382 0.0679701 0.0917047 0.993417 Time: 86991773095836
Position: -46.8567 119.883 -946.64 Orientation: -0.0151674 0.0685034 0.0905711 0.993415 Time: 86991847737544
Position: -42.9667 122.503 -955.367 Orientation: -0.0189007 0.0679024 0.0893698 0.993501 Time: 86991897793074
Position: -35.6267 124.813 -970.48 Orientation: -0.0286683 0.0699374 0.085605 0.993458 Time: 86991975604579
Position: -30.5167 125.037 -979.783 Orientation: -0.0341036 0.0720742 0.0820085 0.993437 Time: 86992023714633
Position: -25.13 124.78 -989.253 Orientation: -0.0396039 0.0735405 0.0778076 0.993463 Time: 86992072013255
Position: -17.7033 123.193 -1002.29 Orientation: -0.047335 0.0736026 0.0704691 0.993668 Time: 86992147889137
Position: -12.27 121.197 -1013.03 Orientation: -0.0547014 0.0769687 0.065735 0.993359 Time: 86992196142875
Position: -3.67667 116.12 -1031.35 Orientation: -0.0682371 0.0832379 0.0581698 0.992487 Time: 86992268557350
Position: 0.953333 112.147 -1042.02 Orientation: -0.0747698 0.0839701 0.0543022 0.992174 Time: 86992315186506
Position: 5.12 107.517 -1052.67 Orientation: -0.0823398 0.0842733 0.050604 0.991745 Time: 86992388188989
Position: 9.01333 101.9 -1063.34 Orientation: -0.090074 0.0841402 0.0458704 0.991314 Time: 86992434625335
Position: 13.2333 93.1933 -1077.76 Orientation: -0.102941 0.084806 0.0405362 0.990236 Time: 86992506681423
Position: 16.0767 84.9633 -1089.11 Orientation: -0.114113 0.0849434 0.0338707 0.98925 Time: 86992552915106
Position: 21.3367 69.9433 -1106.18 Orientation: -0.128708 0.0924389 0.0217013 0.987126 Time: 86992624153018
Position: 23.97 60.9267 -1113.51 Orientation: -0.135339 0.0958041 0.0171007 0.986008 Time: 86992671045320
Position: 27.2833 48.4733 -1120.85 Orientation: -0.140405 0.103603 0.0109004 0.984598 Time: 86992745135967
Position: 29.0067 38.8167 -1123.78 Orientation: -0.145443 0.104207 0.00746718 0.983835 Time: 86992792338763
Position: 31.4 24.88 -1125.75 Orientation: -0.151303 0.105702 0.00200004 0.982818 Time: 86992863335560
Position: 32.34 17.2867 -1125.18 Orientation: -0.154176 0.10364 -0.00126674 0.982592 Time: 86992911138269
Position: 35.69 -3.24333 -1123.67 Orientation: -0.161077 0.105207 -0.0132675 0.981229 Time: 86992981855636
Position: 37.3733 -15.3233 -1121.91 Orientation: -0.166947 0.103475 -0.0186348 0.980344 Time: 86993027843826
Position: 38.2933 -27.02 -1119.64 Orientation: -0.172578 0.0956062 -0.0220348 0.980097 Time: 86993076162564
Position: 39.5333 -43.44 -1118.23 Orientation: -0.17772 0.0982776 -0.0286365 0.978743 Time: 86993148741660
Position: 39.7733 -63.6767 -1116.08 Orientation: -0.184782 0.101608 -0.0351695 0.97688 Time: 86993217794213
Position: 39.7467 -75.62 -1115.59 Orientation: -0.192614 0.104007 -0.0381027 0.975003 Time: 86993264776146
Position: 39.52 -88.1867 -1114.93 Orientation: -0.200017 0.105376 -0.0417368 0.973215 Time: 86993335154146
Position: 40.01 -101.35 -1114.71 Orientation: -0.207141 0.109838 -0.0466685 0.971005 Time: 86993382654297
Position: 40.71 -114.803 -1114.49 Orientation: -0.209341 0.117037 -0.0553686 0.969233 Time: 86993429511842
Position: 40.9167 -130.317 -1112.94 Orientation: -0.215874 0.118971 -0.0629687 0.967098 Time: 86993499064277
Position: 39.49 -148.09 -1110.44 Orientation: -0.222352 0.119443 -0.0701058 0.965079 Time: 86993570881987
Position: 37.6767 -157.71 -1108.46 Orientation: -0.225179 0.119873 -0.0734707 0.96412 Time: 86993616775482
Position: 34.13 -167.763 -1105.39 Orientation: -0.231108 0.119404 -0.0726693 0.962835 Time: 86993689082811
Position: 32.2033 -172.1 -1103.69 Orientation: -0.234378 0.118372 -0.0712367 0.962279 Time: 86993736601026
Position: 28.3567 -179.973 -1100.22 Orientation: -0.242984 0.115775 -0.0669049 0.96077 Time: 86993808484830
Position: 25.7533 -186.173 -1097.31 Orientation: -0.247418 0.118042 -0.0672715 0.959336 Time: 86993855277648
Position: 23.1933 -195.757 -1092.2 Orientation: -0.252085 0.126676 -0.0729385 0.956602 Time: 86993925960394
Position: 21.9567 -200.253 -1088.37 Orientation: -0.251916 0.130008 -0.0751713 0.956026 Time: 86993973186316
Position: 20.2567 -204.74 -1082.89 Orientation: -0.250844 0.132006 -0.07717 0.955875 Time: 86994046932122
Position: 18.31 -206.793 -1077.9 Orientation: -0.249885 0.130076 -0.0753388 0.956536 Time: 86994093058385
Position: 13.82 -208.873 -1067.42 Orientation: -0.246948 0.124574 -0.0710708 0.958356 Time: 86994164642369
Position: 11.6 -209.7 -1062.52 Orientation: -0.244217 0.121309 -0.0698049 0.959567 Time: 86994211976396
Position: 6.64667 -211.367 -1053.04 Orientation: -0.235455 0.119111 -0.0675729 0.962189 Time: 86994282317859
Position: 2.97 -212.483 -1046.07 Orientation: -0.229749 0.118541 -0.0657377 0.963765 Time: 86994329436771
Position: -1.77 -213.557 -1036.88 Orientation: -0.221612 0.122273 -0.0645367 0.965284 Time: 86994407134423
Position: -5.33667 -213.457 -1029.53 Orientation: -0.218313 0.118573 -0.0621036 0.966656 Time: 86994453651916
Position: -11.1167 -213.19 -1018.46 Orientation: -0.213543 0.115605 -0.058936 0.968278 Time: 86994529034347
Position: -14.4367 -212.743 -1012.47 Orientation: -0.211018 0.114877 -0.0561382 0.969084 Time: 86994575910775
Position: -18.9433 -211.403 -1004.44 Orientation: -0.20561 0.114739 -0.0528027 0.970449 Time: 86994648399966
Position: -22.6633 -208.587 -998.053 Orientation: -0.200504 0.114269 -0.0493344 0.971754 Time: 86994695111911
Position: -28.6033 -201.45 -987.34 Orientation: -0.193675 0.115872 -0.0438687 0.973211 Time: 86994765935740
Position: -32.0967 -195.27 -979.693 Orientation: -0.183809 0.118206 -0.0414021 0.97495 Time: 86994836918307
Position: -33.6767 -191.573 -976.093 Orientation: -0.177911 0.118174 -0.0402359 0.976096 Time: 86994884603742
Position: -36.4633 -183.1 -968.74 Orientation: -0.167379 0.115042 -0.0375694 0.978437 Time: 86994954553154
Position: -37.9867 -176.93 -963.37 Orientation: -0.159308 0.115139 -0.0373684 0.979779 Time: 86995001469540
Position: -40.4367 -166.06 -954.79 Orientation: -0.145706 0.112771 -0.0372349 0.982174 Time: 86995073138640
Position: -42.1967 -159.187 -949.93 Orientation: -0.138872 0.109371 -0.0357014 0.983605 Time: 86995121125948
Position: -44.9967 -149.807 -944.19 Orientation: -0.130942 0.105174 -0.0333022 0.985233 Time: 86995195896834
Position: -47.5567 -142.517 -940.473 Orientation: -0.125411 0.102809 -0.0307027 0.986286 Time: 86995242103013
Position: -52.3167 -130.53 -935.877 Orientation: -0.116509 0.100675 -0.0254354 0.987747 Time: 86995316192702
Position: -55.3167 -123.233 -933.203 Orientation: -0.112005 0.0975374 -0.0215342 0.988675 Time: 86995362769584
Position: -58.35 -115.753 -930.867 Orientation: -0.108305 0.094004 -0.0174674 0.989509 Time: 86995434217958
Position: -61.38 -108.58 -929.343 Orientation: -0.104137 0.0902364 -0.0136338 0.990367 Time: 86995480837125
Position: -65.5067 -99.44 -928.15 Orientation: -0.10027 0.0901029 -0.00896695 0.990831 Time: 86995555447085
Position: -68.9067 -92.5033 -927.263 Orientation: -0.0974389 0.0914052 -0.00493361 0.991023 Time: 86995602903995
Position: -73.6467 -81.4567 -925.57 Orientation: -0.0919383 0.0932717 -0.000133341 0.991387 Time: 86995674280254
Position: -76.07 -75.0033 -924.163 Orientation: -0.0886397 0.0912399 0.00310022 0.991871 Time: 86995721594301
Position: -78.4367 -67.2833 -922.557 Orientation: -0.0862372 0.0877706 0.0067003 0.992378 Time: 86995795282908
Position: -79.4367 -62.6167 -921.833 Orientation: -0.0847385 0.0882054 0.00780048 0.992461 Time: 86995841864032
Position: -80.3333 -55.8167 -920.723 Orientation: -0.0802391 0.0876063 0.00963403 0.992872 Time: 86995914444223
Position: -80.5067 -52.36 -920.413 Orientation: -0.0785687 0.087669 0.0103003 0.992993 Time: 86995962115974
Position: -80.6967 -49.82 -920.383 Orientation: -0.0770008 0.0854342 0.0103001 0.993311 Time: 86996034965605
Position: -81.16 -48.31 -920.15 Orientation: -0.0768017 0.0845685 0.0114002 0.993388 Time: 86996080854722
Position: -81.32 -47.55 -920.163 Orientation: -0.075272 0.084506 0.0120008 0.993503 Time: 86996151178123
Position: -81.8467 -45.5533 -919.403 Orientation: -0.0742717 0.078572 0.014401 0.994034 Time: 86996220155823
Position: -81.3633 -44.41 -920.223 Orientation: -0.0746378 0.0799048 0.0148676 0.993893 Time: 86996267222324
Position: -80.22 -43.6233 -921.9 Orientation: -0.0766022 0.0822024 0.0144671 0.993562 Time: 86996314499288
Position: -78.42 -43.2567 -924.333 Orientation: -0.0789388 0.0846725 0.0122008 0.993202 Time: 86996385671516
Position: -77.53 -43.2867 -926.213 Orientation: -0.0797385 0.088339 0.0112007 0.992831 Time: 86996455618055
Position: -77.34 -43.2967 -927.597 Orientation: -0.0805065 0.0901073 0.0108009 0.992614 Time: 86996502596567
Position: -77.9033 -43.21 -928.097 Orientation: -0.0808743 0.0893418 0.010101 0.992661 Time: 86996550437317
Position: -81.0933 -42.7267 -927.65 Orientation: -0.0814359 0.0875027 0.0114337 0.992764 Time: 86996624561354
Position: -84.6533 -41.3467 -926.503 Orientation: -0.0801706 0.0858375 0.013834 0.992982 Time: 86996696132338
Position: -87.3333 -39.3133 -925.437 Orientation: -0.0787389 0.0832726 0.0167012 0.993271 Time: 86996742093433
Position: -89.6 -35.9733 -925.247 Orientation: -0.0782358 0.0848026 0.0211007 0.993097 Time: 86996811614806
Position: -89.62 -35.26 -925.78 Orientation: -0.0773012 0.0864014 0.0219003 0.993015 Time: 86996859115231
Position: -88.7367 -35.63 -926.35 Orientation: -0.0753386 0.0895063 0.0228683 0.992869 Time: 86996929004844
Position: -88.02 -36.4333 -925.73 Orientation: -0.0746375 0.0879382 0.0232013 0.993055 Time: 86996975672452
Position: -87.4933 -37.8267 -924.403 Orientation: -0.0731702 0.0842708 0.0246012 0.993448 Time: 86997046199199
Position: -87.6367 -39.27 -922.707 Orientation: -0.0723047 0.0790051 0.0264017 0.993898 Time: 86997118053035
Position: -87.7667 -39.51 -922.857 Orientation: -0.0726369 0.0817373 0.027768 0.993616 Time: 86997164770316
Position: -87.63 -39.5767 -923.313 Orientation: -0.0740037 0.0837708 0.0288014 0.993316 Time: 86997211816018
Position: -86.8767 -40.1 -923.387 Orientation: -0.074505 0.083739 0.0281352 0.9933 Time: 86997281523631
Position: -85.8133 -41.14 -923.02 Orientation: -0.074274 0.0832416 0.0267027 0.993399 Time: 86997328589174
Position: -84.6733 -42.6667 -922.273 Orientation: -0.0740059 0.08344 0.0250353 0.993446 Time: 86997401742457
Position: -84.5867 -43.2433 -921.693 Orientation: -0.0737693 0.0829697 0.0250342 0.993503 Time: 86997451091748
Position: -85.01 -43.57 -921.473 Orientation: -0.0734055 0.0841397 0.0259353 0.993408 Time: 86997527201628
Position: -85.29 -43.7467 -921.283 Orientation: -0.0731034 0.0838372 0.0263012 0.993446 Time: 86997574745707
Position: -85.4967 -44.2467 -920.923 Orientation: -0.0733065 0.0830406 0.0267024 0.993487 Time: 86997645581852
Position: -85.42 -44.7133 -921.06 Orientation: -0.0734391 0.0830732 0.0266021 0.993478 Time: 86997692262597
Position: -85.39 -45.08 -921.043 Orientation: -0.0734077 0.0839088 0.0268028 0.993404 Time: 86997764795851
Position: -85.5233 -45.1267 -920.697 Orientation: -0.0732069 0.0833079 0.0271359 0.993461 Time: 86997833923119
Position: -85.5633 -45.2267 -920.67 Orientation: -0.0731057 0.0839732 0.0272021 0.99341 Time: 86997880710327
Position: -85.6433 -45.5467 -920.737 Orientation: -0.0732394 0.0838403 0.0270689 0.993415 Time: 86997950902359
Position: -85.9133 -45.6133 -920.763 Orientation: -0.0733407 0.0831084 0.0271694 0.993467 Time: 86997999466865
