Position: -17.99 163.41 -1002.86 Orientation: -0.057438 0.0569046 0.788897 0.609183 Time: 19017406974810
Position: -17.9967 163.4 -1002.9 Orientation: -0.0578711 0.0576378 0.788994 0.608947 Time: 19017528847557
Position: -17.99 163.427 -1002.83 Orientation: -0.0567703 0.0563036 0.788817 0.609405 Time: 19017625617711
Position: -18 163.4 -1002.94 Orientation: -0.0586042 0.0582041 0.789056 0.608743 Time: 19017747863484
Position: -17.99 163.407 -1002.85 Orientation: -0.057372 0.0567719 0.788906 0.60919 Time: 19017842264666
Position: -17.99 163.44 -1002.87 Orientation: -0.0568374 0.0566041 0.78889 0.609277 Time: 19017966145265
Position: -17.9967 163.42 -1002.86 Orientation: -0.0569714 0.0564714 0.788833 0.609351 Time: 19018084876305
Position: -18 163.427 -1002.86 Orientation: -0.0571728 0.0568061 0.788885 0.609233 Time: 19018178466164
Position: -17.99 163.43 -1002.87 Orientation: -0.0576377 0.0570377 0.788927 0.609113 Time: 19018298584076
Position: -17.99 163.417 -1002.82 Orientation: -0.0562386 0.0559052 0.78874 0.60959 Time: 19018394356531
Position: -17.9933 163.41 -1002.86 Orientation: -0.0569727 0.056806 0.78885 0.609297 Time: 19018513552963
Position: -17.99 163.41 -1002.89 Orientation: -0.0575377 0.0570043 0.78886 0.609213 Time: 19018631511953
Position: -17.99 163.413 -1002.89 Orientation: -0.0578691 0.0570358 0.7889 0.609126 Time: 19018726539177
Position: -17.9833 163.43 -1002.91 Orientation: -0.0585706 0.0577039 0.78902 0.608841 Time: 19018844495840
Position: -17.9667 163.467 -1002.9 Orientation: -0.0576733 0.0570399 0.788957 0.60907 Time: 19018938647017
Position: -17.91 163.453 -1002.98 Orientation: -0.0571713 0.0569713 0.788964 0.609116 Time: 19019064068706
Position: -17.9 163.41 -1002.99 Orientation: -0.0583029 0.0571695 0.788906 0.609064 Time: 19019157947707
Position: -17.9067 163.423 -1003.04 Orientation: -0.0578712 0.0573712 0.788962 0.609014 Time: 19019274258050
Position: -18.01 163.41 -1002.87 Orientation: -0.0579045 0.0570044 0.788961 0.609047 Time: 19019395404177
Position: -18 163.387 -1002.85 Orientation: -0.0567022 0.0564356 0.788798 0.609424 Time: 19019488875670
Position: -18 163.327 -1002.82 Orientation: -0.0576707 0.0565706 0.788755 0.609376 Time: 19019609642613
Position: -18.0033 163.38 -1002.83 Orientation: -0.0572399 0.0568732 0.788924 0.60917 Time: 19019703157484
Position: -17.9767 163.417 -1002.79 Orientation: -0.0559703 0.056137 0.788885 0.609407 Time: 19019820795721
Position: -17.9867 163.37 -1002.81 Orientation: -0.0577381 0.0571714 0.788932 0.609084 Time: 19019917378268
Position: -17.99 163.393 -1002.81 Orientation: -0.0573053 0.0568386 0.788906 0.60919 Time: 19020035913626
Position: -17.9867 163.39 -1002.83 Orientation: -0.0570358 0.0568024 0.7889 0.609226 Time: 19020131017892
Position: -17.9767 163.4 -1002.8 Orientation: -0.0566392 0.0560392 0.788749 0.60953 Time: 19020250906598
Position: -17.9833 163.433 -1002.82 Orientation: -0.057137 0.0564369 0.788884 0.609272 Time: 19020374439623
Position: -17.9867 163.407 -1002.81 Orientation: -0.0576049 0.0567715 0.788867 0.609219 Time: 19020471565561
Position: -17.99 163.4 -1002.82 Orientation: -0.0576715 0.0569715 0.7889 0.609151 Time: 19020595644030
Position: -17.99 163.4 -1002.82 Orientation: -0.0574036 0.0569036 0.788883 0.609205 Time: 19020692979060
Position: -17.9733 163.417 -1002.81 Orientation: -0.0568378 0.0561711 0.788763 0.609482 Time: 19020808591245
Position: -17.9967 163.417 -1002.83 Orientation: -0.0573709 0.0570042 0.788925 0.609145 Time: 19020900517952
Position: -17.9667 163.443 -1002.83 Orientation: -0.0572697 0.0571364 0.789009 0.609033 Time: 19021021929959
Position: -17.99 163.437 -1002.84 Orientation: -0.0576718 0.0566384 0.78887 0.609221 Time: 19021141080413
Position: -17.9733 163.4 -1002.85 Orientation: -0.0579382 0.0571715 0.788866 0.609151 Time: 19021234458991
Position: -18.0133 163.403 -1002.84 Orientation: -0.0580385 0.0570718 0.788837 0.609188 Time: 19021354961286
Position: -17.9967 163.393 -1002.83 Orientation: -0.0584047 0.0572046 0.788831 0.609149 Time: 19021450070752
Position: -17.99 163.453 -1002.85 Orientation: -0.0565042 0.0566375 0.788859 0.609345 Time: 19021573213647
Position: -18 163.447 -1002.82 Orientation: -0.0573724 0.0569057 0.788945 0.609127 Time: 19021668686970
Position: -18.0067 163.417 -1002.85 Orientation: -0.0577696 0.0568363 0.788841 0.609231 Time: 19021789630437
Position: -18.0033 163.433 -1002.82 Orientation: -0.0563369 0.0563703 0.788817 0.609439 Time: 19021883923105
Position: -17.9833 163.413 -1002.84 Orientation: -0.0579693 0.0568359 0.788803 0.609261 Time: 19022002640735
Position: -17.9933 163.43 -1002.84 Orientation: -0.0578041 0.0570707 0.788889 0.609143 Time: 19022119543458
Position: -17.9967 163.42 -1002.83 Orientation: -0.0571358 0.0565358 0.788835 0.609327 Time: 19022237786800
Position: -18 163.417 -1002.83 Orientation: -0.057637 0.0570036 0.788884 0.609172 Time: 19022340784264
Position: -18.0067 163.42 -1002.84 Orientation: -0.0569039 0.0567039 0.788854 0.609308 Time: 19022440110724
Position: -18 163.407 -1002.87 Orientation: -0.0581385 0.0573718 0.788937 0.609021 Time: 19022558063009
Position: -18 163.423 -1002.82 Orientation: -0.0565371 0.0564705 0.78882 0.609408 Time: 19022675861348
Position: -18 163.4 -1002.85 Orientation: -0.0582039 0.0573372 0.78892 0.609041 Time: 19022771139811
Position: -17.9967 163.42 -1002.83 Orientation: -0.0573039 0.0566705 0.788853 0.609274 Time: 19022889318565
Position: -18.0033 163.423 -1002.85 Orientation: -0.0570702 0.0569035 0.788882 0.609238 Time: 19022986546586
Position: -18.0067 163.41 -1002.85 Orientation: -0.0575351 0.0572351 0.78889 0.609152 Time: 19023104058109
Position: -18 163.427 -1002.83 Orientation: -0.057238 0.056838 0.788865 0.60925 Time: 19023198103645
Position: -18.0033 163.407 -1002.85 Orientation: -0.0578047 0.057138 0.788931 0.609083 Time: 19023316503669
Position: -18.0033 163.42 -1002.85 Orientation: -0.0571717 0.056805 0.788869 0.609254 Time: 19023409983098
Position: -18 163.42 -1002.84 Orientation: -0.0572059 0.0568725 0.788881 0.609229 Time: 19023528180736
Position: -18 163.417 -1002.84 Orientation: -0.057405 0.0569383 0.788869 0.60922 Time: 19023625491682
Position: -18.0033 163.433 -1002.82 Orientation: -0.056338 0.0565047 0.788799 0.60945 Time: 19023743760751
Position: -18 163.41 -1002.82 Orientation: -0.0577366 0.0570365 0.788878 0.609168 Time: 19023861927737
Position: -17.9933 163.427 -1002.83 Orientation: -0.0570717 0.0566384 0.788837 0.609321 Time: 19023959845704
Position: -18.0067 163.407 -1002.88 Orientation: -0.0580368 0.0575367 0.788947 0.609003 Time: 19024055211471
Position: -18 163.42 -1002.82 Orientation: -0.0571696 0.0564696 0.788807 0.609365 Time: 19024172858192
Position: -17.99 163.42 -1002.84 Orientation: -0.0570079 0.0564078 0.788809 0.609384 Time: 19024290267221
Position: -17.9967 163.407 -1002.88 Orientation: -0.057839 0.0572723 0.788911 0.609093 Time: 19024383978184
Position: -18.01 163.413 -1002.85 Orientation: -0.0578352 0.0575018 0.788925 0.609053 Time: 19024500762402
Position: -17.9933 163.42 -1002.83 Orientation: -0.0577037 0.0566703 0.788851 0.609239 Time: 19024621113900
Position: -18 163.397 -1002.86 Orientation: -0.0581711 0.0573044 0.788894 0.60908 Time: 19024716018517
Position: -18.0033 163.387 -1002.86 Orientation: -0.058704 0.057504 0.788921 0.608975 Time: 19024834073841
Position: -18.0033 163.413 -1002.85 Orientation: -0.0573383 0.057005 0.788869 0.60922 Time: 19024948866767
Position: -18.0033 163.39 -1002.87 Orientation: -0.0588013 0.0579013 0.788984 0.608847 Time: 19025043161488
Position: -17.9933 163.423 -1002.82 Orientation: -0.0568375 0.0565375 0.788791 0.609411 Time: 19025165544921
Position: -18 163.397 -1002.84 Orientation: -0.0590365 0.0576698 0.788943 0.608899 Time: 19025261378270
Position: -17.9933 163.427 -1002.81 Orientation: -0.0565721 0.0564054 0.788809 0.609425 Time: 19025378473800
Position: -18 163.407 -1002.87 Orientation: -0.0581023 0.0572023 0.788898 0.609091 Time: 19025492449653
Position: -18 163.413 -1002.84 Orientation: -0.0573708 0.0568708 0.788857 0.609244 Time: 19025587442942
Position: -17.99 163.41 -1002.82 Orientation: -0.0570378 0.0565044 0.788828 0.609347 Time: 19025705711053
Position: -17.9933 163.41 -1002.84 Orientation: -0.057638 0.0568046 0.788864 0.609216 Time: 19025799168177
Position: -17.9933 163.42 -1002.81 Orientation: -0.0568368 0.0562701 0.788815 0.609404 Time: 19025916557228
Position: -17.9933 163.413 -1002.81 Orientation: -0.0565714 0.0562713 0.788799 0.60945 Time: 19026034091330
Position: -17.9933 163.427 -1002.83 Orientation: -0.0567718 0.0563051 0.788804 0.609421 Time: 19026130223263
Position: -17.9933 163.4 -1002.86 Orientation: -0.0584705 0.0574371 0.788919 0.609007 Time: 19026247581799
Position: -18 163.407 -1002.83 Orientation: -0.0577398 0.0568731 0.788889 0.609168 Time: 19026340946830
Position: -17.9967 163.4 -1002.84 Orientation: -0.0577362 0.0570362 0.788906 0.609131 Time: 19026459721385
Position: -17.9967 163.407 -1002.85 Orientation: -0.0576708 0.0569374 0.788857 0.60921 Time: 19026554357795
Position: -18 163.397 -1002.83 Orientation: -0.0576382 0.0571048 0.788867 0.609185 Time: 19026673717204
Position: -17.99 163.42 -1002.81 Orientation: -0.0566371 0.0561371 0.788786 0.609474 Time: 19026792212606
Position: -17.99 163.41 -1002.79 Orientation: -0.0563041 0.0561041 0.788757 0.609544 Time: 19026887914999
Position: -17.9967 163.397 -1002.82 Orientation: -0.0585722 0.0573054 0.788908 0.609024 Time: 19026983890798
Position: -18 163.417 -1002.82 Orientation: -0.0575383 0.0568049 0.788869 0.60922 Time: 19027100290360
Position: -17.9933 163.41 -1002.85 Orientation: -0.0575731 0.0568063 0.788855 0.609235 Time: 19027215760642
Position: -17.9933 163.427 -1002.84 Orientation: -0.0573385 0.0567051 0.788838 0.609288 Time: 19027313040525
Position: -17.9933 163.413 -1002.84 Orientation: -0.0578719 0.0570052 0.788905 0.609122 Time: 19027430737877
Position: -17.9967 163.41 -1002.84 Orientation: -0.0580049 0.0571048 0.788866 0.609151 Time: 19027524118234
Position: -18 163.42 -1002.81 Orientation: -0.0568368 0.0565368 0.788848 0.609337 Time: 19027645454157
Position: -17.99 163.427 -1002.83 Orientation: -0.0573365 0.0565031 0.788843 0.6093 Time: 19027764015927
Position: -18.0067 163.417 -1002.83 Orientation: -0.0569395 0.0567729 0.788853 0.6093 Time: 19027859606385
Position: -18 163.413 -1002.86 Orientation: -0.0579021 0.0571021 0.788896 0.609122 Time: 19027977572216
Position: -18.0067 163.4 -1002.87 Orientation: -0.0583701 0.05757 0.788946 0.608969 Time: 19028072988066
Position: -18.0033 163.41 -1002.8 Orientation: -0.0570055 0.0568055 0.788877 0.609259 Time: 19028193681390
