Position: -29.6033 -31.16 -788.957 Orientation: 0.236681 0.010434 0.140909 0.961259 Time: 18808315571379
Position: -29.6033 -31.1633 -788.94 Orientation: 0.236907 0.0100003 0.140771 0.961228 Time: 18808453077125
Position: -29.6067 -31.1567 -788.953 Orientation: 0.236773 0.0105669 0.14097 0.961225 Time: 18808550036666
Position: -29.6167 -31.1467 -788.96 Orientation: 0.236605 0.0111669 0.141236 0.961221 Time: 18808687484801
Position: -29.6067 -31.1533 -788.957 Orientation: 0.236645 0.0105672 0.14104 0.961247 Time: 18808786731074
Position: -29.61 -31.1633 -788.947 Orientation: 0.236885 0.0100674 0.140711 0.961241 Time: 18808911197894
Position: -29.6133 -31.16 -788.957 Orientation: 0.236452 0.0108675 0.141144 0.961276 Time: 18809127172007
Position: -29.6133 -31.15 -788.96 Orientation: 0.236649 0.0109341 0.141109 0.961231 Time: 18809225108996
Position: -29.62 -31.1467 -788.973 Orientation: 0.236816 0.0108007 0.141076 0.961197 Time: 18809004631893
Position: -29.6167 -31.15 -788.957 Orientation: 0.236612 0.0107672 0.141074 0.961248 Time: 18809355803399
Position: -29.6167 -31.1533 -788.96 Orientation: 0.23658 0.010734 0.141075 0.961256 Time: 18809460552687
Position: -29.6133 -31.1667 -788.94 Orientation: 0.236842 0.0102337 0.140805 0.961236 Time: 18809580817292
Position: -29.61 -31.1567 -788.947 Orientation: 0.236619 0.0107009 0.141078 0.961246 Time: 18809675487228
Position: -29.61 -31.1567 -788.953 Orientation: 0.236842 0.010267 0.140805 0.961236 Time: 18809795864999
Position: -29.61 -31.15 -788.96 Orientation: 0.236774 0.0105003 0.140938 0.961231 Time: 18809892088752
Position: -29.61 -31.15 -788.95 Orientation: 0.236617 0.0108341 0.141143 0.961235 Time: 18810018378006
Position: -29.61 -31.1533 -788.96 Orientation: 0.236478 0.0112005 0.141273 0.961246 Time: 18810113217350
Position: -29.5967 -31.1633 -788.95 Orientation: 0.23694 0.0101336 0.140704 0.961228 Time: 18810239969807
Position: -29.61 -31.16 -788.967 Orientation: 0.236807 0.010367 0.140904 0.961229 Time: 18810334457746
Position: -29.6133 -31.1467 -788.987 Orientation: 0.23665 0.0108007 0.14111 0.961233 Time: 18810459000923
Position: -29.6033 -31.1567 -788.95 Orientation: 0.236748 0.0100673 0.140809 0.961261 Time: 18810558435076
Position: -29.61 -31.1533 -788.94 Orientation: 0.236842 0.0103337 0.140805 0.961235 Time: 18810681105873
Position: -29.6167 -31.1467 -788.973 Orientation: 0.236709 0.0105671 0.141005 0.961236 Time: 18810806724338
Position: -29.6133 -31.1433 -788.987 Orientation: 0.236679 0.0111006 0.141141 0.961217 Time: 18810904138735
Position: -29.6033 -31.16 -788.967 Orientation: 0.236851 0.0101674 0.140777 0.961239 Time: 18811028687523
Position: -29.6133 -31.1433 -788.98 Orientation: 0.236578 0.0108338 0.14114 0.961246 Time: 18811152948125
Position: -29.6067 -31.1533 -788.977 Orientation: 0.236646 0.0107339 0.141007 0.96125 Time: 18811246817822
Position: -29.61 -31.1467 -788.98 Orientation: 0.23661 0.0108338 0.141106 0.961243 Time: 18811373131707
Position: -29.6067 -31.1333 -788.97 Orientation: 0.236607 0.010967 0.141204 0.961228 Time: 18811507646270
Position: -29.6033 -31.1433 -788.967 Orientation: 0.236775 0.0103337 0.140938 0.961232 Time: 18811627120214
Position: -29.6033 -31.13 -788.973 Orientation: 0.236578 0.0107339 0.14114 0.961247 Time: 18811723872442
Position: -29.6 -31.15 -788.953 Orientation: 0.236752 0.0103675 0.140911 0.961241 Time: 18811846164603
Position: -29.6033 -31.1567 -788.953 Orientation: 0.236846 0.00986721 0.140708 0.961253 Time: 18811972629012
Position: -29.61 -31.1433 -788.973 Orientation: 0.236712 0.0104672 0.140907 0.961251 Time: 18812070381814
Position: -29.6033 -31.1433 -788.96 Orientation: 0.236778 0.0104005 0.14084 0.961245 Time: 18812167761727
Position: -29.6133 -31.1367 -788.977 Orientation: 0.236557 0.0112011 0.141248 0.961231 Time: 18812292802727
Position: -29.6067 -31.1467 -788.967 Orientation: 0.236651 0.0103008 0.140877 0.961272 Time: 18812386929820
Position: -29.6067 -31.16 -788.98 Orientation: 0.236745 0.0105005 0.140874 0.961247 Time: 18812512774481
Position: -29.6067 -31.16 -788.973 Orientation: 0.236715 0.0102673 0.140842 0.961262 Time: 18812633602456
Position: -29.6067 -31.1567 -788.97 Orientation: 0.236777 0.0104004 0.140873 0.961241 Time: 18812728526503
Position: -29.61 -31.1333 -788.97 Orientation: 0.236644 0.0108005 0.14104 0.961244 Time: 18812845388721
Position: -29.6067 -31.15 -788.96 Orientation: 0.236844 0.0101004 0.140773 0.961242 Time: 18812963205944
Position: -29.61 -31.1533 -788.967 Orientation: 0.236616 0.0105674 0.140976 0.961263 Time: 18813058924621
Position: -29.6 -31.15 -788.967 Orientation: 0.236872 0.0103336 0.140837 0.961223 Time: 18813177600104
Position: -29.6067 -31.1333 -788.97 Orientation: 0.236859 0.0105678 0.140982 0.961203 Time: 18813298445046
Position: -29.6033 -31.14 -788.96 Orientation: 0.23689 0.0102343 0.140781 0.961228 Time: 18813394431793
Position: -29.6133 -31.1533 -788.96 Orientation: 0.236619 0.0108342 0.141078 0.961244 Time: 18813521214081
Position: -29.6 -31.13 -788.96 Orientation: 0.236414 0.0112007 0.141308 0.961257 Time: 18813618682803
Position: -29.6 -31.1333 -788.98 Orientation: 0.236643 0.0107005 0.141073 0.961241 Time: 18813742518928
Position: -29.5967 -31.12 -788.95 Orientation: 0.236579 0.0107339 0.141107 0.961251 Time: 18813838345298
Position: -29.6067 -31.16 -788.943 Orientation: 0.236682 0.0104007 0.140876 0.961263 Time: 18813985122220
Position: -29.6033 -31.1433 -788.967 Orientation: 0.236886 0.0103342 0.140878 0.961213 Time: 18814082432071
Position: -29.61 -31.1533 -788.973 Orientation: 0.236883 0.010534 0.140976 0.961198 Time: 18814202310787
Position: -29.6167 -31.1433 -788.97 Orientation: 0.236517 0.0111675 0.141277 0.961237 Time: 18814323451577
Position: -29.6067 -31.1533 -788.977 Orientation: 0.236613 0.0106006 0.141041 0.961254 Time: 18814421661287
Position: -29.61 -31.15 -788.967 Orientation: 0.236691 0.0106011 0.141048 0.961234 Time: 18814548593004
Position: -29.6 -31.14 -788.96 Orientation: 0.236716 0.0102007 0.14081 0.961267 Time: 18814666567183
Position: -29.6067 -31.1533 -788.963 Orientation: 0.23674 0.010567 0.141004 0.961228 Time: 18814767791065
Position: -29.6033 -31.1467 -788.973 Orientation: 0.236549 0.010634 0.141076 0.961264 Time: 18814895545327
Position: -29.6 -31.1433 -788.957 Orientation: 0.236647 0.0104673 0.140975 0.961257 Time: 18815019545250
Position: -29.62 -31.2 -788.99 Orientation: 0.23681 0.0104005 0.140806 0.961242 Time: 18815116343867
Position: -29.6067 -31.1633 -788.967 Orientation: 0.236781 0.0101339 0.140775 0.961257 Time: 18815236007882
Position: -29.6033 -31.1533 -788.957 Orientation: 0.23678 0.0102006 0.140775 0.961256 Time: 18815359055947
Position: -29.6167 -31.1467 -788.987 Orientation: 0.236647 0.011034 0.141175 0.961221 Time: 18815454908863
Position: -29.6067 -31.1533 -788.97 Orientation: 0.236579 0.0107006 0.141108 0.961251 Time: 18815575041144
Position: -29.6067 -31.15 -788.98 Orientation: 0.236647 0.0104006 0.140975 0.961257 Time: 18815694333638
Position: -29.6167 -31.1467 -788.977 Orientation: 0.236545 0.0111339 0.141173 0.961245 Time: 18815788229060
Position: -29.6 -31.1467 -788.957 Orientation: 0.236682 0.010334 0.140876 0.961264 Time: 18815912342012
Position: -29.6133 -31.1467 -788.983 Orientation: 0.236578 0.0109338 0.14114 0.961245 Time: 18816009026232
Position: -29.6133 -31.14 -788.987 Orientation: 0.236787 0.0107342 0.141012 0.961214 Time: 18816132116853
Position: -29.61 -31.1533 -788.973 Orientation: 0.236653 0.0106009 0.141012 0.961248 Time: 18816227329086
Position: -29.61 -31.1333 -788.98 Orientation: 0.236712 0.0109006 0.141107 0.961217 Time: 18816344979091
Position: -29.61 -31.13 -789 Orientation: 0.236724 0.0111011 0.141214 0.961196 Time: 18816463887612
Position: -29.6167 -31.1467 -788.983 Orientation: 0.236543 0.0112005 0.141206 0.96124 Time: 18816558243911
Position: -29.6067 -31.1533 -788.963 Orientation: 0.236939 0.0100669 0.140737 0.961224 Time: 18816675316315
Position: -29.6133 -31.15 -788.983 Orientation: 0.236644 0.0108005 0.14104 0.961244 Time: 18816768318036
Position: -29.6133 -31.1467 -788.967 Orientation: 0.236413 0.0112673 0.141341 0.961252 Time: 18816891266755
Position: -29.6 -31.1533 -788.967 Orientation: 0.236715 0.0101673 0.140843 0.961263 Time: 18816986361579
Position: -29.61 -31.1567 -788.98 Orientation: 0.236581 0.0107673 0.141042 0.96126 Time: 18817106130412
Position: -29.6133 -31.1533 -788.99 Orientation: 0.236743 0.0110005 0.141106 0.961208 Time: 18817200421302
Position: -29.6067 -31.16 -788.98 Orientation: 0.236713 0.0104339 0.140907 0.961251 Time: 18817320664149
Position: -29.6167 -31.1333 -789.007 Orientation: 0.236454 0.0116343 0.141479 0.961217 Time: 18817439166255
Position: -29.6067 -31.1533 -788.97 Orientation: 0.236709 0.0107004 0.141005 0.961235 Time: 18817532403889
Position: -29.6033 -31.1533 -788.963 Orientation: 0.23678 0.0102339 0.140775 0.961256 Time: 18817650563485
Position: -29.6067 -31.15 -788.98 Orientation: 0.23689 0.0102677 0.14078 0.961228 Time: 18817745669941
Position: -29.6067 -31.1533 -788.96 Orientation: 0.23668 0.0103673 0.140941 0.961255 Time: 18817865063422
Position: -29.62 -31.15 -788.99 Orientation: 0.236826 0.0107012 0.141015 0.961204 Time: 18817964122771
Position: -29.61 -31.1433 -788.987 Orientation: 0.236581 0.010734 0.141042 0.96126 Time: 18818082881727
Position: -29.6133 -31.1367 -788.98 Orientation: 0.236752 0.0109342 0.141078 0.961211 Time: 18818203640870
Position: -29.6033 -31.15 -788.967 Orientation: 0.23688 0.0101673 0.140841 0.961222 Time: 18818297424358
Position: -29.6067 -31.15 -788.963 Orientation: 0.236745 0.0104005 0.140874 0.961248 Time: 18818418088124
Position: -29.61 -31.13 -788.98 Orientation: 0.236606 0.0111003 0.141204 0.961226 Time: 18818512836059
Position: -29.6033 -31.1433 -788.967 Orientation: 0.236642 0.0108004 0.141105 0.961235 Time: 18818635588413
Position: -29.6067 -31.15 -788.97 Orientation: 0.236686 0.0105675 0.140978 0.961246 Time: 18818754389652
Position: -29.6167 -31.1433 -788.987 Orientation: 0.23661 0.0109005 0.141106 0.961242 Time: 18818848136876
Position: -29.6133 -31.14 -788.98 Orientation: 0.236857 0.0107677 0.141014 0.961196 Time: 18818967392150
Position: -29.6033 -31.15 -788.967 Orientation: 0.236713 0.0102672 0.140908 0.961253 Time: 18819063411190
Position: -29.61 -31.1467 -788.983 Orientation: 0.236678 0.0107005 0.140974 0.961247 Time: 18819183515418
Position: -29.6067 -31.15 -788.97 Orientation: 0.236711 0.0105005 0.14094 0.961246 Time: 18819280869469
Position: -29.6067 -31.1567 -788.957 Orientation: 0.236646 0.0106339 0.141007 0.961251 Time: 18819402065406
