Position: -14.8333 49.98 -862.883 Orientation: -0.25868 0.0178676 -0.157408 0.952884 Time: 17499994718390
Position: -14.8267 49.9833 -862.853 Orientation: -0.258988 0.0174015 -0.15738 0.952814 Time: 17500116156807
Position: -14.83 49.98 -862.9 Orientation: -0.258685 0.0181013 -0.157478 0.952867 Time: 17500215808125
Position: -14.83 49.98 -862.87 Orientation: -0.258812 0.0180009 -0.157408 0.952846 Time: 17500335577506
Position: -14.83 49.98 -862.877 Orientation: -0.258848 0.0178677 -0.157309 0.952855 Time: 17500450393557
Position: -14.8333 49.9767 -862.897 Orientation: -0.258585 0.0189013 -0.157344 0.9529 Time: 17500544752046
Position: -14.8233 49.9867 -862.867 Orientation: -0.258818 0.0171345 -0.157377 0.952865 Time: 17500661595791
Position: -14.84 49.98 -862.92 Orientation: -0.258559 0.0190019 -0.157416 0.952894 Time: 17500778006984
Position: -14.8333 49.9833 -862.867 Orientation: -0.258941 0.0177672 -0.157338 0.952827 Time: 17500894546259
Position: -14.83 49.9867 -862.873 Orientation: -0.258756 0.0174015 -0.157347 0.952882 Time: 17501008019774
Position: -14.8367 49.98 -862.857 Orientation: -0.258744 0.0179674 -0.157373 0.952871 Time: 17501101151904
Position: -14.83 49.9733 -862.877 Orientation: -0.258753 0.0182681 -0.157312 0.952873 Time: 17501217383837
Position: -14.8367 49.9833 -862.85 Orientation: -0.258928 0.0176686 -0.157317 0.952836 Time: 17501336367209
Position: -14.8333 49.98 -862.863 Orientation: -0.258691 0.0176017 -0.157382 0.95289 Time: 17501455347572
Position: -14.8367 49.9733 -862.877 Orientation: -0.258578 0.0180008 -0.157407 0.952909 Time: 17501548825769
Position: -14.8333 49.9867 -862.873 Orientation: -0.258942 0.0175006 -0.157338 0.952831 Time: 17501670864914
Position: -14.8267 49.9833 -862.873 Orientation: -0.258961 0.0181686 -0.157417 0.952801 Time: 17501788536676
Position: -14.8267 49.99 -862.88 Orientation: -0.258962 0.0179686 -0.157417 0.952804 Time: 17501880618149
Position: -14.83 49.98 -862.873 Orientation: -0.258708 0.0174339 -0.157338 0.952896 Time: 17502004799932
Position: -14.83 49.98 -862.877 Orientation: -0.258617 0.0181678 -0.15741 0.952895 Time: 17502121244514
Position: -14.83 49.9767 -862.9 Orientation: -0.258507 0.0181005 -0.157404 0.952927 Time: 17502214812068
Position: -14.83 49.9833 -862.873 Orientation: -0.258783 0.0176678 -0.15741 0.95286 Time: 17502336033457
Position: -14.83 49.9833 -862.9 Orientation: -0.258779 0.0185675 -0.157407 0.952844 Time: 17502452001700
Position: -14.82 49.99 -862.87 Orientation: -0.258976 0.0168673 -0.157339 0.952833 Time: 17502546246748
Position: -14.8233 49.98 -862.86 Orientation: -0.258814 0.0176676 -0.157408 0.952851 Time: 17502664858327
Position: -14.83 49.98 -862.9 Orientation: -0.258929 0.0182021 -0.157418 0.952808 Time: 17502781832069
Position: -14.83 49.98 -862.877 Orientation: -0.258553 0.0173346 -0.157345 0.952939 Time: 17502875817942
Position: -14.8233 49.9867 -862.883 Orientation: -0.258623 0.0173349 -0.157348 0.952919 Time: 17502994387238
Position: -14.8333 49.98 -862.913 Orientation: -0.258389 0.0185349 -0.157414 0.952949 Time: 17503112064884
Position: -14.8267 49.98 -862.913 Orientation: -0.258726 0.0183018 -0.157416 0.952862 Time: 17503205806088
Position: -14.82 49.99 -862.88 Orientation: -0.258818 0.0170679 -0.157378 0.952866 Time: 17503322798304
Position: -14.83 49.98 -862.913 Orientation: -0.258354 0.0176681 -0.157412 0.952976 Time: 17503444011209
Position: -14.8367 49.9733 -862.923 Orientation: -0.258388 0.0188015 -0.157413 0.952945 Time: 17503539365070
Position: -14.83 49.98 -862.913 Orientation: -0.258449 0.0181344 -0.15731 0.952958 Time: 17503658368695
Position: -14.8267 49.98 -862.887 Orientation: -0.258659 0.0177685 -0.157382 0.952896 Time: 17503751680222
Position: -14.83 49.98 -862.907 Orientation: -0.258609 0.0180007 -0.157406 0.952901 Time: 17503868705553
Position: -14.8433 49.9867 -862.923 Orientation: -0.25872 0.0184347 -0.157345 0.952873 Time: 17503987398278
Position: -14.84 49.98 -862.94 Orientation: -0.258414 0.018201 -0.157408 0.95295 Time: 17504081920837
Position: -14.8367 49.9833 -862.903 Orientation: -0.258953 0.0182681 -0.157379 0.952807 Time: 17504198822328
Position: -14.8267 49.9833 -862.927 Orientation: -0.258625 0.0185351 -0.157382 0.952891 Time: 17504316102318
Position: -14.83 49.98 -862.923 Orientation: -0.258748 0.0183677 -0.157409 0.952856 Time: 17504408674909
Position: -14.8267 49.9967 -862.883 Orientation: -0.259007 0.0171338 -0.157304 0.952826 Time: 17504526034950
Position: -14.8333 49.9833 -862.92 Orientation: -0.258611 0.0176674 -0.157407 0.952907 Time: 17504644525015
Position: -14.83 49.98 -862.913 Orientation: -0.258779 0.0184342 -0.157408 0.952846 Time: 17504740003127
Position: -14.8367 49.9833 -862.93 Orientation: -0.258753 0.0179347 -0.157345 0.952873 Time: 17504856743421
Position: -14.83 49.99 -862.903 Orientation: -0.25892 0.0176014 -0.157312 0.95284 Time: 17504950017864
Position: -14.83 49.99 -862.94 Orientation: -0.258785 0.0177013 -0.157345 0.952869 Time: 17505116564590
Position: -14.8267 49.9833 -862.93 Orientation: -0.258643 0.0178006 -0.157372 0.952901 Time: 17505244262064
Position: -14.84 49.9833 -862.937 Orientation: -0.258653 0.0182014 -0.157479 0.952873 Time: 17505366458984
Position: -14.83 49.99 -862.963 Orientation: -0.258751 0.0184346 -0.157344 0.952865 Time: 17505460544067
Position: -14.82 49.99 -862.96 Orientation: -0.258513 0.0178009 -0.157308 0.952947 Time: 17505580298805
Position: -14.83 49.99 -862.95 Orientation: -0.258886 0.018168 -0.157312 0.952838 Time: 17505675267463
Position: -14.84 49.9867 -862.95 Orientation: -0.258656 0.0181016 -0.157414 0.952885 Time: 17505798424589
Position: -14.84 49.9733 -862.967 Orientation: -0.258354 0.0188348 -0.157479 0.952942 Time: 17505894734551
Position: -14.83 49.99 -862.94 Orientation: -0.258881 0.0175343 -0.157309 0.952852 Time: 17506012366493
Position: -14.8333 49.9933 -862.93 Orientation: -0.25899 0.0172683 -0.157348 0.952821 Time: 17506107466790
Position: -14.84 49.98 -862.97 Orientation: -0.258621 0.0190015 -0.157413 0.952877 Time: 17506228778631
Position: -14.8467 49.9867 -862.973 Orientation: -0.258856 0.0189016 -0.157414 0.952816 Time: 17506344098116
Position: -14.8267 49.9967 -862.937 Orientation: -0.258945 0.0168341 -0.15734 0.952842 Time: 17506437112699
Position: -14.8467 49.9833 -862.977 Orientation: -0.258693 0.0190352 -0.157382 0.952862 Time: 17506554057979
Position: -14.83 49.99 -862.94 Orientation: -0.259021 0.0177681 -0.157313 0.952809 Time: 17506671379295
Position: -14.83 49.99 -862.93 Orientation: -0.259085 0.0173679 -0.157311 0.952799 Time: 17506767942547
Position: -14.8367 49.99 -862.977 Orientation: -0.25878 0.0182676 -0.157408 0.952849 Time: 17506887158411
Position: -14.8267 49.99 -862.967 Orientation: -0.258876 0.0176673 -0.157406 0.952835 Time: 17506981475711
Position: -14.83 49.99 -862.96 Orientation: -0.258576 0.0173673 -0.157339 0.952933 Time: 17507101042295
Position: -14.84 49.9833 -863.003 Orientation: -0.258591 0.0188018 -0.157415 0.952889 Time: 17507193817546
Position: -14.8433 49.99 -862.983 Orientation: -0.258779 0.0188342 -0.157374 0.952844 Time: 17507311794051
Position: -14.8333 49.9933 -862.98 Orientation: -0.258824 0.0179016 -0.157348 0.952854 Time: 17507408197474
Position: -14.8233 49.99 -862.947 Orientation: -0.258818 0.0171012 -0.157378 0.952866 Time: 17507525056545
Position: -14.8333 49.9867 -863.003 Orientation: -0.258793 0.0187686 -0.157449 0.952829 Time: 17507643574388
Position: -14.83 49.9867 -862.963 Orientation: -0.258818 0.0173679 -0.157344 0.952866 Time: 17507738183704
Position: -14.8267 50 -862.953 Orientation: -0.258891 0.0169016 -0.157348 0.952854 Time: 17507856402963
Position: -14.83 49.9933 -862.943 Orientation: -0.259077 0.017234 -0.157306 0.952805 Time: 17507970670833
Position: -14.83 49.99 -862.98 Orientation: -0.258907 0.0176672 -0.157404 0.952827 Time: 17508062937040
Position: -14.8333 49.99 -862.977 Orientation: -0.25858 0.0176676 -0.157408 0.952915 Time: 17508185990305
Position: -14.83 49.99 -863.003 Orientation: -0.258843 0.018134 -0.157406 0.952835 Time: 17508304117060
Position: -14.83 49.99 -862.993 Orientation: -0.258686 0.0180347 -0.157445 0.952873 Time: 17508403750863
Position: -14.83 50 -862.98 Orientation: -0.258916 0.0176011 -0.15741 0.952825 Time: 17508501761471
Position: -14.82 49.9967 -862.983 Orientation: -0.25886 0.0168017 -0.157349 0.952864 Time: 17508621966139
Position: -14.8233 49.9867 -862.993 Orientation: -0.25838 0.0177343 -0.157308 0.952984 Time: 17508715843909
Position: -14.82 50 -862.967 Orientation: -0.258882 0.0166677 -0.157376 0.952856 Time: 17508835251485
Position: -14.82 49.9967 -862.997 Orientation: -0.25885 0.0174678 -0.15731 0.952862 Time: 17508931662436
Position: -14.83 49.9967 -863.033 Orientation: -0.258681 0.018101 -0.157375 0.952885 Time: 17509049605415
Position: -14.8267 50 -863.007 Orientation: -0.258941 0.0171671 -0.157404 0.952827 Time: 17509167065896
Position: -14.84 49.9933 -863.03 Orientation: -0.258754 0.0189015 -0.157413 0.952843 Time: 17509261057517
Position: -14.8267 49.9933 -863.007 Orientation: -0.258615 0.0176677 -0.157309 0.952922 Time: 17509379682095
Position: -14.81 50 -862.97 Orientation: -0.258824 0.0162015 -0.157315 0.95289 Time: 17509474190287
Position: -14.83 49.99 -863.027 Orientation: -0.258656 0.0183016 -0.157413 0.952882 Time: 17509590646364
Position: -14.8167 50 -863.007 Orientation: -0.258785 0.0168679 -0.157244 0.952901 Time: 17509709678862
Position: -14.8333 49.9933 -863.033 Orientation: -0.258656 0.0185016 -0.15738 0.952883 Time: 17509804169675
Position: -14.8267 50 -863.003 Orientation: -0.258851 0.0173345 -0.157311 0.952864 Time: 17509926527655
Position: -14.8267 49.9933 -863.023 Orientation: -0.258722 0.0182682 -0.157313 0.952881 Time: 17510021381094
Position: -14.83 49.9933 -863.013 Orientation: -0.258577 0.0172674 -0.157307 0.95294 Time: 17510141227242
Position: -14.8233 49.9967 -863.013 Orientation: -0.258726 0.0173351 -0.157316 0.952897 Time: 17510255870875
Position: -14.8233 49.9967 -863.02 Orientation: -0.258591 0.0179017 -0.157315 0.952923 Time: 17510351149885
Position: -14.82 49.9967 -863.027 Orientation: -0.258577 0.0173007 -0.157306 0.952939 Time: 17510468747344
Position: -14.82 49.9933 -863.02 Orientation: -0.258631 0.0176688 -0.157319 0.952916 Time: 17510564312897
Position: -14.83 49.99 -863.023 Orientation: -0.258761 0.0182686 -0.157317 0.952869 Time: 17510680829320
Position: -14.84 49.9867 -863.073 Orientation: -0.258347 0.019101 -0.157408 0.95295 Time: 17510775744199
Position: -14.8233 49.9967 -863.003 Orientation: -0.258744 0.0181008 -0.15734 0.952874 Time: 17510896173970
