Position: 141.357 126.817 -722.583 Orientation: 0.209048 0.0329357 0.954936 0.208115 Time: 19397662731698
Position: 141.35 126.81 -722.58 Orientation: 0.208723 0.0330036 0.955003 0.208122 Time: 19397788288585
Position: 141.35 126.8 -722.573 Orientation: 0.208686 0.0330364 0.954989 0.208219 Time: 19398000173376
Position: 141.353 126.803 -722.55 Orientation: 0.209151 0.0328694 0.954879 0.208284 Time: 19398117057351
Position: 141.35 126.8 -722.583 Orientation: 0.208388 0.0329701 0.955099 0.208022 Time: 19397905531491
Position: 141.353 126.8 -722.57 Orientation: 0.209118 0.0329695 0.954882 0.208285 Time: 19398213397007
Position: 141.35 126.793 -722.583 Orientation: 0.20802 0.0330031 0.955157 0.20812 Time: 19398334248381
Position: 141.36 126.8 -722.597 Orientation: 0.208776 0.0331682 0.954945 0.20831 Time: 19398454724814
Position: 141.36 126.797 -722.597 Orientation: 0.208384 0.0330694 0.955047 0.208251 Time: 19398548144991
Position: 141.353 126.79 -722.577 Orientation: 0.208654 0.03317 0.954962 0.208354 Time: 19398668166157
Position: 141.35 126.79 -722.57 Orientation: 0.208687 0.0329699 0.954961 0.208354 Time: 19398767534491
Position: 141.35 126.79 -722.58 Orientation: 0.208619 0.032903 0.954986 0.208319 Time: 19398887469585
Position: 141.36 126.79 -722.59 Orientation: 0.208711 0.0329351 0.954952 0.208378 Time: 19398982004870
Position: 141.36 126.783 -722.597 Orientation: 0.208343 0.0330682 0.955043 0.208309 Time: 19399100868371
Position: 141.36 126.79 -722.583 Orientation: 0.209051 0.0329694 0.954846 0.208517 Time: 19399198551385
Position: 141.36 126.787 -722.603 Orientation: 0.208252 0.0330697 0.955053 0.208352 Time: 19399320735990
Position: 141.36 126.78 -722.58 Orientation: 0.20855 0.0329693 0.954978 0.208417 Time: 19399414743484
Position: 141.36 126.78 -722.59 Orientation: 0.20801 0.0328016 0.955146 0.20821 Time: 19399537091476
Position: 141.363 126.79 -722.58 Orientation: 0.209042 0.0328347 0.95484 0.208575 Time: 19399629400513
Position: 141.353 126.767 -722.583 Orientation: 0.208175 0.0328347 0.955073 0.208375 Time: 19399745680340
Position: 141.363 126.773 -722.573 Orientation: 0.208578 0.0329018 0.954953 0.208512 Time: 19399864902909
Position: 141.357 126.777 -722.557 Orientation: 0.208851 0.032736 0.954913 0.208451 Time: 19399960453410
Position: 141.36 126.773 -722.58 Orientation: 0.208358 0.0328706 0.955014 0.208458 Time: 19400080530954
Position: 141.36 126.767 -722.58 Orientation: 0.208541 0.0328679 0.95497 0.208475 Time: 19400197679852
Position: 141.367 126.767 -722.61 Orientation: 0.20792 0.0329031 0.955124 0.208386 Time: 19400291852374
Position: 141.363 126.77 -722.577 Orientation: 0.208818 0.0328028 0.954881 0.208618 Time: 19400411818668
Position: 141.36 126.77 -722.567 Orientation: 0.208713 0.0326353 0.954925 0.208546 Time: 19400505913193
Position: 141.363 126.77 -722.577 Orientation: 0.208919 0.032703 0.954855 0.208653 Time: 19400641670809
Position: 141.35 126.76 -722.58 Orientation: 0.207805 0.0329008 0.955123 0.208505 Time: 19400735357687
Position: 141.36 126.77 -722.543 Orientation: 0.209314 0.0324355 0.954764 0.208714 Time: 19400854564656
Position: 141.36 126.76 -722.57 Orientation: 0.208746 0.0326352 0.954889 0.208679 Time: 19400971239266
Position: 141.36 126.77 -722.57 Orientation: 0.209089 0.0327035 0.954802 0.208722 Time: 19401069116866
Position: 141.36 126.76 -722.57 Orientation: 0.208449 0.0327025 0.954973 0.208583 Time: 19401191221693
Position: 141.37 126.76 -722.59 Orientation: 0.208209 0.0327014 0.955041 0.208509 Time: 19401287066673
Position: 141.367 126.767 -722.573 Orientation: 0.208888 0.03257 0.954865 0.208655 Time: 19401408392608
Position: 141.37 126.767 -722.573 Orientation: 0.208978 0.032635 0.954817 0.208778 Time: 19401503004524
Position: 141.37 126.76 -722.59 Orientation: 0.20871 0.0327349 0.954879 0.208743 Time: 19401626173145
Position: 141.367 126.757 -722.58 Orientation: 0.208517 0.032636 0.954945 0.208651 Time: 19401742322974
Position: 141.363 126.753 -722.577 Orientation: 0.208257 0.0326037 0.955009 0.208624 Time: 19401853661923
Position: 141.367 126.753 -722.58 Orientation: 0.208375 0.0326346 0.954971 0.208675 Time: 19401976827670
Position: 141.36 126.757 -722.557 Orientation: 0.208709 0.0324013 0.954906 0.208675 Time: 19402071806454
Position: 141.363 126.753 -722.58 Orientation: 0.208412 0.0326019 0.954956 0.208712 Time: 19402189756822
Position: 141.36 126.75 -722.557 Orientation: 0.208553 0.0325365 0.954926 0.20872 Time: 19402285624655
Position: 141.37 126.75 -722.567 Orientation: 0.208719 0.0324029 0.954887 0.208752 Time: 19402406434840
Position: 141.367 126.757 -722.56 Orientation: 0.209141 0.0324345 0.954767 0.208874 Time: 19402523615895
Position: 141.37 126.75 -722.56 Orientation: 0.208622 0.0324367 0.954899 0.208788 Time: 19402642437249
Position: 141.37 126.743 -722.567 Orientation: 0.208616 0.0324692 0.954908 0.20875 Time: 19402735516695
Position: 141.363 126.75 -722.557 Orientation: 0.208844 0.0324016 0.954847 0.20881 Time: 19402856716189
Position: 141.363 126.74 -722.57 Orientation: 0.208275 0.0326013 0.954972 0.208775 Time: 19402949314780
Position: 141.367 126.74 -722.57 Orientation: 0.208222 0.0324035 0.955002 0.208722 Time: 19403054824351
Position: 141.37 126.743 -722.55 Orientation: 0.208945 0.0323351 0.95482 0.208845 Time: 19403175671346
Position: 141.367 126.74 -722.557 Orientation: 0.208684 0.032436 0.954879 0.208817 Time: 19403294069181
Position: 141.363 126.74 -722.557 Orientation: 0.208416 0.0324025 0.954939 0.208816 Time: 19403412848115
Position: 141.37 126.74 -722.583 Orientation: 0.208408 0.0326012 0.954936 0.208808 Time: 19403506125431
Position: 141.363 126.733 -722.547 Orientation: 0.208675 0.0323013 0.954873 0.208875 Time: 19403629538995
Position: 141.37 126.733 -722.557 Orientation: 0.208315 0.0324023 0.954969 0.208782 Time: 19403722710398
Position: 141.37 126.73 -722.57 Orientation: 0.208318 0.0324695 0.95495 0.208852 Time: 19403838430413
Position: 141.37 126.73 -722.557 Orientation: 0.208487 0.0322365 0.954928 0.208821 Time: 19403958386170
Position: 141.37 126.733 -722.553 Orientation: 0.208612 0.0322352 0.954888 0.208879 Time: 19404074088669
Position: 141.37 126.73 -722.557 Orientation: 0.208546 0.032302 0.954893 0.208913 Time: 19404190637113
Position: 141.37 126.73 -722.553 Orientation: 0.208919 0.0323696 0.954786 0.209019 Time: 19404283777727
Position: 141.37 126.73 -722.553 Orientation: 0.208412 0.0323019 0.954922 0.208912 Time: 19404402865645
Position: 141.37 126.73 -722.547 Orientation: 0.208882 0.0322691 0.954805 0.208982 Time: 19404496970843
Position: 141.37 126.727 -722.547 Orientation: 0.208686 0.0322363 0.954856 0.208953 Time: 19404623479862
Position: 141.363 126.723 -722.557 Orientation: 0.208214 0.0323355 0.954964 0.208914 Time: 19404743933032
Position: 141.37 126.727 -722.547 Orientation: 0.208812 0.0322019 0.954824 0.208979 Time: 19404838825470
Position: 141.367 126.72 -722.55 Orientation: 0.208419 0.0322363 0.954921 0.208919 Time: 19404960389369
Position: 141.37 126.72 -722.55 Orientation: 0.208411 0.0322018 0.954919 0.208945 Time: 19405059913289
Position: 141.37 126.72 -722.55 Orientation: 0.208441 0.0322679 0.954903 0.208975 Time: 19405157519672
Position: 141.37 126.72 -722.537 Orientation: 0.208715 0.032269 0.954835 0.209015 Time: 19405282210089
Position: 141.37 126.727 -722.543 Orientation: 0.209246 0.032202 0.954692 0.209146 Time: 19405377750327
Position: 141.37 126.72 -722.563 Orientation: 0.208305 0.0323009 0.954925 0.209006 Time: 19405495692348
Position: 141.363 126.72 -722.507 Orientation: 0.209123 0.0320368 0.954737 0.209089 Time: 19405623281718
Position: 141.363 126.72 -722.547 Orientation: 0.20848 0.0322021 0.954896 0.20898 Time: 19405718540476
Position: 141.367 126.71 -722.547 Orientation: 0.208251 0.0321693 0.954946 0.208984 Time: 19405838261689
Position: 141.37 126.72 -722.543 Orientation: 0.208782 0.032169 0.954802 0.209115 Time: 19405936762732
Position: 141.37 126.72 -722.527 Orientation: 0.208978 0.0321684 0.954752 0.209145 Time: 19406053006570
Position: 141.37 126.713 -722.537 Orientation: 0.208709 0.0322348 0.954809 0.209143 Time: 19406153345645
Position: 141.37 126.713 -722.537 Orientation: 0.208709 0.0322348 0.954809 0.209143 Time: 19406310441799
Position: 141.373 126.713 -722.537 Orientation: 0.208817 0.0322359 0.954777 0.209183 Time: 19406404451346
Position: 141.37 126.71 -722.54 Orientation: 0.208719 0.032303 0.954788 0.209219 Time: 19406528791726
Position: 141.37 126.71 -722.537 Orientation: 0.208683 0.0321692 0.954808 0.209183 Time: 19406627534428
Position: 141.37 126.71 -722.533 Orientation: 0.208779 0.0320686 0.954791 0.209179 Time: 19406745263116
Position: 141.37 126.71 -722.537 Orientation: 0.208911 0.0322017 0.954751 0.209211 Time: 19406840284320
Position: 141.37 126.71 -722.54 Orientation: 0.20841 0.0321681 0.954877 0.209143 Time: 19406961260355
Position: 141.38 126.71 -722.52 Orientation: 0.209618 0.0320027 0.95458 0.209317 Time: 19407077450825
Position: 141.37 126.7 -722.553 Orientation: 0.207746 0.0320687 0.95506 0.20898 Time: 19407172024016
Position: 141.37 126.71 -722.527 Orientation: 0.208656 0.0319034 0.954836 0.209123 Time: 19407295060586
Position: 141.37 126.71 -722.54 Orientation: 0.208346 0.0320687 0.954893 0.209146 Time: 19407398565178
Position: 141.373 126.71 -722.537 Orientation: 0.208582 0.031969 0.954837 0.209182 Time: 19407516198078
Position: 141.363 126.703 -722.533 Orientation: 0.208342 0.031968 0.954906 0.209109 Time: 19407609720886
Position: 141.37 126.7 -722.52 Orientation: 0.208746 0.0320686 0.954791 0.209213 Time: 19407731917396
Position: 141.37 126.7 -722.55 Orientation: 0.207707 0.032401 0.95503 0.209107 Time: 19407829115175
Position: 141.37 126.703 -722.533 Orientation: 0.208283 0.0320025 0.954909 0.20915 Time: 19407953663689
Position: 141.37 126.7 -722.537 Orientation: 0.208221 0.0320365 0.954927 0.209121 Time: 19408067637901
Position: 141.367 126.707 -722.523 Orientation: 0.208812 0.0319019 0.95479 0.209179 Time: 19408191152042
Position: 141.377 126.7 -722.54 Orientation: 0.208812 0.0320685 0.954755 0.209312 Time: 19408284791026
Position: 141.37 126.7 -722.527 Orientation: 0.20855 0.031936 0.954845 0.209184 Time: 19408407867554
Position: 141.37 126.7 -722.53 Orientation: 0.208616 0.0320358 0.954806 0.209283 Time: 19408535129465
Position: 141.37 126.69 -722.547 Orientation: 0.20802 0.0321365 0.95496 0.209154 Time: 19408652421771
