Position: -26.7033 -5.16 -983.51 Orientation: -0.500743 -0.264989 0.824037 -3.33362e-005 Time: 18913539147632
Position: -26.69 -5.16 -983.527 Orientation: -0.501142 -0.264756 0.823869 -0.000133345 Time: 18913761950466
Position: -26.69 -5.16 -983.54 Orientation: -0.50112 -0.264911 0.823833 0 Time: 18913859006889
Position: -26.69 -5.16 -983.507 Orientation: -0.501105 -0.265154 0.823764 3.33359e-005 Time: 18913637682473
Position: -26.6933 -5.15 -983.507 Orientation: -0.500954 -0.265262 0.823821 0.000100011 Time: 18913976935500
Position: -26.6967 -5.16 -983.517 Orientation: -0.501019 -0.264728 0.823953 -0.000166684 Time: 18914188550852
Position: -26.69 -5.16 -983.513 Orientation: -0.501133 -0.264818 0.823855 -3.33356e-005 Time: 18914307078959
Position: -26.6933 -5.16 -983.55 Orientation: -0.501186 -0.264828 0.82382 -0.000133347 Time: 18914094821143
Position: -26.6967 -5.16 -983.533 Orientation: -0.500943 -0.264923 0.823937 -6.66724e-005 Time: 18914422444011
Position: -26.6933 -5.16 -983.53 Orientation: -0.501011 -0.26489 0.823906 -6.66726e-005 Time: 18914515822179
Position: -26.69 -5.16 -983.547 Orientation: -0.501324 -0.264713 0.823773 -0.00020001 Time: 18914636728563
Position: -26.6967 -5.16 -983.52 Orientation: -0.501079 -0.264757 0.823908 -0.000133345 Time: 18914734879432
Position: -26.69 -5.16333 -983.493 Orientation: -0.501237 -0.265019 0.823727 3.33358e-005 Time: 18914852531763
Position: -26.69 -5.16 -983.517 Orientation: -0.501187 -0.265028 0.823755 0 Time: 18914969991560
Position: -26.6967 -5.16 -983.48 Orientation: -0.500923 -0.264996 0.823926 -3.33371e-005 Time: 18915065018648
Position: -26.69 -5.16 -983.517 Orientation: -0.501271 -0.264953 0.823728 -3.33358e-005 Time: 18915183546207
Position: -26.69 -5.16 -983.517 Orientation: -0.501169 -0.265052 0.823758 6.66714e-005 Time: 18915277617743
Position: -26.7033 -5.16 -983.54 Orientation: -0.500904 -0.26492 0.823962 -3.33358e-005 Time: 18915402260539
Position: -26.6933 -5.16 -983.527 Orientation: -0.501262 -0.265015 0.823713 -6.66704e-005 Time: 18915495743253
Position: -26.69 -5.16 -983.537 Orientation: -0.50108 -0.264958 0.823843 0 Time: 18915614634395
Position: -26.6933 -5.16667 -983.543 Orientation: -0.501134 -0.265018 0.82379 3.33356e-005 Time: 18915734724803
Position: -26.7067 -5.16 -983.5 Orientation: -0.500743 -0.264989 0.824037 -3.33362e-005 Time: 18915830091938
Position: -26.6967 -5.16 -983.52 Orientation: -0.500898 -0.265001 0.823939 0 Time: 18915945538410
Position: -26.69 -5.16 -983.517 Orientation: -0.501308 -0.264755 0.823768 -0.000133344 Time: 18916039052049
Position: -26.7 -5.16 -983.523 Orientation: -0.500977 -0.264956 0.823905 -3.33362e-005 Time: 18916161431514
Position: -26.7 -5.16 -983.54 Orientation: -0.501133 -0.264818 0.823855 0 Time: 18916255491555
Position: -26.6967 -5.15333 -983.537 Orientation: -0.501099 -0.264784 0.823887 -0.000100006 Time: 18916370755620
Position: -26.7067 -5.15333 -983.527 Orientation: -0.500693 -0.264998 0.824065 0 Time: 18916489461481
Position: -26.7 -5.16 -983.52 Orientation: -0.500954 -0.265011 0.823901 0 Time: 18916583151917
Position: -26.7033 -5.17667 -983.507 Orientation: -0.501035 -0.264785 0.823925 -0.000133343 Time: 18916701205736
Position: -26.7 -5.16 -983.557 Orientation: -0.501181 -0.264859 0.823812 -6.66731e-005 Time: 18916818930045
Position: -26.6833 -5.15333 -983.517 Orientation: -0.501418 -0.264776 0.823695 -0.000133338 Time: 18916913308102
Position: -26.7 -5.16667 -983.55 Orientation: -0.500874 -0.264855 0.824001 -0.000133344 Time: 18917032447335
Position: -26.6933 -5.17 -983.543 Orientation: -0.501039 -0.264654 0.823965 -0.000233352 Time: 18917127515749
Position: -26.7 -5.15667 -983.56 Orientation: -0.500954 -0.264811 0.823967 -0.000133339 Time: 18917250971870
Position: -26.6933 -5.16333 -983.52 Orientation: -0.501059 -0.264931 0.823864 -3.33373e-005 Time: 18917342998607
Position: -26.69 -5.16333 -983.547 Orientation: -0.501143 -0.264956 0.823804 -3.33362e-005 Time: 18917460331691
Position: -26.7033 -5.16333 -983.56 Orientation: -0.5007 -0.265017 0.824054 -3.33355e-005 Time: 18917556926827
Position: -26.71 -5.16333 -983.533 Orientation: -0.50079 -0.26493 0.824027 -3.33371e-005 Time: 18917676760933
Position: -26.7 -5.17 -983.537 Orientation: -0.50085 -0.26496 0.823982 3.33366e-005 Time: 18917796933855
Position: -26.6933 -5.16 -983.533 Orientation: -0.501215 -0.264692 0.823846 -0.000166683 Time: 18917891088726
Position: -26.7 -5.17 -983.517 Orientation: -0.501202 -0.264885 0.823791 -6.66714e-005 Time: 18918011887554
Position: -26.6967 -5.16 -983.513 Orientation: -0.501031 -0.264917 0.823885 0 Time: 18918107965709
Position: -26.7033 -5.15333 -983.523 Orientation: -0.50105 -0.264993 0.823849 -3.33367e-005 Time: 18918226812515
Position: -26.69 -5.17333 -983.533 Orientation: -0.501278 -0.264691 0.823808 0 Time: 18918321946065
Position: -26.6967 -5.15667 -983.513 Orientation: -0.501134 -0.265018 0.82379 0 Time: 18918446822858
Position: -26.7 -5.14667 -983.527 Orientation: -0.500959 -0.26508 0.823876 6.66701e-005 Time: 18918540973213
Position: -26.7067 -5.16333 -983.53 Orientation: -0.500938 -0.264954 0.82393 6.66718e-005 Time: 18918659139241
Position: -26.7 -5.16 -983.537 Orientation: -0.500909 -0.265089 0.823904 3.33362e-005 Time: 18918777398320
Position: -26.7 -5.16333 -983.52 Orientation: -0.500995 -0.264933 0.823902 0 Time: 18918872209475
Position: -26.7067 -5.16 -983.557 Orientation: -0.500924 -0.264846 0.823973 -0.000100005 Time: 18918991148785
Position: -26.7067 -5.16 -983.533 Orientation: -0.500748 -0.265059 0.824012 -3.33365e-005 Time: 18919084178011
Position: -26.7 -5.16 -983.53 Orientation: -0.50093 -0.265216 0.82385 0 Time: 18919202581319
Position: -26.69 -5.15 -983.527 Orientation: -0.501395 -0.264799 0.823702 -3.33374e-005 Time: 18919297079932
Position: -26.6933 -5.16333 -983.543 Orientation: -0.501225 -0.264931 0.823763 0.000100012 Time: 18919416664442
Position: -26.7033 -5.17333 -983.553 Orientation: -0.500978 -0.265057 0.823873 6.66726e-005 Time: 18919535724719
Position: -26.71 -5.16333 -983.537 Orientation: -0.500877 -0.265005 0.82395 0.000100002 Time: 18919633069601
Position: -26.71 -5.17667 -983.55 Orientation: -0.500854 -0.264929 0.823989 -3.33369e-005 Time: 18919726224720
Position: -26.7033 -5.17333 -983.537 Orientation: -0.500695 -0.265048 0.824047 3.33352e-005 Time: 18919845200840
Position: -26.6967 -5.16333 -983.54 Orientation: -0.500994 -0.265114 0.823844 3.33351e-005 Time: 18919964890991
Position: -26.7 -5.15667 -983.543 Orientation: -0.500871 -0.265086 0.823928 3.33358e-005 Time: 18920061148132
Position: -26.6933 -5.16333 -983.537 Orientation: -0.501084 -0.264927 0.82385 0 Time: 18920179632997
Position: -26.6933 -5.15333 -983.54 Orientation: -0.501074 -0.264788 0.8239 -0.000100008 Time: 18920273407453
Position: -26.69 -5.18 -983.543 Orientation: -0.501095 -0.264815 0.823879 -3.33352e-005 Time: 18920391169120
Position: -26.7033 -5.17 -983.55 Orientation: -0.500768 -0.264985 0.824023 3.33356e-005 Time: 18920509336242
Position: -26.6933 -5.16 -983.543 Orientation: -0.501138 -0.264887 0.82383 -0.000100008 Time: 18920605017836
Position: -26.6933 -5.16667 -983.533 Orientation: -0.501036 -0.264886 0.823892 0 Time: 18920722982709
Position: -26.7 -5.16 -983.56 Orientation: -0.500895 -0.264882 0.82398 -0.000133341 Time: 18920839665804
Position: -26.7 -5.16 -983.55 Orientation: -0.500938 -0.264853 0.823962 -0.000100008 Time: 18920935207273
Position: -26.6967 -5.16333 -983.537 Orientation: -0.500875 -0.265055 0.823935 0 Time: 18921031200450
Position: -26.6933 -5.16 -983.57 Orientation: -0.501328 -0.264682 0.82378 -6.66704e-005 Time: 18921142939246
Position: -26.7 -5.16 -983.563 Orientation: -0.500879 -0.264824 0.824008 -3.33363e-005 Time: 18921274183198
Position: -26.7 -5.16667 -983.553 Orientation: -0.50092 -0.264977 0.823933 0 Time: 18921368667169
Position: -26.7 -5.16667 -983.557 Orientation: -0.501104 -0.264753 0.823894 -0.000100007 Time: 18921486625200
Position: -26.7 -5.16 -983.557 Orientation: -0.500917 -0.264727 0.824016 -0.00020002 Time: 18921582464707
Position: -26.69 -5.16 -983.563 Orientation: -0.501122 -0.264729 0.82389 -0.000133348 Time: 18921703434174
Position: -26.69 -5.16 -983.55 Orientation: -0.501135 -0.265118 0.823757 0 Time: 18921800185445
Position: -26.69 -5.15333 -983.53 Orientation: -0.501237 -0.26512 0.823695 0 Time: 18921920915442
Position: -26.6933 -5.16333 -983.53 Orientation: -0.500972 -0.264887 0.823931 -0.000100008 Time: 18922039524967
Position: -26.69 -5.16333 -983.573 Orientation: -0.501279 -0.264891 0.823742 0 Time: 18922134028233
Position: -26.7 -5.17 -983.56 Orientation: -0.50071 -0.264805 0.824116 0 Time: 18922250344049
Position: -26.6933 -5.16 -983.553 Orientation: -0.501122 -0.264829 0.823858 -6.66741e-005 Time: 18922345222529
Position: -26.7 -5.15667 -983.54 Orientation: -0.500959 -0.26498 0.823909 0 Time: 18922460576497
Position: -26.7 -5.16 -983.527 Orientation: -0.501148 -0.265025 0.823779 0 Time: 18922578003043
Position: -26.7 -5.15333 -983.58 Orientation: -0.500975 -0.264555 0.824035 -0.000266689 Time: 18922676323730
Position: -26.7067 -5.17 -983.53 Orientation: -0.500943 -0.264923 0.823937 0 Time: 18922796128689
Position: -26.7067 -5.16 -983.543 Orientation: -0.500694 -0.264848 0.824112 -0.000100006 Time: 18922889850599
Position: -26.6867 -5.15333 -983.513 Orientation: -0.501227 -0.264981 0.823745 0 Time: 18923009227386
Position: -26.7 -5.16667 -983.557 Orientation: -0.50107 -0.264919 0.823861 0 Time: 18923103687546
Position: -26.6967 -5.15667 -983.55 Orientation: -0.501055 -0.264962 0.823856 -3.3337e-005 Time: 18923222809264
Position: -26.7 -5.16333 -983.543 Orientation: -0.501027 -0.264948 0.823878 -3.33351e-005 Time: 18923319756627
Position: -26.6933 -5.16667 -983.533 Orientation: -0.501163 -0.264782 0.823848 -0.000133341 Time: 18923437680996
Position: -26.69 -5.16 -983.533 Orientation: -0.500967 -0.264818 0.823956 -0.000100007 Time: 18923555333601
Position: -26.6933 -5.16 -983.55 Orientation: -0.501173 -0.264921 0.823798 0 Time: 18923651202664
Position: -26.6933 -5.16 -983.547 Orientation: -0.500929 -0.264915 0.823948 -0.000100006 Time: 18923773699948
Position: -26.7 -5.16667 -983.567 Orientation: -0.501147 -0.264725 0.823877 -0.000133346 Time: 18923866255982
Position: -26.6967 -5.16333 -983.577 Orientation: -0.5009 -0.265051 0.823922 0 Time: 18923982562219
Position: -26.69 -5.16333 -983.55 Orientation: -0.501066 -0.26495 0.823853 -3.33355e-005 Time: 18924100980443
Position: -26.7033 -5.15667 -983.543 Orientation: -0.50087 -0.264886 0.823993 -0.000100007 Time: 18924196045436
Position: -26.7 -5.16 -983.543 Orientation: -0.500918 -0.264927 0.823951 0 Time: 18924313955437
