Position: -78.3533 41.7233 -862.763 Orientation: 0.0143012 -0.446637 0.252354 0.858271 Time: 18304824861781
Position: -78.35 41.73 -862.783 Orientation: 0.0140676 -0.446098 0.252451 0.858526 Time: 18304946310187
Position: -78.3567 41.74 -862.807 Orientation: 0.0138675 -0.446025 0.252514 0.858549 Time: 18305043522471
Position: -78.3567 41.7333 -862.76 Orientation: 0.0140342 -0.446226 0.252482 0.858451 Time: 18305161065330
Position: -78.3667 41.72 -862.747 Orientation: 0.0145345 -0.44707 0.252254 0.858071 Time: 18305256050819
Position: -78.35 41.7267 -862.783 Orientation: 0.0142005 -0.446149 0.252342 0.85853 Time: 18305374854658
Position: -78.35 41.73 -862.793 Orientation: 0.0142678 -0.446036 0.252287 0.858603 Time: 18305469480395
Position: -78.34 41.7267 -862.783 Orientation: 0.014268 -0.445909 0.252357 0.858648 Time: 18305586503399
Position: -78.3533 41.7267 -862.773 Orientation: 0.0141678 -0.446502 0.252386 0.858334 Time: 18305703755200
Position: -78.3467 41.7233 -862.777 Orientation: 0.014401 -0.446332 0.252351 0.858428 Time: 18305822070247
Position: -78.3533 41.72 -862.76 Orientation: 0.0143012 -0.446671 0.252288 0.858272 Time: 18305916008090
Position: -78.3533 41.73 -862.797 Orientation: 0.0141681 -0.446144 0.252392 0.858518 Time: 18306035129671
Position: -78.35 41.7333 -862.793 Orientation: 0.013868 -0.445743 0.252558 0.858683 Time: 18306130018961
Position: -78.3633 41.7333 -862.78 Orientation: 0.0140676 -0.446362 0.25245 0.858389 Time: 18306247196047
Position: -78.35 41.7333 -862.793 Orientation: 0.0138679 -0.445906 0.252522 0.858608 Time: 18306341043165
Position: -78.35 41.73 -862.79 Orientation: 0.0138015 -0.445747 0.252527 0.858691 Time: 18306464532812
Position: -78.35 41.7267 -862.79 Orientation: 0.0141674 -0.446423 0.252379 0.858377 Time: 18306582503843
Position: -78.3433 41.73 -862.78 Orientation: 0.0141674 -0.445924 0.252347 0.858646 Time: 18306679522773
Position: -78.3467 41.7267 -862.777 Orientation: 0.0140685 -0.446157 0.252399 0.858511 Time: 18306794869215
Position: -78.3567 41.7233 -862.777 Orientation: 0.0145014 -0.446809 0.252224 0.858216 Time: 18306888811573
Position: -78.3667 41.7333 -862.76 Orientation: 0.0143012 -0.447069 0.252387 0.858036 Time: 18307004946624
Position: -78.36 41.7233 -862.76 Orientation: 0.0145345 -0.446902 0.25222 0.858168 Time: 18307096375507
Position: -78.3567 41.7333 -862.78 Orientation: 0.0141674 -0.446224 0.25238 0.85848 Time: 18307215543477
Position: -78.36 41.7233 -862.76 Orientation: 0.0146016 -0.446816 0.252161 0.858229 Time: 18307335595296
Position: -78.35 41.73 -862.777 Orientation: 0.0141675 -0.44626 0.252415 0.858451 Time: 18307428892591
Position: -78.3467 41.73 -862.78 Orientation: 0.0142008 -0.44606 0.252315 0.858584 Time: 18307547175891
Position: -78.35 41.7367 -862.77 Orientation: 0.0140678 -0.446336 0.252453 0.858402 Time: 18307642316146
Position: -78.35 41.7267 -862.767 Orientation: 0.0143345 -0.446302 0.252387 0.858435 Time: 18307760397333
Position: -78.36 41.73 -862.773 Orientation: 0.0143342 -0.44676 0.252315 0.858218 Time: 18307855086974
Position: -78.3433 41.72 -862.79 Orientation: 0.0142678 -0.445936 0.252354 0.858636 Time: 18307972380921
Position: -78.35 41.73 -862.803 Orientation: 0.0141344 -0.445999 0.252385 0.858596 Time: 18308089665427
Position: -78.3533 41.7167 -862.76 Orientation: 0.0145342 -0.446727 0.252248 0.858251 Time: 18308184863565
Position: -78.36 41.7367 -862.803 Orientation: 0.0139676 -0.446196 0.252517 0.858457 Time: 18308302760292
Position: -78.35 41.72 -862.747 Orientation: 0.0145343 -0.446462 0.25225 0.858388 Time: 18308420292204
Position: -78.3567 41.72 -862.757 Orientation: 0.0145678 -0.4468 0.252185 0.858231 Time: 18308512989730
Position: -78.3567 41.7267 -862.77 Orientation: 0.0141676 -0.446462 0.252383 0.858355 Time: 18308609675591
Position: -78.36 41.7267 -862.793 Orientation: 0.0142348 -0.446446 0.252293 0.858389 Time: 18308727828072
Position: -78.3533 41.72 -862.77 Orientation: 0.0143342 -0.446694 0.252315 0.858252 Time: 18308844494609
Position: -78.3467 41.72 -862.767 Orientation: 0.0143676 -0.445996 0.252283 0.858623 Time: 18308937325280
Position: -78.36 41.72 -862.77 Orientation: 0.0143008 -0.446324 0.252313 0.858445 Time: 18309060576962
Position: -78.37 41.7133 -862.733 Orientation: 0.0147679 -0.447604 0.252087 0.857837 Time: 18309153633420
Position: -78.3567 41.7267 -862.78 Orientation: 0.0141679 -0.446339 0.252422 0.858408 Time: 18309272782642
Position: -78.3467 41.72 -862.767 Orientation: 0.0143347 -0.446243 0.252325 0.858483 Time: 18309389769248
Position: -78.3533 41.7233 -862.79 Orientation: 0.0142009 -0.446161 0.252349 0.858521 Time: 18309483341180
Position: -78.3533 41.7333 -862.787 Orientation: 0.0140349 -0.446282 0.252461 0.858428 Time: 18309601424968
Position: -78.36 41.72 -862.75 Orientation: 0.0145343 -0.446964 0.252251 0.858126 Time: 18309694927659
Position: -78.35 41.7267 -862.797 Orientation: 0.0142011 -0.446069 0.252353 0.858568 Time: 18309812160713
Position: -78.3667 41.7233 -862.757 Orientation: 0.014634 -0.447153 0.252211 0.858038 Time: 18309930839754
Position: -78.35 41.73 -862.763 Orientation: 0.0141013 -0.446273 0.252422 0.858443 Time: 18310047671867
Position: -78.3533 41.7233 -862.78 Orientation: 0.0143679 -0.446406 0.252289 0.858409 Time: 18310144120721
Position: -78.3733 41.7167 -862.743 Orientation: 0.0148684 -0.447686 0.252063 0.8578 Time: 18310237802947
Position: -78.34 41.73 -862.79 Orientation: 0.0140014 -0.445944 0.252525 0.858585 Time: 18310359860017
Position: -78.3533 41.72 -862.76 Orientation: 0.0143007 -0.446522 0.252313 0.858343 Time: 18310453849585
Position: -78.3533 41.7233 -862.79 Orientation: 0.0144677 -0.446466 0.252219 0.858396 Time: 18310569495570
Position: -78.35 41.73 -862.8 Orientation: 0.0139677 -0.445565 0.252485 0.858795 Time: 18310688229758
Position: -78.3633 41.7267 -862.757 Orientation: 0.0142677 -0.446734 0.252319 0.858231 Time: 18310785052322
Position: -78.3667 41.73 -862.763 Orientation: 0.0142682 -0.446614 0.252327 0.858291 Time: 18310906254416
Position: -78.36 41.7233 -862.763 Orientation: 0.0143347 -0.446644 0.252292 0.858285 Time: 18311000955552
Position: -78.3567 41.7267 -862.763 Orientation: 0.0142009 -0.446562 0.252316 0.858322 Time: 18311121262577
Position: -78.3567 41.7233 -862.767 Orientation: 0.0144011 -0.446533 0.252218 0.858363 Time: 18311238897667
Position: -78.3467 41.7333 -862.797 Orientation: 0.013901 -0.445764 0.252484 0.858693 Time: 18311332810878
Position: -78.35 41.72 -862.777 Orientation: 0.0145344 -0.446466 0.252218 0.858396 Time: 18311452284000
Position: -78.35 41.7233 -862.783 Orientation: 0.0142682 -0.446314 0.252293 0.858457 Time: 18311568721467
Position: -78.3567 41.73 -862.787 Orientation: 0.0140344 -0.446035 0.25242 0.858568 Time: 18311661497539
Position: -78.36 41.7233 -862.763 Orientation: 0.014301 -0.446465 0.252351 0.858361 Time: 18311778399988
Position: -78.3567 41.7267 -862.753 Orientation: 0.0144343 -0.446697 0.252284 0.858258 Time: 18311870476261
Position: -78.3467 41.7333 -862.79 Orientation: 0.0140014 -0.445877 0.252425 0.85865 Time: 18311988279390
Position: -78.36 41.73 -862.777 Orientation: 0.0143008 -0.446492 0.252347 0.858348 Time: 18312083333709
Position: -78.3467 41.73 -862.78 Orientation: 0.0142679 -0.446204 0.252321 0.858506 Time: 18312200286241
Position: -78.35 41.73 -862.773 Orientation: 0.0141018 -0.445889 0.252431 0.85864 Time: 18312296142852
Position: -78.3467 41.7233 -862.81 Orientation: 0.0142679 -0.445838 0.252288 0.858706 Time: 18312413809415
Position: -78.35 41.7367 -862.787 Orientation: 0.0140014 -0.44601 0.252525 0.858551 Time: 18312532579591
Position: -78.35 41.7233 -862.767 Orientation: 0.014434 -0.446321 0.252212 0.858474 Time: 18312625961043
Position: -78.3533 41.7267 -862.783 Orientation: 0.014268 -0.446142 0.25229 0.858547 Time: 18312741936538
Position: -78.3733 41.73 -862.777 Orientation: 0.0144007 -0.446856 0.252279 0.858177 Time: 18312859675215
Position: -78.36 41.73 -862.777 Orientation: 0.0139011 -0.446236 0.252521 0.858437 Time: 18312958766721
Position: -78.36 41.72 -862.747 Orientation: 0.0145678 -0.446968 0.25222 0.858133 Time: 18313076758826
Position: -78.3533 41.7367 -862.793 Orientation: 0.0139014 -0.446077 0.252525 0.858518 Time: 18313173836460
Position: -78.35 41.7267 -862.77 Orientation: 0.0141677 -0.446131 0.252384 0.858527 Time: 18313290346315
Position: -78.37 41.72 -862.763 Orientation: 0.0143677 -0.446865 0.252318 0.858161 Time: 18313384140886
Position: -78.37 41.72 -862.8 Orientation: 0.0148006 -0.447217 0.252109 0.858032 Time: 18313506409785
Position: -78.3467 41.73 -862.767 Orientation: 0.014368 -0.446274 0.252289 0.858477 Time: 18313599525630
Position: -78.37 41.7233 -862.763 Orientation: 0.0145678 -0.447268 0.252253 0.857967 Time: 18313716868840
Position: -78.3433 41.72 -862.79 Orientation: 0.0145685 -0.445922 0.252231 0.858674 Time: 18313833871729
Position: -78.3567 41.7367 -862.783 Orientation: 0.0140343 -0.446332 0.252485 0.858395 Time: 18313929236812
Position: -78.34 41.72 -862.8 Orientation: 0.0142009 -0.445927 0.252315 0.858653 Time: 18314055597907
Position: -78.3533 41.7267 -862.783 Orientation: 0.0142345 -0.446271 0.252321 0.858472 Time: 18314150349126
Position: -78.3533 41.72 -862.757 Orientation: 0.0143679 -0.446472 0.252289 0.858374 Time: 18314269723313
Position: -78.3567 41.73 -862.797 Orientation: 0.0143009 -0.446429 0.252317 0.85839 Time: 18314362725445
Position: -78.3467 41.7167 -862.753 Orientation: 0.0144008 -0.446191 0.252314 0.858513 Time: 18314481019692
Position: -78.3667 41.7267 -862.777 Orientation: 0.0143348 -0.446614 0.252327 0.85829 Time: 18314599935192
Position: -78.36 41.7333 -862.777 Orientation: 0.0140012 -0.446239 0.252489 0.858443 Time: 18314693411063
Position: -78.3533 41.7267 -862.8 Orientation: 0.0143009 -0.446195 0.252283 0.858521 Time: 18314810019580
Position: -78.3567 41.7267 -862.777 Orientation: 0.0142343 -0.446598 0.252351 0.858293 Time: 18314926799146
Position: -78.3533 41.73 -862.77 Orientation: 0.0145346 -0.446805 0.252255 0.858208 Time: 18315020035548
Position: -78.35 41.73 -862.767 Orientation: 0.0142342 -0.446462 0.252383 0.858354 Time: 18315139305600
Position: -78.3633 41.73 -862.787 Orientation: 0.0143678 -0.446702 0.252354 0.858235 Time: 18315234995540
Position: -78.3533 41.73 -862.793 Orientation: 0.0138344 -0.445866 0.252519 0.85863 Time: 18315356086521
Position: -78.3467 41.73 -862.753 Orientation: 0.0141014 -0.446144 0.252392 0.858519 Time: 18315449744253
Position: -78.37 41.73 -862.76 Orientation: 0.0141349 -0.446815 0.252427 0.858159 Time: 18315565335912
