Position: -40.5667 73.95 -996.1 Orientation: -0.257762 0.206656 0.845627 0.419246 Time: 19211082236253
Position: -40.5633 73.9433 -996.067 Orientation: -0.257992 0.206621 0.845584 0.419208 Time: 19211197659189
Position: -40.5667 73.95 -996.063 Orientation: -0.257886 0.206582 0.845598 0.419265 Time: 19211291177070
Position: -40.5667 73.9533 -996.073 Orientation: -0.258126 0.206521 0.845551 0.419242 Time: 19211412518741
Position: -40.56 73.9433 -996.057 Orientation: -0.258119 0.206648 0.845561 0.419164 Time: 19211527718354
Position: -40.56 73.9333 -996.033 Orientation: -0.258658 0.206953 0.845448 0.418907 Time: 19211620547931
Position: -40.57 73.95 -996.12 Orientation: -0.257526 0.206721 0.845685 0.419242 Time: 19211738432616
Position: -40.5633 73.94 -996.05 Orientation: -0.258062 0.20689 0.845594 0.419013 Time: 19211854589424
Position: -40.56 73.95 -996.053 Orientation: -0.257888 0.206617 0.84557 0.419302 Time: 19211971614892
Position: -40.56 73.94 -996.06 Orientation: -0.258113 0.206811 0.845544 0.419122 Time: 19212087896635
Position: -40.57 73.93 -996.103 Orientation: -0.258624 0.207086 0.845444 0.418872 Time: 19212180838146
Position: -40.55 73.94 -996.053 Orientation: -0.258433 0.206493 0.845475 0.41922 Time: 19212296481668
Position: -40.5633 73.9467 -996.077 Orientation: -0.258057 0.206852 0.845576 0.419071 Time: 19212414079126
Position: -40.57 73.9633 -996.047 Orientation: -0.257588 0.206317 0.845636 0.419501 Time: 19212531715995
Position: -40.5667 73.95 -996.073 Orientation: -0.258192 0.206587 0.845548 0.419174 Time: 19212624510814
Position: -40.5567 73.9333 -996.05 Orientation: -0.258596 0.206757 0.845463 0.419014 Time: 19212745984399
Position: -40.56 73.9567 -996.053 Orientation: -0.257749 0.206546 0.845618 0.419326 Time: 19212862468802
Position: -40.55 73.9433 -996.067 Orientation: -0.258525 0.206653 0.845447 0.41914 Time: 19212954540559
Position: -40.5567 73.9467 -996.03 Orientation: -0.258089 0.206618 0.845541 0.419237 Time: 19213069535186
Position: -40.56 73.94 -996.06 Orientation: -0.258338 0.20673 0.845524 0.419062 Time: 19213186499075
Position: -40.5667 73.9467 -996.093 Orientation: -0.258014 0.206645 0.845614 0.419123 Time: 19213301615763
Position: -40.56 73.9567 -996.067 Orientation: -0.258118 0.206515 0.845561 0.41923 Time: 19213394058631
Position: -40.5533 73.95 -996.057 Orientation: -0.258325 0.206553 0.845516 0.419174 Time: 19213509361284
Position: -40.56 73.9367 -996.073 Orientation: -0.258627 0.206822 0.845455 0.418977 Time: 19213624005738
Position: -40.56 73.94 -996.07 Orientation: -0.258338 0.20673 0.845524 0.419062 Time: 19213736848147
Position: -40.5667 73.94 -996.073 Orientation: -0.258122 0.206851 0.84554 0.419103 Time: 19213829525147
Position: -40.5667 73.9433 -996.057 Orientation: -0.258183 0.206746 0.845519 0.419159 Time: 19213948590897
Position: -40.56 73.9467 -996.067 Orientation: -0.258225 0.206753 0.845548 0.419073 Time: 19214064671212
Position: -40.5633 73.95 -996.047 Orientation: -0.258322 0.206617 0.845504 0.419168 Time: 19214158692116
Position: -40.5667 73.9433 -996.037 Orientation: -0.258163 0.206823 0.845562 0.419047 Time: 19214274593444
Position: -40.5633 73.9433 -996.06 Orientation: -0.258358 0.20672 0.845515 0.419074 Time: 19214388484732
Position: -40.5667 73.94 -996.093 Orientation: -0.258318 0.206748 0.845526 0.419063 Time: 19214500729288
Position: -40.57 73.96 -996.057 Orientation: -0.257829 0.206423 0.845596 0.419381 Time: 19214591558265
Position: -40.5733 73.9467 -996.057 Orientation: -0.257822 0.206818 0.845607 0.41917 Time: 19214707710010
Position: -40.56 73.9233 -996.08 Orientation: -0.258946 0.207143 0.845374 0.418787 Time: 19214823856555
Position: -40.56 73.9433 -996.067 Orientation: -0.258481 0.206611 0.845479 0.419123 Time: 19214917156039
Position: -40.57 73.9533 -996.02 Orientation: -0.257696 0.206457 0.845662 0.419314 Time: 19215038140011
Position: -40.5633 73.9367 -996.037 Orientation: -0.258464 0.206825 0.845501 0.418984 Time: 19215154914925
Position: -40.5667 73.9433 -996.057 Orientation: -0.258056 0.206652 0.845575 0.419171 Time: 19215247568252
Position: -40.5667 73.9633 -996.043 Orientation: -0.257679 0.206344 0.845642 0.419421 Time: 19215366441468
Position: -40.5633 73.95 -996.053 Orientation: -0.25793 0.206557 0.845598 0.419249 Time: 19215464521591
Position: -40.56 73.9333 -996.057 Orientation: -0.258589 0.206818 0.845472 0.418969 Time: 19215563905524
Position: -40.56 73.9433 -996.04 Orientation: -0.258296 0.20659 0.845496 0.419214 Time: 19215697893664
Position: -40.56 73.9533 -996.047 Orientation: -0.258069 0.206495 0.845583 0.419224 Time: 19215801579569
Position: -40.5667 73.95 -996.073 Orientation: -0.25815 0.20658 0.845553 0.419193 Time: 19215924374891
Position: -40.56 73.9433 -996.057 Orientation: -0.258152 0.206681 0.845526 0.419196 Time: 19216041546230
Position: -40.56 73.94 -996.073 Orientation: -0.258417 0.206647 0.845488 0.419127 Time: 19216159151898
Position: -40.57 73.9467 -996.063 Orientation: -0.257983 0.206713 0.845588 0.41916 Time: 19216251454915
Position: -40.5667 73.94 -996.027 Orientation: -0.257958 0.206619 0.845579 0.419239 Time: 19216368326712
Position: -40.57 73.95 -996.06 Orientation: -0.257932 0.206726 0.845605 0.419152 Time: 19216482822557
Position: -40.57 73.9433 -996.063 Orientation: -0.258022 0.206584 0.845571 0.419235 Time: 19216574753232
Position: -40.5633 73.9333 -996.043 Orientation: -0.258386 0.206782 0.845496 0.419064 Time: 19216691572482
Position: -40.5567 73.9467 -996.047 Orientation: -0.258127 0.206355 0.845523 0.419378 Time: 19216806672339
Position: -40.56 73.9367 -996.05 Orientation: -0.258413 0.206844 0.84551 0.418988 Time: 19216903261318
Position: -40.56 73.9467 -996.08 Orientation: -0.258058 0.20662 0.845581 0.419174 Time: 19217000160786
Position: -40.56 73.9433 -996.047 Orientation: -0.258391 0.20682 0.84548 0.419073 Time: 19217130111054
Position: -40.5767 73.9533 -996.093 Orientation: -0.257586 0.206816 0.845665 0.419199 Time: 19217253654342
Position: -40.56 73.9467 -996.05 Orientation: -0.25802 0.206616 0.845565 0.419232 Time: 19217351709560
Position: -40.5467 73.9333 -996.087 Orientation: -0.259028 0.206722 0.845357 0.418978 Time: 19217471561182
Position: -40.5467 73.9567 -996.053 Orientation: -0.258356 0.206285 0.845475 0.41937 Time: 19217574497889
Position: -40.5567 73.9467 -996.053 Orientation: -0.258228 0.206556 0.845526 0.419212 Time: 19217684948200
Position: -40.57 73.9433 -996.083 Orientation: -0.258166 0.206826 0.845541 0.419087 Time: 19217804306241
Position: -40.57 73.95 -996.057 Orientation: -0.25765 0.206514 0.845655 0.419327 Time: 19217898462343
Position: -40.55 73.9433 -996.067 Orientation: -0.258356 0.206485 0.845475 0.419271 Time: 19218027384397
Position: -40.5633 73.9567 -996.017 Orientation: -0.257725 0.206287 0.845648 0.419407 Time: 19218122329244
Position: -40.5667 73.94 -996.093 Orientation: -0.258316 0.206846 0.84552 0.419026 Time: 19218240290012
Position: -40.56 73.9433 -996.063 Orientation: -0.258281 0.206645 0.845515 0.419157 Time: 19218334702416
Position: -40.5767 73.9433 -996.087 Orientation: -0.258122 0.206985 0.845573 0.41897 Time: 19218455246858
Position: -40.5667 73.9467 -996.067 Orientation: -0.258153 0.206716 0.845532 0.419166 Time: 19218548478743
Position: -40.5567 73.9467 -996.07 Orientation: -0.258356 0.206552 0.845475 0.419237 Time: 19218667514662
Position: -40.5633 73.9333 -996.07 Orientation: -0.258556 0.206851 0.845474 0.41897 Time: 19218761189225
Position: -40.57 73.96 -996.09 Orientation: -0.257833 0.206627 0.845609 0.419254 Time: 19218881248023
Position: -40.5667 73.9467 -996.087 Orientation: -0.258318 0.206948 0.845526 0.418963 Time: 19218976325331
Position: -40.5633 73.9333 -996.073 Orientation: -0.25866 0.206921 0.845454 0.41891 Time: 19219097778116
Position: -40.5567 73.95 -996.063 Orientation: -0.258223 0.206652 0.845508 0.419204 Time: 19219214677555
Position: -40.56 73.95 -996.07 Orientation: -0.258014 0.206311 0.845546 0.419423 Time: 19219331482026
Position: -40.5567 73.9333 -996.08 Orientation: -0.25879 0.206819 0.845409 0.418971 Time: 19219424049691
Position: -40.5533 73.9467 -996.047 Orientation: -0.258483 0.206713 0.845486 0.419059 Time: 19219543176746
Position: -40.56 73.94 -996.077 Orientation: -0.258056 0.206718 0.845576 0.419137 Time: 19219638524996
Position: -40.57 73.9533 -996.053 Orientation: -0.257765 0.206526 0.845638 0.419285 Time: 19219758010708
Position: -40.56 73.9367 -996.093 Orientation: -0.258656 0.206852 0.845475 0.418904 Time: 19219881745983
Position: -40.56 73.9367 -996.08 Orientation: -0.258323 0.206719 0.845543 0.419038 Time: 19219977665678
Position: -40.56 73.9567 -996.037 Orientation: -0.257955 0.206251 0.845573 0.419436 Time: 19220096240173
Position: -40.5633 73.93 -996.097 Orientation: -0.258251 0.20698 0.845523 0.418995 Time: 19220191591982
Position: -40.5533 73.9433 -996.03 Orientation: -0.25812 0.20655 0.845567 0.4192 Time: 19220309933712
Position: -40.55 73.93 -996.033 Orientation: -0.258885 0.206848 0.84536 0.418997 Time: 19220405178513
Position: -40.55 73.94 -996.023 Orientation: -0.258492 0.206553 0.845482 0.41914 Time: 19220525644683
Position: -40.5667 73.9467 -996.08 Orientation: -0.257989 0.206751 0.845606 0.419103 Time: 19220644559088
Position: -40.5733 73.9533 -996.057 Orientation: -0.25746 0.206455 0.845687 0.41941 Time: 19220737974202
Position: -40.5633 73.9333 -996.08 Orientation: -0.258658 0.20702 0.845449 0.418874 Time: 19220859426988
Position: -40.5633 73.9467 -996.033 Orientation: -0.257925 0.20652 0.845581 0.419307 Time: 19220975464334
Position: -40.5567 73.9433 -996.053 Orientation: -0.258225 0.20662 0.845547 0.41914 Time: 19221067828792
Position: -40.55 73.9233 -996.053 Orientation: -0.258922 0.206884 0.845404 0.418868 Time: 19221185145318
Position: -40.5567 73.9367 -996.03 Orientation: -0.258285 0.206581 0.845494 0.41923 Time: 19221280281331
Position: -40.5567 73.94 -996.037 Orientation: -0.258192 0.20672 0.845549 0.419107 Time: 19221401996849
Position: -40.5533 73.9433 -996.067 Orientation: -0.258265 0.206659 0.845503 0.419185 Time: 19221520212824
Position: -40.5533 73.9467 -996.07 Orientation: -0.258151 0.206548 0.845559 0.419196 Time: 19221615509486
Position: -40.5567 73.94 -996.09 Orientation: -0.258556 0.206851 0.845474 0.41897 Time: 19221733633231
Position: -40.56 73.94 -996.07 Orientation: -0.258426 0.206821 0.845485 0.419042 Time: 19221827341866
Position: -40.5533 73.93 -996.07 Orientation: -0.2587 0.206894 0.845443 0.418921 Time: 19221945925940
