Position: 38.65 -125.84 -610.36 Orientation: 0.2338 0.0038 0.9702 -0.063 Time: 4564123710475
Position: 38.64 -125.85 -610.38 Orientation: 0.2344 0.0038 0.97 -0.063 Time: 4564154732622
Position: 38.65 -125.84 -610.35 Orientation: 0.2334 0.0038 0.9703 -0.0631 Time: 4564185687473
Position: 38.65 -125.84 -610.36 Orientation: 0.2338 0.0038 0.9702 -0.063 Time: 4564092705438
Position: 38.65 -125.84 -610.35 Orientation: 0.2334 0.0038 0.9703 -0.0631 Time: 4564217708218
Position: 38.64 -125.84 -610.37 Orientation: 0.2341 0.0037 0.9701 -0.063 Time: 4564248692725
Position: 38.65 -125.84 -610.37 Orientation: 0.2338 0.0038 0.9702 -0.063 Time: 4564279693770
Position: 38.65 -125.84 -610.37 Orientation: 0.2338 0.0038 0.9702 -0.063 Time: 4564310656035
Position: 38.64 -125.84 -610.36 Orientation: 0.234 0.0038 0.9701 -0.063 Time: 4564341703845
Position: 38.64 -125.84 -610.36 Orientation: 0.234 0.0038 0.9701 -0.063 Time: 4564372687781
Position: 38.64 -125.84 -610.38 Orientation: 0.2344 0.0037 0.97 -0.063 Time: 4564404694269
Position: 38.65 -125.84 -610.36 Orientation: 0.234 0.0037 0.9701 -0.063 Time: 4564435655393
Position: 38.65 -125.84 -610.36 Orientation: 0.234 0.0037 0.9701 -0.063 Time: 4564466699211
Position: 38.65 -125.84 -610.37 Orientation: 0.234 0.0037 0.9701 -0.063 Time: 4564497788083
Position: 38.64 -125.85 -610.37 Orientation: 0.2341 0.0038 0.9701 -0.063 Time: 4564529654847
Position: 38.64 -125.85 -610.37 Orientation: 0.2341 0.0038 0.9701 -0.063 Time: 4564560650760
Position: 38.65 -125.83 -610.36 Orientation: 0.2337 0.0038 0.9702 -0.063 Time: 4564591854833
Position: 38.65 -125.83 -610.36 Orientation: 0.2337 0.0038 0.9702 -0.063 Time: 4564622765770
Position: 38.66 -125.84 -610.34 Orientation: 0.2331 0.0038 0.9703 -0.0631 Time: 4564653671005
Position: 38.65 -125.84 -610.38 Orientation: 0.234 0.0037 0.9701 -0.063 Time: 4564684652660
Position: 38.65 -125.84 -610.38 Orientation: 0.234 0.0037 0.9701 -0.063 Time: 4564716685382
Position: 38.65 -125.84 -610.36 Orientation: 0.2338 0.0037 0.9702 -0.0631 Time: 4564747672169
Position: 38.65 -125.84 -610.38 Orientation: 0.234 0.0038 0.9701 -0.063 Time: 4564778691464
Position: 38.65 -125.84 -610.38 Orientation: 0.234 0.0038 0.9701 -0.063 Time: 4564809669127
Position: 38.65 -125.84 -610.36 Orientation: 0.234 0.0037 0.9701 -0.063 Time: 4564841688162
Position: 38.65 -125.84 -610.36 Orientation: 0.234 0.0037 0.9701 -0.063 Time: 4564872671528
Position: 38.65 -125.85 -610.39 Orientation: 0.2338 0.0037 0.9702 -0.063 Time: 4564903684550
Position: 38.64 -125.84 -610.39 Orientation: 0.2341 0.0036 0.9701 -0.0631 Time: 4564934670197
Position: 38.64 -125.84 -610.39 Orientation: 0.2341 0.0036 0.9701 -0.0631 Time: 4564965688351
Position: 38.65 -125.84 -610.37 Orientation: 0.2339 0.0038 0.9701 -0.063 Time: 4564996642632
Position: 38.65 -125.84 -610.37 Orientation: 0.2339 0.0038 0.9701 -0.063 Time: 4565028685619
Position: 38.65 -125.85 -610.38 Orientation: 0.2339 0.0037 0.9701 -0.063 Time: 4565059666133
Position: 38.65 -125.84 -610.37 Orientation: 0.2339 0.0038 0.9702 -0.063 Time: 4565090650070
Position: 38.65 -125.84 -610.37 Orientation: 0.2339 0.0038 0.9702 -0.063 Time: 4565121641420
Position: 38.64 -125.85 -610.4 Orientation: 0.2347 0.0037 0.97 -0.063 Time: 4565156925433
Position: 38.64 -125.85 -610.39 Orientation: 0.2344 0.0036 0.97 -0.063 Time: 4565199648465
Position: 38.64 -125.84 -610.37 Orientation: 0.2343 0.0037 0.9701 -0.063 Time: 4565231734225
Position: 38.64 -125.84 -610.37 Orientation: 0.2343 0.0037 0.9701 -0.063 Time: 4565262665123
Position: 38.65 -125.85 -610.38 Orientation: 0.2341 0.0038 0.9701 -0.063 Time: 4565293682707
Position: 38.65 -125.85 -610.38 Orientation: 0.2341 0.0038 0.9701 -0.063 Time: 4565324652386
Position: 38.64 -125.85 -610.39 Orientation: 0.2344 0.0036 0.97 -0.063 Time: 4565355701337
Position: 38.66 -125.84 -610.35 Orientation: 0.2328 0.0037 0.9704 -0.0631 Time: 4565386651055
Position: 38.66 -125.84 -610.35 Orientation: 0.2328 0.0037 0.9704 -0.0631 Time: 4565418717425
Position: 38.65 -125.85 -610.38 Orientation: 0.2339 0.0038 0.9701 -0.063 Time: 4565449668854
Position: 38.65 -125.84 -610.37 Orientation: 0.234 0.0038 0.9701 -0.063 Time: 4565480669329
Position: 38.65 -125.84 -610.37 Orientation: 0.234 0.0038 0.9701 -0.063 Time: 4565511641859
Position: 38.65 -125.85 -610.39 Orientation: 0.2342 0.0037 0.9701 -0.063 Time: 4565542665716
Position: 38.65 -125.85 -610.39 Orientation: 0.2342 0.0037 0.9701 -0.063 Time: 4565574682470
Position: 38.64 -125.85 -610.39 Orientation: 0.2344 0.0037 0.97 -0.063 Time: 4565605698343
Position: 38.65 -125.84 -610.38 Orientation: 0.2339 0.0036 0.9701 -0.0631 Time: 4565636636085
Position: 38.65 -125.84 -610.38 Orientation: 0.2339 0.0036 0.9701 -0.0631 Time: 4565667673629
Position: 38.65 -125.85 -610.37 Orientation: 0.2336 0.0038 0.9702 -0.063 Time: 4565698690643
Position: 38.65 -125.84 -610.38 Orientation: 0.2337 0.0037 0.9702 -0.0631 Time: 4565730656639
Position: 38.65 -125.84 -610.38 Orientation: 0.2337 0.0037 0.9702 -0.0631 Time: 4565761645709
Position: 38.65 -125.85 -610.37 Orientation: 0.2339 0.0037 0.9701 -0.063 Time: 4565792658730
Position: 38.65 -125.85 -610.37 Orientation: 0.2339 0.0037 0.9701 -0.063 Time: 4565823678596
Position: 38.64 -125.84 -610.37 Orientation: 0.2342 0.0039 0.9701 -0.063 Time: 4565854845599
Position: 38.64 -125.84 -610.38 Orientation: 0.2345 0.0037 0.97 -0.063 Time: 4565886651340
Position: 38.64 -125.84 -610.38 Orientation: 0.2345 0.0037 0.97 -0.063 Time: 4565917659800
Position: 38.64 -125.85 -610.38 Orientation: 0.2345 0.0037 0.97 -0.063 Time: 4565948615221
Position: 38.65 -125.84 -610.38 Orientation: 0.2341 0.0037 0.9701 -0.063 Time: 4565979640789
Position: 38.65 -125.84 -610.38 Orientation: 0.2341 0.0037 0.9701 -0.063 Time: 4566010636131
Position: 38.65 -125.85 -610.36 Orientation: 0.2337 0.0037 0.9702 -0.063 Time: 4566042680829
Position: 38.65 -125.85 -610.36 Orientation: 0.2337 0.0037 0.9702 -0.063 Time: 4566073694992
Position: 38.65 -125.85 -610.36 Orientation: 0.2334 0.0037 0.9703 -0.0631 Time: 4566104618476
Position: 38.64 -125.84 -610.38 Orientation: 0.2342 0.0037 0.9701 -0.063 Time: 4566135652599
Position: 38.64 -125.84 -610.38 Orientation: 0.2342 0.0037 0.9701 -0.063 Time: 4566166643379
Position: 38.64 -125.85 -610.39 Orientation: 0.2348 0.0037 0.9699 -0.063 Time: 4566198649296
Position: 38.65 -125.85 -610.38 Orientation: 0.2338 0.0037 0.9702 -0.0631 Time: 4566229642357
Position: 38.65 -125.85 -610.38 Orientation: 0.2338 0.0037 0.9702 -0.0631 Time: 4566260647395
Position: 38.65 -125.85 -610.37 Orientation: 0.234 0.0037 0.9701 -0.063 Time: 4566291645589
Position: 38.65 -125.85 -610.37 Orientation: 0.234 0.0037 0.9701 -0.063 Time: 4566322745296
Position: 38.65 -125.85 -610.37 Orientation: 0.2339 0.0036 0.9701 -0.063 Time: 4566354708441
Position: 38.64 -125.85 -610.37 Orientation: 0.2342 0.0038 0.9701 -0.063 Time: 4566385643902
Position: 38.64 -125.85 -610.37 Orientation: 0.2342 0.0038 0.9701 -0.063 Time: 4566416634111
Position: 38.64 -125.84 -610.37 Orientation: 0.2341 0.0037 0.9701 -0.063 Time: 4566447642000
Position: 38.64 -125.85 -610.38 Orientation: 0.2342 0.0035 0.9701 -0.0631 Time: 4566478636772
Position: 38.64 -125.85 -610.38 Orientation: 0.2342 0.0035 0.9701 -0.0631 Time: 4566510639838
Position: 38.65 -125.85 -610.36 Orientation: 0.2338 0.0038 0.9702 -0.063 Time: 4566541629478
Position: 38.65 -125.85 -610.36 Orientation: 0.2338 0.0038 0.9702 -0.063 Time: 4566572653905
Position: 38.65 -125.85 -610.39 Orientation: 0.234 0.0038 0.9701 -0.063 Time: 4566603630428
Position: 38.65 -125.84 -610.35 Orientation: 0.2336 0.0038 0.9702 -0.0631 Time: 4566634640598
Position: 38.65 -125.84 -610.35 Orientation: 0.2336 0.0038 0.9702 -0.0631 Time: 4566667633138
Position: 38.65 -125.84 -610.37 Orientation: 0.2339 0.0038 0.9701 -0.063 Time: 4566697641858
Position: 38.65 -125.84 -610.35 Orientation: 0.2337 0.0038 0.9702 -0.063 Time: 4566728601841
Position: 38.65 -125.84 -610.35 Orientation: 0.2337 0.0038 0.9702 -0.063 Time: 4566759634824
Position: 38.64 -125.85 -610.37 Orientation: 0.2342 0.0037 0.9701 -0.063 Time: 4566790605073
Position: 38.64 -125.85 -610.37 Orientation: 0.2342 0.0037 0.9701 -0.063 Time: 4566822641216
Position: 38.64 -125.84 -610.38 Orientation: 0.2344 0.0037 0.97 -0.063 Time: 4566853620590
Position: 38.64 -125.84 -610.35 Orientation: 0.2337 0.0037 0.9702 -0.063 Time: 4566884642166
Position: 38.64 -125.84 -610.35 Orientation: 0.2337 0.0037 0.9702 -0.063 Time: 4566915624962
Position: 38.65 -125.84 -610.35 Orientation: 0.2338 0.0038 0.9702 -0.063 Time: 4566946631710
Position: 38.64 -125.84 -610.37 Orientation: 0.2342 0.0037 0.9701 -0.063 Time: 4566978634776
Position: 38.64 -125.84 -610.37 Orientation: 0.2342 0.0037 0.9701 -0.063 Time: 4567009632400
Position: 38.65 -125.84 -610.35 Orientation: 0.2334 0.0038 0.9703 -0.0631 Time: 4567040619188
Position: 38.65 -125.84 -610.35 Orientation: 0.2334 0.0038 0.9703 -0.0631 Time: 4567071661295
Position: 38.65 -125.85 -610.38 Orientation: 0.2342 0.0037 0.9701 -0.063 Time: 4567103605620
Position: 38.64 -125.85 -610.39 Orientation: 0.2344 0.0037 0.97 -0.063 Time: 4567134632899
Position: 38.64 -125.85 -610.39 Orientation: 0.2344 0.0037 0.97 -0.063 Time: 4567165624249
Position: 38.65 -125.85 -610.39 Orientation: 0.2343 0.0035 0.9701 -0.063 Time: 4567196629287
Position: 38.64 -125.85 -610.39 Orientation: 0.2342 0.0036 0.9701 -0.063 Time: 4567227596114
Position: 38.64 -125.85 -610.39 Orientation: 0.2342 0.0036 0.9701 -0.063 Time: 4567258624534
Position: 38.64 -125.84 -610.39 Orientation: 0.2345 0.0037 0.97 -0.063 Time: 4567290597374
Position: 38.64 -125.84 -610.39 Orientation: 0.2345 0.0037 0.97 -0.063 Time: 4567321625223
Position: 38.65 -125.85 -610.36 Orientation: 0.2337 0.0037 0.9702 -0.0631 Time: 4567352609160
Position: 38.64 -125.84 -610.39 Orientation: 0.2345 0.0037 0.97 -0.063 Time: 4567383626173
Position: 38.64 -125.84 -610.39 Orientation: 0.2345 0.0037 0.97 -0.063 Time: 4567414612961
Position: 38.64 -125.85 -610.38 Orientation: 0.2341 0.0037 0.9701 -0.063 Time: 4567446626293
Position: 38.65 -125.85 -610.36 Orientation: 0.2337 0.0037 0.9702 -0.063 Time: 4567477613651
Position: 38.65 -125.85 -610.36 Orientation: 0.2337 0.0037 0.9702 -0.063 Time: 4567508622680
Position: 38.65 -125.84 -610.35 Orientation: 0.2337 0.0037 0.9702 -0.063 Time: 4567539590078
Position: 38.65 -125.84 -610.35 Orientation: 0.2337 0.0037 0.9702 -0.063 Time: 4567570619638
Position: 38.65 -125.85 -610.37 Orientation: 0.2339 0.0037 0.9702 -0.063 Time: 4567602617001
Position: 38.65 -125.84 -610.37 Orientation: 0.234 0.0037 0.9701 -0.0631 Time: 4567633619757
Position: 38.65 -125.84 -610.37 Orientation: 0.234 0.0037 0.9701 -0.0631 Time: 4567664609967
Position: 38.65 -125.84 -610.36 Orientation: 0.2334 0.0037 0.9703 -0.0631 Time: 4567695621278
Position: 38.65 -125.85 -610.37 Orientation: 0.234 0.0038 0.9701 -0.063 Time: 4567727612368
Position: 38.65 -125.85 -610.37 Orientation: 0.234 0.0038 0.9701 -0.063 Time: 4567758617405
Position: 38.65 -125.84 -610.37 Orientation: 0.2339 0.0036 0.9701 -0.0631 Time: 4567789581381
Position: 38.65 -125.84 -610.37 Orientation: 0.2339 0.0036 0.9701 -0.0631 Time: 4567820608090
Position: 38.65 -125.85 -610.38 Orientation: 0.2339 0.0037 0.9701 -0.0631 Time: 4567851609135
Position: 38.64 -125.85 -610.4 Orientation: 0.2346 0.0037 0.97 -0.063 Time: 4567883614482
Position: 38.64 -125.85 -610.4 Orientation: 0.2346 0.0037 0.97 -0.063 Time: 4567914604692
Position: 38.66 -125.85 -610.35 Orientation: 0.2332 0.0039 0.9703 -0.063 Time: 4567945618854
Position: 38.65 -125.84 -610.36 Orientation: 0.2336 0.0037 0.9702 -0.063 Time: 4567976581119
Position: 38.65 -125.84 -610.36 Orientation: 0.2336 0.0037 0.9702 -0.063 Time: 4568007611250
Position: 38.65 -125.85 -610.36 Orientation: 0.2337 0.0037 0.9702 -0.0631 Time: 4568038607733
Position: 38.65 -125.85 -610.36 Orientation: 0.2337 0.0037 0.9702 -0.0631 Time: 4568070614220
Position: 38.65 -125.84 -610.35 Orientation: 0.2337 0.0038 0.9702 -0.063 Time: 4568101613555
Position: 38.65 -125.84 -610.36 Orientation: 0.2339 0.0038 0.9701 -0.063 Time: 4568132608897
Position: 38.65 -125.84 -610.36 Orientation: 0.2339 0.0038 0.9701 -0.063 Time: 4568163603099
Position: 38.65 -125.85 -610.38 Orientation: 0.2339 0.0038 0.9702 -0.063 Time: 4568194606996
Position: 38.65 -125.85 -610.39 Orientation: 0.2339 0.0037 0.9701 -0.063 Time: 4568226604359
Position: 38.65 -125.85 -610.39 Orientation: 0.2339 0.0037 0.9701 -0.063 Time: 4568257611677
Position: 38.64 -125.85 -610.39 Orientation: 0.2342 0.0036 0.9701 -0.063 Time: 4568288633254
Position: 38.64 -125.85 -610.39 Orientation: 0.2342 0.0036 0.9701 -0.063 Time: 4568319601792
Position: 38.65 -125.84 -610.36 Orientation: 0.2335 0.0039 0.9702 -0.063 Time: 4568350603408
Position: 38.65 -125.84 -610.36 Orientation: 0.2333 0.0037 0.9703 -0.0631 Time: 4568382603622
Position: 38.65 -125.84 -610.36 Orientation: 0.2333 0.0037 0.9703 -0.0631 Time: 4568413599535
Position: 38.65 -125.85 -610.38 Orientation: 0.2341 0.004 0.9701 -0.063 Time: 4568444600010
Position: 38.65 -125.85 -610.39 Orientation: 0.2343 0.0036 0.9701 -0.063 Time: 4568475598774
Position: 38.65 -125.85 -610.39 Orientation: 0.2343 0.0036 0.9701 -0.063 Time: 4568506592405
Position: 38.65 -125.84 -610.36 Orientation: 0.2342 0.0037 0.9701 -0.063 Time: 4568538637674
Position: 38.65 -125.84 -610.36 Orientation: 0.2342 0.0037 0.9701 -0.063 Time: 4568569600509
Position: 38.64 -125.85 -610.4 Orientation: 0.2348 0.0036 0.9699 -0.063 Time: 4568600589007
Position: 38.65 -125.84 -610.36 Orientation: 0.2336 0.0038 0.9702 -0.063 Time: 4568631599178
Position: 38.65 -125.84 -610.36 Orientation: 0.2336 0.0038 0.9702 -0.063 Time: 4568662594520
Position: 38.65 -125.85 -610.37 Orientation: 0.2339 0.0038 0.9701 -0.063 Time: 4568694604429
Position: 38.65 -125.85 -610.36 Orientation: 0.2339 0.0037 0.9701 -0.063 Time: 4568725595209
Position: 38.65 -125.85 -610.36 Orientation: 0.2339 0.0037 0.9701 -0.063 Time: 4568756593974
Position: 38.65 -125.84 -610.36 Orientation: 0.2338 0.0037 0.9702 -0.063 Time: 4568787585324
Position: 38.65 -125.84 -610.36 Orientation: 0.2338 0.0037 0.9702 -0.063 Time: 4568818598916
Position: 38.64 -125.85 -610.38 Orientation: 0.2346 0.0036 0.97 -0.063 Time: 4568850567764
Position: 38.64 -125.85 -610.38 Orientation: 0.2343 0.0036 0.97 -0.063 Time: 4568881598465
Position: 38.64 -125.85 -610.38 Orientation: 0.2343 0.0036 0.97 -0.063 Time: 4568912589815
Position: 38.65 -125.84 -610.36 Orientation: 0.2336 0.0038 0.9702 -0.063 Time: 4568943592001
Position: 38.65 -125.85 -610.38 Orientation: 0.234 0.0037 0.9701 -0.063 Time: 4568974563391
Position: 38.65 -125.85 -610.38 Orientation: 0.234 0.0037 0.9701 -0.063 Time: 4569006636604
Position: 38.65 -125.85 -610.4 Orientation: 0.2342 0.0037 0.9701 -0.0631 Time: 4569037585752
Position: 38.65 -125.85 -610.4 Orientation: 0.2342 0.0037 0.9701 -0.0631 Time: 4569068594211
Position: 38.64 -125.85 -610.39 Orientation: 0.2343 0.0036 0.97 -0.063 Time: 4569100559067
Position: 38.65 -125.85 -610.37 Orientation: 0.2337 0.0038 0.9702 -0.063 Time: 4569131589197
Position: 38.65 -125.85 -610.37 Orientation: 0.2337 0.0038 0.9702 -0.063 Time: 4569162578266
Position: 38.65 -125.84 -610.35 Orientation: 0.2334 0.0038 0.9702 -0.0631 Time: 4569193588437
Position: 38.65 -125.84 -610.35 Orientation: 0.2332 0.0037 0.9703 -0.0631 Time: 4569224580357
Position: 38.65 -125.84 -610.35 Orientation: 0.2332 0.0037 0.9703 -0.0631 Time: 4569255626456
Position: 38.65 -125.84 -610.35 Orientation: 0.2337 0.0038 0.9702 -0.063 Time: 4569287754418
Position: 38.65 -125.84 -610.35 Orientation: 0.2337 0.0038 0.9702 -0.063 Time: 4569318585514
Position: 38.64 -125.84 -610.37 Orientation: 0.234 0.0038 0.9701 -0.063 Time: 4569349589411
Position: 38.65 -125.85 -610.38 Orientation: 0.2339 0.0037 0.9701 -0.063 Time: 4569380579620
Position: 38.65 -125.85 -610.38 Orientation: 0.2339 0.0037 0.9701 -0.063 Time: 4569411581236
Position: 38.65 -125.85 -610.37 Orientation: 0.2338 0.0037 0.9702 -0.063 Time: 4569442581141
Position: 38.65 -125.84 -610.36 Orientation: 0.2337 0.0038 0.9702 -0.063 Time: 4569474577363
Position: 38.65 -125.84 -610.36 Orientation: 0.2337 0.0038 0.9702 -0.063 Time: 4569505615478
Position: 38.65 -125.85 -610.37 Orientation: 0.2335 0.0038 0.9702 -0.0631 Time: 4569536555501
Position: 38.65 -125.85 -610.37 Orientation: 0.2335 0.0038 0.9702 -0.0631 Time: 4569567576507
Position: 38.65 -125.85 -610.38 Orientation: 0.2341 0.0038 0.9701 -0.063 Time: 4569598576982
Position: 38.65 -125.84 -610.37 Orientation: 0.2336 0.0036 0.9702 -0.0631 Time: 4569630582899
Position: 38.65 -125.84 -610.37 Orientation: 0.2336 0.0036 0.9702 -0.0631 Time: 4569661573679
Position: 38.64 -125.84 -610.37 Orientation: 0.2342 0.0038 0.9701 -0.063 Time: 4569692578147
Position: 38.65 -125.85 -610.37 Orientation: 0.2339 0.0037 0.9701 -0.063 Time: 4569723563794
Position: 38.65 -125.85 -610.37 Orientation: 0.2339 0.0037 0.9701 -0.063 Time: 4569754600768
Position: 38.65 -125.85 -610.38 Orientation: 0.2341 0.0037 0.9701 -0.063 Time: 4569786570186
Position: 38.65 -125.85 -610.38 Orientation: 0.2341 0.0037 0.9701 -0.063 Time: 4569817581497
Position: 38.64 -125.84 -610.39 Orientation: 0.2344 0.0036 0.97 -0.063 Time: 4569848564863
Position: 38.66 -125.85 -610.37 Orientation: 0.2335 0.0036 0.9702 -0.063 Time: 4569879577885
Position: 38.66 -125.85 -610.37 Orientation: 0.2335 0.0036 0.9702 -0.063 Time: 4569910564673
Position: 38.66 -125.84 -610.36 Orientation: 0.233 0.0039 0.9703 -0.0631 Time: 4569942571160
Position: 38.65 -125.85 -610.39 Orientation: 0.2341 0.0037 0.9701 -0.063 Time: 4569973569354
Position: 38.65 -125.85 -610.39 Orientation: 0.2341 0.0037 0.9701 -0.063 Time: 4570004607469
Position: 38.65 -125.85 -610.36 Orientation: 0.2336 0.0037 0.9702 -0.0631 Time: 4570035565172
Position: 38.65 -125.85 -610.36 Orientation: 0.2336 0.0037 0.9702 -0.0631 Time: 4570066574201
Position: 38.65 -125.84 -610.37 Orientation: 0.2336 0.0039 0.9702 -0.063 Time: 4570098560158
Position: 38.65 -125.85 -610.37 Orientation: 0.2336 0.0037 0.9702 -0.063 Time: 4570129569188
Position: 38.65 -125.85 -610.37 Orientation: 0.2336 0.0037 0.9702 -0.063 Time: 4570160564530
Position: 38.65 -125.84 -610.36 Orientation: 0.2339 0.0037 0.9701 -0.063 Time: 4570191569568
Position: 38.65 -125.85 -610.37 Orientation: 0.2342 0.0037 0.9701 -0.063 Time: 4570222604831
Position: 38.65 -125.85 -610.37 Orientation: 0.2342 0.0037 0.9701 -0.063 Time: 4570254603335
Position: 38.65 -125.85 -610.4 Orientation: 0.2341 0.0038 0.9701 -0.063 Time: 4570285555334
Position: 38.65 -125.85 -610.4 Orientation: 0.2341 0.0038 0.9701 -0.063 Time: 4570316562653
Position: 38.64 -125.84 -610.38 Orientation: 0.2342 0.0036 0.9701 -0.0631 Time: 4570347555714
Position: 38.65 -125.85 -610.38 Orientation: 0.234 0.0038 0.9701 -0.063 Time: 4570378563603
Position: 38.65 -125.85 -610.38 Orientation: 0.234 0.0038 0.9701 -0.063 Time: 4570410555263
Position: 38.65 -125.84 -610.38 Orientation: 0.2341 0.0037 0.9701 -0.063 Time: 4570441562581
Position: 38.64 -125.84 -610.37 Orientation: 0.234 0.0036 0.9701 -0.0631 Time: 4570472579595
Position: 38.64 -125.84 -610.37 Orientation: 0.234 0.0036 0.9701 -0.0631 Time: 4570503562961
Position: 38.65 -125.85 -610.39 Orientation: 0.234 0.0037 0.9701 -0.063 Time: 4570534567999
Position: 38.65 -125.85 -610.39 Orientation: 0.234 0.0037 0.9701 -0.063 Time: 4570566560799
Position: 38.66 -125.84 -610.35 Orientation: 0.233 0.0038 0.9703 -0.0631 Time: 4570597557282
Position: 38.64 -125.85 -610.4 Orientation: 0.2344 0.0036 0.97 -0.063 Time: 4570628558327
Position: 38.64 -125.85 -610.4 Orientation: 0.2344 0.0036 0.97 -0.063 Time: 4570659549678
Position: 38.65 -125.85 -610.37 Orientation: 0.2335 0.0037 0.9702 -0.063 Time: 4570690559278
Position: 38.65 -125.85 -610.37 Orientation: 0.2335 0.0037 0.9702 -0.063 Time: 4570722591999
Position: 38.64 -125.84 -610.37 Orientation: 0.2343 0.0037 0.9701 -0.063 Time: 4570753559967
Position: 38.65 -125.85 -610.37 Orientation: 0.2343 0.0038 0.97 -0.063 Time: 4570784551888
Position: 38.65 -125.85 -610.37 Orientation: 0.2343 0.0038 0.97 -0.063 Time: 4570815553503
Position: 38.65 -125.84 -610.38 Orientation: 0.234 0.0035 0.9701 -0.0631 Time: 4570846549416
Position: 38.65 -125.84 -610.37 Orientation: 0.234 0.0037 0.9701 -0.063 Time: 4570878546209
Position: 38.65 -125.84 -610.37 Orientation: 0.234 0.0037 0.9701 -0.063 Time: 4570909529004
Position: 38.65 -125.85 -610.39 Orientation: 0.2341 0.0037 0.9701 -0.063 Time: 4570940540315
Position: 38.65 -125.85 -610.39 Orientation: 0.2341 0.0037 0.9701 -0.063 Time: 4570971529384
Position: 38.65 -125.84 -610.38 Orientation: 0.234 0.0037 0.9701 -0.063 Time: 4571003515911
Position: 38.64 -125.84 -610.39 Orientation: 0.2347 0.0035 0.9699 -0.063 Time: 4571034524941
Position: 38.64 -125.84 -610.39 Orientation: 0.2347 0.0035 0.9699 -0.063 Time: 4571065535111
Position: 38.64 -125.85 -610.39 Orientation: 0.2345 0.0036 0.97 -0.063 Time: 4571096527602
Position: 38.64 -125.84 -610.38 Orientation: 0.2342 0.0037 0.9701 -0.063 Time: 4571127522374
Position: 38.64 -125.84 -610.38 Orientation: 0.2342 0.0037 0.9701 -0.063 Time: 4571159652047
Position: 38.65 -125.85 -610.37 Orientation: 0.2338 0.0038 0.9702 -0.063 Time: 4571190643967
Position: 38.65 -125.84 -610.38 Orientation: 0.2341 0.0037 0.9701 -0.063 Time: 4571221514414
Position: 38.65 -125.84 -610.38 Orientation: 0.2341 0.0037 0.9701 -0.063 Time: 4571252538271
Position: 38.64 -125.85 -610.39 Orientation: 0.2347 0.0036 0.9699 -0.063 Time: 4571283538176
Position: 38.64 -125.85 -610.39 Orientation: 0.2347 0.0036 0.9699 -0.063 Time: 4571315648459
Position: 38.65 -125.85 -610.38 Orientation: 0.2344 0.0038 0.97 -0.063 Time: 4571346646652
Position: 38.65 -125.84 -610.36 Orientation: 0.2339 0.0039 0.9701 -0.063 Time: 4571377652260
Position: 38.65 -125.84 -610.36 Orientation: 0.2339 0.0039 0.9701 -0.063 Time: 4571408645892
Position: 38.65 -125.85 -610.37 Orientation: 0.234 0.0036 0.9701 -0.063 Time: 4571439655491
Position: 38.65 -125.85 -610.37 Orientation: 0.234 0.0036 0.9701 -0.063 Time: 4571471653425
Position: 38.65 -125.84 -610.36 Orientation: 0.2339 0.0038 0.9701 -0.063 Time: 4571502644775
Position: 38.65 -125.84 -610.35 Orientation: 0.2337 0.0037 0.9702 -0.0631 Time: 4571533649242
Position: 38.65 -125.84 -610.35 Orientation: 0.2337 0.0037 0.9702 -0.0631 Time: 4571564637741
Position: 38.65 -125.85 -610.36 Orientation: 0.2338 0.0038 0.9702 -0.063 Time: 4571595656466
Position: 38.65 -125.85 -610.36 Orientation: 0.2335 0.0038 0.9702 -0.063 Time: 4571627640712
Position: 38.65 -125.85 -610.36 Orientation: 0.2335 0.0038 0.9702 -0.063 Time: 4571658647460
Position: 38.65 -125.85 -610.37 Orientation: 0.2339 0.0037 0.9702 -0.0631 Time: 4571689646224
Position: 38.65 -125.85 -610.37 Orientation: 0.2339 0.0037 0.9702 -0.0631 Time: 4571720641566
Position: 38.65 -125.84 -610.36 Orientation: 0.2339 0.0038 0.9702 -0.063 Time: 4571751644893
Position: 38.65 -125.85 -610.37 Orientation: 0.2338 0.0036 0.9702 -0.0631 Time: 4571783642826
Position: 38.65 -125.85 -610.37 Orientation: 0.2338 0.0036 0.9702 -0.0631 Time: 4571814632466
Position: 38.65 -125.84 -610.38 Orientation: 0.2338 0.0037 0.9702 -0.0631 Time: 4571845634652
Position: 38.66 -125.84 -610.37 Orientation: 0.2333 0.0036 0.9703 -0.0631 Time: 4571876641400
Position: 38.66 -125.84 -610.37 Orientation: 0.2333 0.0036 0.9703 -0.0631 Time: 4571907642445
Position: 38.65 -125.85 -610.38 Orientation: 0.2345 0.0038 0.97 -0.063 Time: 4571939644371
Position: 38.65 -125.85 -610.38 Orientation: 0.2345 0.0038 0.97 -0.063 Time: 4571970638002
Position: 38.65 -125.85 -610.36 Orientation: 0.2338 0.0038 0.9702 -0.063 Time: 4572001635055
Position: 38.65 -125.84 -610.37 Orientation: 0.2339 0.0038 0.9701 -0.063 Time: 4572032641804
Position: 38.65 -125.84 -610.37 Orientation: 0.2339 0.0038 0.9701 -0.063 Time: 4572063630873
Position: 38.65 -125.85 -610.38 Orientation: 0.234 0.0038 0.9701 -0.063 Time: 4572095630517
Position: 38.65 -125.85 -610.38 Orientation: 0.2338 0.0036 0.9702 -0.0631 Time: 4572126629851
Position: 38.65 -125.85 -610.38 Orientation: 0.2338 0.0036 0.9702 -0.0631 Time: 4572157655990
Position: 38.64 -125.85 -610.38 Orientation: 0.2343 0.0035 0.97 -0.063 Time: 4572188635934
Position: 38.64 -125.85 -610.38 Orientation: 0.2343 0.0035 0.97 -0.063 Time: 4572219631276
Position: 38.65 -125.85 -610.36 Orientation: 0.2335 0.0038 0.9702 -0.063 Time: 4572251629780
Position: 38.65 -125.84 -610.34 Orientation: 0.2333 0.0039 0.9703 -0.063 Time: 4572282627404
Position: 38.65 -125.84 -610.34 Orientation: 0.2333 0.0039 0.9703 -0.063 Time: 4572313635293
Position: 38.65 -125.85 -610.37 Orientation: 0.2338 0.0037 0.9702 -0.063 Time: 4572344623791
Position: 38.65 -125.85 -610.36 Orientation: 0.2335 0.0039 0.9703 -0.063 Time: 4572375625407
Position: 38.65 -125.85 -610.36 Orientation: 0.2335 0.0039 0.9703 -0.063 Time: 4572407622200
Position: 38.65 -125.84 -610.36 Orientation: 0.2337 0.0038 0.9702 -0.063 Time: 4572438633510
Position: 38.65 -125.84 -610.36 Orientation: 0.2337 0.0038 0.9702 -0.063 Time: 4572469643681
Position: 38.64 -125.85 -610.37 Orientation: 0.2341 0.0038 0.9701 -0.063 Time: 4572500619633
Position: 38.64 -125.84 -610.38 Orientation: 0.2343 0.0038 0.97 -0.063 Time: 4572531630373
Position: 38.64 -125.84 -610.38 Orientation: 0.2343 0.0038 0.97 -0.063 Time: 4572563623174
Position: 38.65 -125.85 -610.37 Orientation: 0.234 0.0037 0.9701 -0.063 Time: 4572594623649
Position: 38.64 -125.85 -610.39 Orientation: 0.2344 0.0036 0.97 -0.063 Time: 4572625624694
Position: 38.64 -125.85 -610.39 Orientation: 0.2344 0.0036 0.97 -0.063 Time: 4572656638856
Position: 38.65 -125.85 -610.37 Orientation: 0.2336 0.0038 0.9702 -0.063 Time: 4572687622793
Position: 38.65 -125.85 -610.37 Orientation: 0.2336 0.0038 0.9702 -0.063 Time: 4572719628140
Position: 38.66 -125.85 -610.35 Orientation: 0.2333 0.0039 0.9703 -0.063 Time: 4572750626904
Position: 38.65 -125.85 -610.37 Orientation: 0.2336 0.0037 0.9702 -0.063 Time: 4572781642777
Position: 38.65 -125.85 -610.37 Orientation: 0.2336 0.0037 0.9702 -0.063 Time: 4572812631276
Position: 38.64 -125.84 -610.38 Orientation: 0.2345 0.0038 0.97 -0.063 Time: 4572843626618
Position: 38.64 -125.85 -610.38 Orientation: 0.2344 0.0036 0.97 -0.063 Time: 4572875630254
Position: 38.64 -125.85 -610.38 Orientation: 0.2344 0.0036 0.97 -0.063 Time: 4572906627878
Position: 38.65 -125.85 -610.38 Orientation: 0.234 0.0038 0.9701 -0.063 Time: 4572937627212
Position: 38.65 -125.85 -610.38 Orientation: 0.234 0.0038 0.9701 -0.063 Time: 4572968621414
Position: 38.65 -125.84 -610.37 Orientation: 0.2339 0.0037 0.9701 -0.063 Time: 4572999612764
Position: 38.65 -125.85 -610.39 Orientation: 0.2339 0.0037 0.9701 -0.063 Time: 4573031626666
Position: 38.65 -125.85 -610.39 Orientation: 0.2339 0.0037 0.9701 -0.063 Time: 4573062622579
Position: 38.65 -125.84 -610.36 Orientation: 0.2336 0.0038 0.9702 -0.063 Time: 4573093631038
Position: 38.65 -125.85 -610.38 Orientation: 0.234 0.0038 0.9701 -0.063 Time: 4573124625810
Position: 38.65 -125.85 -610.38 Orientation: 0.234 0.0038 0.9701 -0.063 Time: 4573155627426
Position: 38.66 -125.85 -610.38 Orientation: 0.2334 0.0039 0.9703 -0.063 Time: 4573186619346
Position: 38.66 -125.85 -610.38 Orientation: 0.2334 0.0039 0.9703 -0.063 Time: 4573218605303
Position: 38.65 -125.84 -610.37 Orientation: 0.2342 0.0037 0.9701 -0.0631 Time: 4573249606349
Position: 38.65 -125.85 -610.38 Orientation: 0.2338 0.0035 0.9702 -0.0631 Time: 4573280614238
Position: 38.65 -125.85 -610.38 Orientation: 0.2338 0.0035 0.9702 -0.0631 Time: 4573311603877
Position: 38.65 -125.85 -610.37 Orientation: 0.2334 0.0038 0.9703 -0.0631 Time: 4573343602951
Position: 38.65 -125.84 -610.35 Orientation: 0.2338 0.0037 0.9702 -0.063 Time: 4573374614832
Position: 38.65 -125.84 -610.35 Orientation: 0.2338 0.0037 0.9702 -0.063 Time: 4573405607323
Position: 38.65 -125.85 -610.36 Orientation: 0.2335 0.0038 0.9702 -0.063 Time: 4573436608938
Position: 38.65 -125.85 -610.36 Orientation: 0.2335 0.0038 0.9702 -0.063 Time: 4573467604851
Position: 38.64 -125.84 -610.37 Orientation: 0.234 0.0036 0.9701 -0.063 Time: 4573499605636
Position: 38.66 -125.85 -610.35 Orientation: 0.2334 0.004 0.9703 -0.063 Time: 4573530602689
Position: 38.66 -125.85 -610.35 Orientation: 0.2334 0.004 0.9703 -0.063 Time: 4573561604875
