Position: 46.33 26.16 -615.81 Orientation: 0.2389 -0.0136 0.9681 -0.0738 Time: 4942680119329
Position: 46.33 26.15 -615.78 Orientation: 0.2388 -0.0135 0.9681 -0.0738 Time: 4942710152572
Position: 46.33 26.16 -615.8 Orientation: 0.2388 -0.0135 0.9681 -0.0738 Time: 4942742115717
Position: 46.33 26.16 -615.8 Orientation: 0.2388 -0.0135 0.9681 -0.0738 Time: 4942773145848
Position: 46.32 26.15 -615.81 Orientation: 0.2391 -0.0132 0.968 -0.0736 Time: 4942804134917
Position: 46.34 26.16 -615.78 Orientation: 0.2383 -0.0133 0.9682 -0.0737 Time: 4942835139954
Position: 46.34 26.16 -615.78 Orientation: 0.2383 -0.0133 0.9682 -0.0737 Time: 4942867162981
Position: 46.33 26.16 -615.8 Orientation: 0.2382 -0.0134 0.9682 -0.0738 Time: 4942898141214
Position: 46.33 26.16 -615.8 Orientation: 0.2382 -0.0134 0.9682 -0.0738 Time: 4942929134846
Position: 46.33 26.16 -615.81 Orientation: 0.2388 -0.0134 0.9681 -0.0737 Time: 4942960138743
Position: 46.33 26.16 -615.81 Orientation: 0.239 -0.0134 0.9681 -0.0737 Time: 4942991130093
Position: 46.33 26.16 -615.81 Orientation: 0.239 -0.0134 0.9681 -0.0737 Time: 4943022145396
Position: 46.33 26.16 -615.81 Orientation: 0.2389 -0.0136 0.9681 -0.0738 Time: 4943054129642
Position: 46.33 26.16 -615.82 Orientation: 0.2391 -0.0135 0.968 -0.0738 Time: 4943085133539
Position: 46.33 26.16 -615.82 Orientation: 0.2391 -0.0135 0.968 -0.0738 Time: 4943116134584
Position: 46.32 26.16 -615.82 Orientation: 0.2393 -0.0135 0.968 -0.0737 Time: 4943147145895
Position: 46.32 26.16 -615.82 Orientation: 0.2393 -0.0135 0.968 -0.0737 Time: 4943178182299
Position: 46.31 26.16 -615.83 Orientation: 0.2398 -0.0136 0.9679 -0.0737 Time: 4943210134608
Position: 46.33 26.16 -615.79 Orientation: 0.2388 -0.0135 0.9681 -0.0737 Time: 4943241136224
Position: 46.33 26.16 -615.79 Orientation: 0.2388 -0.0135 0.9681 -0.0737 Time: 4943272131566
Position: 46.32 26.16 -615.8 Orientation: 0.239 -0.0135 0.968 -0.0738 Time: 4943303137174
Position: 46.33 26.16 -615.78 Orientation: 0.2384 -0.0134 0.9682 -0.0738 Time: 4943334132516
Position: 46.33 26.16 -615.78 Orientation: 0.2384 -0.0134 0.9682 -0.0738 Time: 4943366261048
Position: 46.33 26.16 -615.8 Orientation: 0.2385 -0.0135 0.9682 -0.0738 Time: 4943397275211
Position: 46.33 26.16 -615.8 Orientation: 0.2385 -0.0135 0.9682 -0.0738 Time: 4943428269412
Position: 46.33 26.16 -615.8 Orientation: 0.239 -0.0135 0.9681 -0.0737 Time: 4943459126171
Position: 46.34 26.16 -615.79 Orientation: 0.2382 -0.0133 0.9683 -0.0737 Time: 4943490124936
Position: 46.34 26.16 -615.79 Orientation: 0.2382 -0.0133 0.9683 -0.0737 Time: 4943522138267
Position: 46.32 26.15 -615.82 Orientation: 0.2399 -0.0134 0.9678 -0.0737 Time: 4943553249381
Position: 46.33 26.16 -615.81 Orientation: 0.2388 -0.0134 0.9681 -0.0737 Time: 4943584126100
Position: 46.33 26.16 -615.81 Orientation: 0.2388 -0.0134 0.9681 -0.0737 Time: 4943615122583
Position: 46.32 26.15 -615.81 Orientation: 0.2394 -0.0135 0.9679 -0.0737 Time: 4943646132183
Position: 46.32 26.15 -615.81 Orientation: 0.2394 -0.0135 0.9679 -0.0737 Time: 4943678267559
Position: 46.33 26.16 -615.79 Orientation: 0.2386 -0.0133 0.9682 -0.0737 Time: 4943709119185
Position: 46.33 26.16 -615.79 Orientation: 0.2386 -0.0133 0.9682 -0.0737 Time: 4943709119185
Position: 46.32 26.15 -615.82 Orientation: 0.2395 -0.0135 0.9679 -0.0737 Time: 4943763126212
Position: 46.32 26.15 -615.81 Orientation: 0.2391 -0.0136 0.968 -0.0737 Time: 4943802144563
Position: 46.33 26.16 -615.81 Orientation: 0.2389 -0.0135 0.9681 -0.0737 Time: 4943834116262
Position: 46.33 26.16 -615.81 Orientation: 0.2389 -0.0135 0.9681 -0.0737 Time: 4943865112745
Position: 46.32 26.16 -615.8 Orientation: 0.2388 -0.0134 0.9681 -0.0737 Time: 4943896102955
Position: 46.32 26.16 -615.8 Orientation: 0.2388 -0.0134 0.9681 -0.0737 Time: 4943927152476
Position: 46.33 26.16 -615.8 Orientation: 0.2391 -0.0133 0.968 -0.0737 Time: 4943958114171
Position: 46.32 26.15 -615.8 Orientation: 0.2392 -0.0135 0.968 -0.0737 Time: 4943990161150
Position: 46.32 26.15 -615.8 Orientation: 0.2392 -0.0135 0.968 -0.0737 Time: 4944021084064
Position: 46.33 26.16 -615.8 Orientation: 0.2389 -0.0134 0.9681 -0.0737 Time: 4944052192896
Position: 46.32 26.16 -615.8 Orientation: 0.2393 -0.0134 0.968 -0.0737 Time: 4944083119232
Position: 46.32 26.16 -615.8 Orientation: 0.2393 -0.0134 0.968 -0.0737 Time: 4944114111152
Position: 46.32 26.16 -615.82 Orientation: 0.2392 -0.0134 0.968 -0.0737 Time: 4944146117070
Position: 46.32 26.16 -615.82 Orientation: 0.2392 -0.0134 0.968 -0.0737 Time: 4944177124959
Position: 46.32 26.16 -615.8 Orientation: 0.2387 -0.0133 0.9681 -0.0737 Time: 4944208124864
Position: 46.33 26.16 -615.78 Orientation: 0.2386 -0.0134 0.9682 -0.0737 Time: 4944239125339
Position: 46.33 26.16 -615.78 Orientation: 0.2386 -0.0134 0.9682 -0.0737 Time: 4944270114408
Position: 46.33 26.16 -615.8 Orientation: 0.2389 -0.0134 0.9681 -0.0737 Time: 4944302147129
Position: 46.32 26.16 -615.82 Orientation: 0.2393 -0.0136 0.968 -0.0738 Time: 4944333140761
Position: 46.32 26.16 -615.82 Orientation: 0.2393 -0.0136 0.968 -0.0738 Time: 4944364165189
Position: 46.33 26.15 -615.79 Orientation: 0.2386 -0.0134 0.9682 -0.0737 Time: 4944395108633
Position: 46.33 26.15 -615.79 Orientation: 0.2386 -0.0134 0.9682 -0.0737 Time: 4944426114812
Position: 46.33 26.16 -615.8 Orientation: 0.2388 -0.0135 0.9681 -0.0738 Time: 4944458088222
Position: 46.32 26.16 -615.82 Orientation: 0.2389 -0.0135 0.9681 -0.0737 Time: 4944489138883
Position: 46.32 26.16 -615.82 Orientation: 0.2389 -0.0135 0.9681 -0.0737 Time: 4944520110843
Position: 46.33 26.16 -615.79 Orientation: 0.2385 -0.0136 0.9682 -0.0738 Time: 4944551166638
Position: 46.33 26.16 -615.81 Orientation: 0.239 -0.0136 0.9681 -0.0738 Time: 4944582107231
Position: 46.33 26.16 -615.81 Orientation: 0.239 -0.0136 0.9681 -0.0738 Time: 4944614100032
Position: 46.33 26.15 -615.8 Orientation: 0.2388 -0.0136 0.9681 -0.0738 Time: 4944645107350
Position: 46.33 26.15 -615.8 Orientation: 0.2388 -0.0136 0.9681 -0.0738 Time: 4944676122653
Position: 46.33 26.16 -615.8 Orientation: 0.2389 -0.0133 0.9681 -0.0737 Time: 4944707112863
Position: 46.33 26.15 -615.81 Orientation: 0.2388 -0.0135 0.9681 -0.0737 Time: 4944738098510
Position: 46.33 26.15 -615.81 Orientation: 0.2388 -0.0135 0.9681 -0.0737 Time: 4944770108990
Position: 46.33 26.15 -615.79 Orientation: 0.2385 -0.0134 0.9682 -0.0738 Time: 4944801110035
Position: 46.33 26.15 -615.79 Orientation: 0.2385 -0.0135 0.9682 -0.0738 Time: 4944832106518
Position: 46.33 26.15 -615.79 Orientation: 0.2385 -0.0135 0.9682 -0.0738 Time: 4944863095017
Position: 46.33 26.15 -615.81 Orientation: 0.2391 -0.0133 0.968 -0.0737 Time: 4944894111460
Position: 46.33 26.15 -615.81 Orientation: 0.2391 -0.0133 0.968 -0.0737 Time: 4944926093425
Position: 46.33 26.15 -615.8 Orientation: 0.239 -0.0134 0.9681 -0.0737 Time: 4944957099033
Position: 46.34 26.15 -615.79 Orientation: 0.2383 -0.0134 0.9682 -0.0737 Time: 4944988089813
Position: 46.34 26.15 -615.79 Orientation: 0.2383 -0.0134 0.9682 -0.0737 Time: 4945019096561
Position: 46.33 26.15 -615.8 Orientation: 0.2387 -0.0133 0.9681 -0.0737 Time: 4945050215659
Position: 46.32 26.15 -615.81 Orientation: 0.239 -0.0134 0.9681 -0.0737 Time: 4945082094399
Position: 46.32 26.15 -615.81 Orientation: 0.239 -0.0134 0.9681 -0.0737 Time: 4945113090312
Position: 46.33 26.15 -615.81 Orientation: 0.2387 -0.0135 0.9681 -0.0737 Time: 4945144099342
Position: 46.33 26.15 -615.81 Orientation: 0.2387 -0.0135 0.9681 -0.0737 Time: 4945175094114
Position: 46.33 26.15 -615.8 Orientation: 0.239 -0.0132 0.9681 -0.0737 Time: 4945206100292
Position: 46.33 26.16 -615.8 Orientation: 0.2386 -0.0135 0.9681 -0.0738 Time: 4945238094233
Position: 46.33 26.16 -615.8 Orientation: 0.2386 -0.0135 0.9681 -0.0738 Time: 4945269095848
Position: 46.33 26.14 -615.77 Orientation: 0.2385 -0.0135 0.9682 -0.0737 Time: 4945300152213
Position: 46.33 26.16 -615.82 Orientation: 0.2394 -0.0133 0.968 -0.0736 Time: 4945331093947
Position: 46.33 26.16 -615.82 Orientation: 0.2394 -0.0133 0.968 -0.0736 Time: 4945362090430
Position: 46.33 26.15 -615.77 Orientation: 0.2385 -0.0134 0.9682 -0.0737 Time: 4945394090074
Position: 46.33 26.15 -615.77 Orientation: 0.2385 -0.0134 0.9682 -0.0737 Time: 4945425092830
Position: 46.33 26.17 -615.81 Orientation: 0.239 -0.0135 0.9681 -0.0737 Time: 4945456089313
Position: 46.33 26.15 -615.78 Orientation: 0.2384 -0.0133 0.9682 -0.0737 Time: 4945487112030
Position: 46.33 26.15 -615.78 Orientation: 0.2384 -0.0133 0.9682 -0.0737 Time: 4945518093115
Position: 46.33 26.16 -615.8 Orientation: 0.239 -0.0135 0.9681 -0.0738 Time: 4945550148078
Position: 46.32 26.16 -615.79 Orientation: 0.2391 -0.0136 0.968 -0.0738 Time: 4945581092094
Position: 46.32 26.16 -615.79 Orientation: 0.2391 -0.0136 0.968 -0.0738 Time: 4945612082874
Position: 46.32 26.15 -615.8 Orientation: 0.2393 -0.0134 0.968 -0.0737 Time: 4945643086200
Position: 46.32 26.15 -615.8 Orientation: 0.2393 -0.0134 0.968 -0.0737 Time: 4945675083563
Position: 46.32 26.16 -615.83 Orientation: 0.2398 -0.0136 0.9679 -0.0737 Time: 4945706096014
Position: 46.33 26.15 -615.81 Orientation: 0.2389 -0.0134 0.9681 -0.0737 Time: 4945737078240
Position: 46.33 26.15 -615.81 Orientation: 0.2389 -0.0134 0.9681 -0.0737 Time: 4945768088980
Position: 46.33 26.16 -615.79 Orientation: 0.2387 -0.0134 0.9681 -0.0737 Time: 4945799083752
Position: 46.33 26.16 -615.79 Orientation: 0.2387 -0.0134 0.9681 -0.0737 Time: 4945830088790
Position: 46.32 26.16 -615.81 Orientation: 0.2391 -0.0135 0.968 -0.0737 Time: 4945862074176
Position: 46.32 26.16 -615.81 Orientation: 0.2394 -0.0134 0.968 -0.0737 Time: 4945893083206
Position: 46.32 26.16 -615.81 Orientation: 0.2394 -0.0134 0.968 -0.0737 Time: 4945924071705
Position: 46.33 26.16 -615.8 Orientation: 0.2391 -0.0134 0.968 -0.0737 Time: 4945955082445
Position: 46.32 26.16 -615.81 Orientation: 0.2391 -0.0135 0.968 -0.0737 Time: 4945986076077
Position: 46.32 26.16 -615.81 Orientation: 0.2391 -0.0135 0.968 -0.0737 Time: 4946018077432
Position: 46.33 26.16 -615.78 Orientation: 0.2383 -0.0133 0.9682 -0.0737 Time: 4946049069352
Position: 46.33 26.16 -615.8 Orientation: 0.2386 -0.0134 0.9682 -0.0738 Time: 4946080078382
Position: 46.33 26.16 -615.8 Orientation: 0.2386 -0.0134 0.9682 -0.0738 Time: 4946111073154
Position: 46.32 26.15 -615.81 Orientation: 0.2391 -0.0135 0.968 -0.0737 Time: 4946142078191
Position: 46.32 26.15 -615.81 Orientation: 0.2391 -0.0135 0.968 -0.0737 Time: 4946174047039
Position: 46.33 26.16 -615.8 Orientation: 0.2389 -0.0134 0.9681 -0.0737 Time: 4946205071467
Position: 46.32 26.15 -615.8 Orientation: 0.239 -0.0134 0.968 -0.0737 Time: 4946236066809
Position: 46.32 26.15 -615.8 Orientation: 0.239 -0.0134 0.968 -0.0737 Time: 4946267080401
Position: 46.32 26.16 -615.82 Orientation: 0.2394 -0.0136 0.9679 -0.0737 Time: 4946298107110
Position: 46.32 26.16 -615.82 Orientation: 0.2394 -0.0136 0.9679 -0.0737 Time: 4946330081661
Position: 46.33 26.16 -615.82 Orientation: 0.2392 -0.0134 0.968 -0.0737 Time: 4946361077003
Position: 46.33 26.16 -615.78 Orientation: 0.2385 -0.0134 0.9682 -0.0737 Time: 4946392071205
Position: 46.33 26.16 -615.78 Orientation: 0.2385 -0.0134 0.9682 -0.0737 Time: 4946423068258
Position: 46.33 26.16 -615.8 Orientation: 0.2388 -0.0133 0.9681 -0.0737 Time: 4946454068733
Position: 46.32 26.16 -615.8 Orientation: 0.239 -0.0135 0.9681 -0.0738 Time: 4946486040433
Position: 46.32 26.16 -615.8 Orientation: 0.239 -0.0135 0.9681 -0.0738 Time: 4946517072845
Position: 46.33 26.16 -615.79 Orientation: 0.2387 -0.0132 0.9681 -0.0737 Time: 4946548061343
Position: 46.33 26.16 -615.79 Orientation: 0.2387 -0.0132 0.9681 -0.0737 Time: 4946579068092
Position: 46.33 26.16 -615.81 Orientation: 0.239 -0.0133 0.9681 -0.0737 Time: 4946611063174
Position: 46.33 26.16 -615.79 Orientation: 0.2387 -0.0133 0.9681 -0.0737 Time: 4946642071633
Position: 46.33 26.16 -615.79 Orientation: 0.2387 -0.0133 0.9681 -0.0737 Time: 4946673061272
Position: 46.32 26.16 -615.8 Orientation: 0.2391 -0.0136 0.968 -0.0738 Time: 4946704063458
Position: 46.33 26.16 -615.81 Orientation: 0.2391 -0.0135 0.968 -0.0737 Time: 4946735072488
Position: 46.33 26.16 -615.81 Orientation: 0.2391 -0.0135 0.968 -0.0737 Time: 4946766063268
Position: 46.32 26.15 -615.8 Orientation: 0.2391 -0.0134 0.968 -0.0737 Time: 4946798058349
Position: 46.32 26.15 -615.8 Orientation: 0.2391 -0.0134 0.968 -0.0737 Time: 4946829060535
Position: 46.33 26.17 -615.78 Orientation: 0.2387 -0.0134 0.9681 -0.0738 Time: 4946860220125
Position: 46.32 26.16 -615.81 Orientation: 0.2393 -0.0133 0.968 -0.0737 Time: 4946891066048
Position: 46.32 26.16 -615.81 Orientation: 0.2393 -0.0133 0.968 -0.0737 Time: 4946922055687
Position: 46.32 26.16 -615.8 Orientation: 0.2392 -0.0135 0.968 -0.0737 Time: 4946954061034
Position: 46.33 26.16 -615.79 Orientation: 0.2388 -0.0134 0.9681 -0.0737 Time: 4946985066072
Position: 46.33 26.16 -615.79 Orientation: 0.2388 -0.0134 0.9681 -0.0737 Time: 4947016056852
Position: 46.33 26.16 -615.79 Orientation: 0.2386 -0.0133 0.9682 -0.0737 Time: 4947047064741
Position: 46.33 26.16 -615.79 Orientation: 0.2386 -0.0133 0.9682 -0.0737 Time: 4947078056661
Position: 46.33 26.16 -615.8 Orientation: 0.2388 -0.0134 0.9681 -0.0737 Time: 4947110053454
Position: 46.33 26.15 -615.78 Orientation: 0.2388 -0.0134 0.9681 -0.0737 Time: 4947141059632
Position: 46.33 26.15 -615.78 Orientation: 0.2388 -0.0134 0.9681 -0.0737 Time: 4947172053263
Position: 46.32 26.16 -615.81 Orientation: 0.2395 -0.0135 0.9679 -0.0737 Time: 4947203054309
Position: 46.33 26.16 -615.79 Orientation: 0.2387 -0.0133 0.9681 -0.0737 Time: 4947234031401
Position: 46.33 26.16 -615.79 Orientation: 0.2387 -0.0133 0.9681 -0.0737 Time: 4947266055569
Position: 46.32 26.16 -615.81 Orientation: 0.2394 -0.0135 0.968 -0.0737 Time: 4947297047489
Position: 46.32 26.16 -615.81 Orientation: 0.2394 -0.0135 0.968 -0.0737 Time: 4947328058800
Position: 46.33 26.16 -615.81 Orientation: 0.2388 -0.0134 0.9681 -0.0737 Time: 4947359048439
Position: 46.32 26.16 -615.82 Orientation: 0.2395 -0.0135 0.9679 -0.0737 Time: 4947390050625
Position: 46.32 26.16 -615.82 Orientation: 0.2395 -0.0135 0.9679 -0.0737 Time: 4947422021184
Position: 46.33 26.16 -615.81 Orientation: 0.2389 -0.0135 0.9681 -0.0737 Time: 4947453046752
Position: 46.33 26.16 -615.82 Orientation: 0.2391 -0.0136 0.968 -0.0737 Time: 4947484074602
Position: 46.33 26.16 -615.82 Orientation: 0.2391 -0.0136 0.968 -0.0737 Time: 4947515052265
Position: 46.33 26.16 -615.79 Orientation: 0.2386 -0.0134 0.9682 -0.0738 Time: 4947546041904
Position: 46.33 26.16 -615.79 Orientation: 0.2386 -0.0134 0.9682 -0.0738 Time: 4947578047251
Position: 46.33 26.16 -615.8 Orientation: 0.2388 -0.0134 0.9681 -0.0737 Time: 4947609038602
Position: 46.33 26.16 -615.8 Orientation: 0.2386 -0.0133 0.9682 -0.0737 Time: 4947640048201
Position: 46.33 26.16 -615.8 Orientation: 0.2386 -0.0133 0.9682 -0.0737 Time: 4947671040692
Position: 46.33 26.16 -615.8 Orientation: 0.2387 -0.0135 0.9681 -0.0738 Time: 4947702048581
Position: 46.34 26.16 -615.79 Orientation: 0.2384 -0.0133 0.9682 -0.0737 Time: 4947734038530
Position: 46.34 26.16 -615.79 Orientation: 0.2384 -0.0133 0.9682 -0.0737 Time: 4947765041287
Position: 46.33 26.16 -615.81 Orientation: 0.239 -0.0134 0.9681 -0.0738 Time: 4947796040051
Position: 46.33 26.16 -615.81 Orientation: 0.239 -0.0134 0.9681 -0.0738 Time: 4947827047940
Position: 46.32 26.16 -615.81 Orientation: 0.2389 -0.0136 0.9681 -0.0738 Time: 4947858035868
Position: 46.33 26.16 -615.8 Orientation: 0.2388 -0.0135 0.9681 -0.0738 Time: 4947890043496
Position: 46.33 26.16 -615.8 Orientation: 0.2388 -0.0135 0.9681 -0.0738 Time: 4947921040550
Position: 46.32 26.16 -615.82 Orientation: 0.2398 -0.0135 0.9679 -0.0737 Time: 4947952046157
Position: 46.33 26.16 -615.81 Orientation: 0.2391 -0.0136 0.968 -0.0738 Time: 4947983032375
Position: 46.33 26.16 -615.81 Orientation: 0.2391 -0.0136 0.968 -0.0738 Time: 4948014039694
Position: 46.32 26.16 -615.81 Orientation: 0.2393 -0.0136 0.968 -0.0737 Time: 4948046033635
Position: 46.32 26.16 -615.81 Orientation: 0.2393 -0.0136 0.968 -0.0737 Time: 4948077033540
Position: 46.33 26.16 -615.81 Orientation: 0.2388 -0.0135 0.9681 -0.0738 Time: 4948108029452
Position: 46.33 26.16 -615.81 Orientation: 0.2388 -0.0135 0.9681 -0.0737 Time: 4948139045896
Position: 46.33 26.16 -615.81 Orientation: 0.2388 -0.0135 0.9681 -0.0737 Time: 4948170029262
Position: 46.33 26.16 -615.81 Orientation: 0.239 -0.0135 0.9681 -0.0737 Time: 4948202039742
Position: 46.33 26.16 -615.8 Orientation: 0.2388 -0.0134 0.9681 -0.0737 Time: 4948233031092
Position: 46.33 26.16 -615.8 Orientation: 0.2388 -0.0134 0.9681 -0.0737 Time: 4948264031567
Position: 46.32 26.16 -615.79 Orientation: 0.239 -0.0135 0.9681 -0.0737 Time: 4948295006378
Position: 46.32 26.16 -615.79 Orientation: 0.239 -0.0135 0.9681 -0.0737 Time: 4948326002291
Position: 46.33 26.16 -615.8 Orientation: 0.2389 -0.0135 0.9681 -0.0737 Time: 4948358024177
Position: 46.33 26.16 -615.79 Orientation: 0.239 -0.0134 0.9681 -0.0737 Time: 4948389034917
Position: 46.33 26.16 -615.79 Orientation: 0.239 -0.0134 0.9681 -0.0737 Time: 4948421203941
Position: 46.32 26.16 -615.81 Orientation: 0.2393 -0.0136 0.968 -0.0737 Time: 4948451040430
Position: 46.33 26.16 -615.81 Orientation: 0.239 -0.0136 0.9681 -0.0738 Time: 4948482028929
Position: 46.33 26.16 -615.81 Orientation: 0.239 -0.0136 0.9681 -0.0738 Time: 4948514028573
Position: 46.33 26.16 -615.82 Orientation: 0.2391 -0.0135 0.968 -0.0737 Time: 4948545029048
Position: 46.33 26.16 -615.82 Orientation: 0.2391 -0.0135 0.968 -0.0737 Time: 4948576026101
Position: 46.33 26.16 -615.79 Orientation: 0.2383 -0.0135 0.9682 -0.0738 Time: 4948607017451
Position: 46.33 26.16 -615.81 Orientation: 0.2388 -0.0135 0.9681 -0.0738 Time: 4948638033895
Position: 46.33 26.16 -615.81 Orientation: 0.2388 -0.0135 0.9681 -0.0738 Time: 4948669995899
Position: 46.33 26.16 -615.78 Orientation: 0.2382 -0.0134 0.9683 -0.0737 Time: 4948701022608
Position: 46.32 26.16 -615.83 Orientation: 0.2395 -0.0135 0.9679 -0.0737 Time: 4948732032208
Position: 46.32 26.16 -615.83 Orientation: 0.2395 -0.0135 0.9679 -0.0737 Time: 4948763023558
Position: 46.33 26.16 -615.8 Orientation: 0.2387 -0.0133 0.9681 -0.0737 Time: 4948793996659
Position: 46.33 26.16 -615.8 Orientation: 0.2387 -0.0133 0.9681 -0.0737 Time: 4948826029380
Position: 46.33 26.15 -615.8 Orientation: 0.2393 -0.0133 0.968 -0.0737 Time: 4948857019020
Position: 46.33 26.16 -615.79 Orientation: 0.2386 -0.0134 0.9682 -0.0737 Time: 4948888029190
Position: 46.33 26.16 -615.79 Orientation: 0.2386 -0.0134 0.9682 -0.0737 Time: 4948919005712
Position: 46.33 26.15 -615.78 Orientation: 0.2386 -0.0133 0.9682 -0.0737 Time: 4948950052952
Position: 46.33 26.15 -615.81 Orientation: 0.239 -0.0133 0.9681 -0.0737 Time: 4948982014386
Position: 46.33 26.15 -615.81 Orientation: 0.239 -0.0133 0.9681 -0.0737 Time: 4949013020564
Position: 46.33 26.15 -615.81 Orientation: 0.2388 -0.0135 0.9681 -0.0737 Time: 4949044015336
Position: 46.33 26.15 -615.81 Orientation: 0.2388 -0.0135 0.9681 -0.0737 Time: 4949075023225
Position: 46.33 26.15 -615.79 Orientation: 0.239 -0.0132 0.9681 -0.0737 Time: 4949106012294
Position: 46.33 26.14 -615.77 Orientation: 0.2384 -0.0135 0.9682 -0.0737 Time: 4949138015930
Position: 46.33 26.14 -615.77 Orientation: 0.2384 -0.0135 0.9682 -0.0737 Time: 4949169006710
Position: 46.33 26.14 -615.79 Orientation: 0.2386 -0.0134 0.9681 -0.0738 Time: 4949200060223
Position: 46.33 26.14 -615.79 Orientation: 0.2387 -0.0135 0.9681 -0.0738 Time: 4949231008801
Position: 46.33 26.14 -615.79 Orientation: 0.2387 -0.0135 0.9681 -0.0738 Time: 4949262013268
Position: 46.34 26.14 -615.78 Orientation: 0.2383 -0.0134 0.9682 -0.0737 Time: 4949294002077
Position: 46.34 26.14 -615.78 Orientation: 0.2383 -0.0134 0.9682 -0.0737 Time: 4949325009966
Position: 46.34 26.14 -615.78 Orientation: 0.2384 -0.0133 0.9682 -0.0737 Time: 4949355980215
Position: 46.34 26.14 -615.77 Orientation: 0.2387 -0.0134 0.9681 -0.0737 Time: 4949387010916
Position: 46.34 26.14 -615.77 Orientation: 0.2387 -0.0134 0.9681 -0.0737 Time: 4949418003406
Position: 46.33 26.14 -615.8 Orientation: 0.2391 -0.0134 0.968 -0.0737 Time: 4949450060651
Position: 46.33 26.14 -615.81 Orientation: 0.2394 -0.0135 0.968 -0.0737 Time: 4949481006947
Position: 46.33 26.14 -615.81 Orientation: 0.2394 -0.0135 0.968 -0.0737 Time: 4949512010274
Position: 46.34 26.13 -615.75 Orientation: 0.238 -0.0134 0.9683 -0.0737 Time: 4949543006187
Position: 46.34 26.13 -615.75 Orientation: 0.238 -0.0134 0.9683 -0.0737 Time: 4949574007802
Position: 46.33 26.14 -615.78 Orientation: 0.2388 -0.0135 0.9681 -0.0737 Time: 4949606004595
Position: 46.33 26.14 -615.8 Orientation: 0.239 -0.0134 0.9681 -0.0737 Time: 4949637011343
Position: 46.33 26.14 -615.8 Orientation: 0.239 -0.0134 0.9681 -0.0737 Time: 4949668008967
Position: 46.34 26.14 -615.8 Orientation: 0.2389 -0.0134 0.9681 -0.0737 Time: 4949699008301
Position: 46.33 26.14 -615.8 Orientation: 0.239 -0.0135 0.9681 -0.0738 Time: 4949730001933
Position: 46.33 26.14 -615.8 Orientation: 0.239 -0.0135 0.9681 -0.0738 Time: 4949762004999
Position: 46.33 26.14 -615.81 Orientation: 0.239 -0.0136 0.9681 -0.0737 Time: 4949792995779
Position: 46.33 26.14 -615.81 Orientation: 0.239 -0.0136 0.9681 -0.0737 Time: 4949824001386
Position: 46.33 26.15 -615.79 Orientation: 0.2387 -0.0134 0.9681 -0.0737 Time: 4949854997299
Position: 46.33 26.14 -615.78 Orientation: 0.2385 -0.0135 0.9682 -0.0737 Time: 4949886000626
Position: 46.33 26.14 -615.78 Orientation: 0.2385 -0.0135 0.9682 -0.0737 Time: 4949918003121
Position: 46.33 26.14 -615.81 Orientation: 0.2392 -0.0135 0.968 -0.0737 Time: 4949948999034
Position: 46.33 26.14 -615.79 Orientation: 0.239 -0.0135 0.9681 -0.0737 Time: 4949979973845
Position: 46.33 26.14 -615.79 Orientation: 0.239 -0.0135 0.9681 -0.0737 Time: 4950011005117
Position: 46.33 26.15 -615.79 Orientation: 0.2389 -0.0135 0.9681 -0.0737 Time: 4950041993045
Position: 46.33 26.15 -615.79 Orientation: 0.2389 -0.0135 0.9681 -0.0737 Time: 4950073998392
Position: 46.32 26.15 -615.79 Orientation: 0.2395 -0.0134 0.9679 -0.0737 Time: 4950104987461
Position: 46.33 26.14 -615.8 Orientation: 0.2391 -0.0134 0.968 -0.0737 Time: 4950135996491
Position: 46.33 26.14 -615.8 Orientation: 0.2391 -0.0134 0.968 -0.0737 Time: 4950166990693
Position: 46.33 26.15 -615.8 Orientation: 0.2389 -0.0135 0.9681 -0.0737 Time: 4950197995730
Position: 46.33 26.15 -615.8 Orientation: 0.2391 -0.0136 0.968 -0.0738 Time: 4950229989101
Position: 46.33 26.15 -615.8 Orientation: 0.2391 -0.0136 0.968 -0.0738 Time: 4950260990717
Position: 46.33 26.15 -615.79 Orientation: 0.2389 -0.0134 0.9681 -0.0737 Time: 4950291987200
Position: 46.33 26.15 -615.79 Orientation: 0.2389 -0.0134 0.9681 -0.0737 Time: 4950322996229
Position: 46.32 26.15 -615.8 Orientation: 0.2395 -0.0135 0.9679 -0.0737 Time: 4950353978455
Position: 46.33 26.15 -615.8 Orientation: 0.2389 -0.0134 0.9681 -0.0737 Time: 4950385992927
Position: 46.33 26.15 -615.8 Orientation: 0.2389 -0.0134 0.9681 -0.0737 Time: 4950417015073
Position: 46.34 26.15 -615.78 Orientation: 0.2383 -0.0133 0.9682 -0.0737 Time: 4950447988174
Position: 46.33 26.15 -615.79 Orientation: 0.2388 -0.0135 0.9681 -0.0738 Time: 4950478984086
Position: 46.33 26.15 -615.79 Orientation: 0.2388 -0.0135 0.9681 -0.0738 Time: 4950509988554
Position: 46.33 26.15 -615.8 Orientation: 0.239 -0.0135 0.9681 -0.0737 Time: 4950541985916
Position: 46.33 26.15 -615.8 Orientation: 0.239 -0.0135 0.9681 -0.0737 Time: 4950572983540
Position: 46.33 26.15 -615.81 Orientation: 0.239 -0.0134 0.9681 -0.0737 Time: 4950603981164
Position: 46.34 26.15 -615.78 Orientation: 0.2386 -0.0133 0.9681 -0.0737 Time: 4950634985060
Position: 46.34 26.15 -615.78 Orientation: 0.2386 -0.0133 0.9681 -0.0737 Time: 4950665978692
Position: 46.33 26.15 -615.8 Orientation: 0.2391 -0.0134 0.968 -0.0737 Time: 4950697993164
Position: 46.33 26.14 -615.77 Orientation: 0.2386 -0.0135 0.9682 -0.0738 Time: 4950728976530
Position: 46.33 26.14 -615.77 Orientation: 0.2386 -0.0135 0.9682 -0.0738 Time: 4950759990692
Position: 46.33 26.15 -615.79 Orientation: 0.2387 -0.0136 0.9681 -0.0738 Time: 4950790978050
Position: 46.33 26.15 -615.79 Orientation: 0.2387 -0.0136 0.9681 -0.0738 Time: 4950821986510
Position: 46.33 26.15 -615.82 Orientation: 0.2392 -0.0135 0.968 -0.0737 Time: 4950853978740
Position: 46.32 26.15 -615.83 Orientation: 0.2397 -0.0135 0.9679 -0.0737 Time: 4950884973512
Position: 46.32 26.15 -615.83 Orientation: 0.2397 -0.0135 0.9679 -0.0737 Time: 4950915971706
Position: 46.33 26.14 -615.8 Orientation: 0.2387 -0.0135 0.9681 -0.0737 Time: 4950946979595
Position: 46.33 26.15 -615.8 Orientation: 0.2389 -0.0134 0.9681 -0.0737 Time: 4950978973536
Position: 46.33 26.15 -615.8 Orientation: 0.2389 -0.0134 0.9681 -0.0737 Time: 4951009984276
Position: 46.33 26.15 -615.8 Orientation: 0.2391 -0.0135 0.968 -0.0737 Time: 4951040981330
Position: 46.33 26.15 -615.8 Orientation: 0.2391 -0.0135 0.968 -0.0737 Time: 4951071980664
Position: 46.33 26.15 -615.8 Orientation: 0.2388 -0.0134 0.9681 -0.0737 Time: 4951102981139
Position: 46.33 26.14 -615.78 Orientation: 0.2386 -0.0133 0.9682 -0.0737 Time: 4951133983325
Position: 46.33 26.14 -615.78 Orientation: 0.2386 -0.0133 0.9682 -0.0737 Time: 4951165977266
Position: 46.34 26.14 -615.78 Orientation: 0.2385 -0.0134 0.9682 -0.0737 Time: 4951196978882
Position: 46.33 26.15 -615.79 Orientation: 0.2387 -0.0134 0.9681 -0.0737 Time: 4951227942287
Position: 46.33 26.15 -615.79 Orientation: 0.2387 -0.0134 0.9681 -0.0737 Time: 4951258973559
Position: 46.33 26.15 -615.8 Orientation: 0.239 -0.0135 0.9681 -0.0737 Time: 4951289969471
Position: 46.33 26.15 -615.8 Orientation: 0.239 -0.0135 0.9681 -0.0737 Time: 4951321971967
Position: 46.33 26.15 -615.78 Orientation: 0.2386 -0.0134 0.9682 -0.0737 Time: 4951352968450
Position: 46.33 26.14 -615.78 Orientation: 0.2387 -0.0135 0.9681 -0.0738 Time: 4951383978050
Position: 46.33 26.14 -615.78 Orientation: 0.2387 -0.0135 0.9681 -0.0738 Time: 4951414967689
Position: 46.33 26.15 -615.79 Orientation: 0.239 -0.0135 0.9681 -0.0737 Time: 4951445970445
Position: 46.33 26.15 -615.79 Orientation: 0.2388 -0.0134 0.9681 -0.0737 Time: 4951477963816
Position: 46.33 26.15 -615.79 Orientation: 0.2388 -0.0134 0.9681 -0.0737 Time: 4951508969424
Position: 46.32 26.15 -615.81 Orientation: 0.2392 -0.0136 0.968 -0.0737 Time: 4951539964766
Position: 46.32 26.15 -615.81 Orientation: 0.2392 -0.0136 0.968 -0.0737 Time: 4951571028545
Position: 46.33 26.15 -615.78 Orientation: 0.2385 -0.0134 0.9682 -0.0737 Time: 4951601957732
Position: 46.33 26.15 -615.78 Orientation: 0.2385 -0.0134 0.9682 -0.0737 Time: 4951633971064
Position: 46.33 26.15 -615.78 Orientation: 0.2385 -0.0134 0.9682 -0.0737 Time: 4951664959562
Position: 46.33 26.15 -615.8 Orientation: 0.2388 -0.0135 0.9681 -0.0737 Time: 4951695964600
Position: 46.33 26.15 -615.79 Orientation: 0.2389 -0.0133 0.9681 -0.0737 Time: 4951726962794
Position: 46.33 26.15 -615.79 Orientation: 0.2389 -0.0133 0.9681 -0.0737 Time: 4951757962698
Position: 46.33 26.15 -615.78 Orientation: 0.2389 -0.0135 0.9681 -0.0737 Time: 4951789960061
Position: 46.33 26.15 -615.78 Orientation: 0.2389 -0.0135 0.9681 -0.0737 Time: 4951820963958
Position: 46.33 26.15 -615.79 Orientation: 0.2389 -0.0134 0.9681 -0.0737 Time: 4951851950746
Position: 46.33 26.14 -615.79 Orientation: 0.2389 -0.0134 0.9681 -0.0737 Time: 4951882962057
Position: 46.33 26.14 -615.79 Orientation: 0.2389 -0.0134 0.9681 -0.0737 Time: 4951913967094
Position: 46.33 26.15 -615.8 Orientation: 0.2393 -0.0134 0.968 -0.0737 Time: 4951945966738
Position: 46.33 26.15 -615.8 Orientation: 0.239 -0.0134 0.9681 -0.0737 Time: 4951976955807
Position: 46.33 26.15 -615.8 Orientation: 0.239 -0.0134 0.9681 -0.0737 Time: 4952007960845
Position: 46.32 26.15 -615.8 Orientation: 0.2393 -0.0135 0.968 -0.0737 Time: 4952038953906
Position: 46.32 26.15 -615.8 Orientation: 0.2393 -0.0135 0.968 -0.0737 Time: 4952069958943
Position: 46.32 26.14 -615.8 Orientation: 0.2392 -0.0135 0.968 -0.0736 Time: 4952101952314
Position: 46.33 26.16 -615.8 Orientation: 0.239 -0.0135 0.9681 -0.0737 Time: 4952132956781
Position: 46.33 26.16 -615.8 Orientation: 0.239 -0.0135 0.9681 -0.0737 Time: 4952163928171
Position: 46.34 26.15 -615.77 Orientation: 0.238 -0.0135 0.9683 -0.0738 Time: 4952194956591
Position: 46.33 26.16 -615.8 Orientation: 0.2391 -0.0135 0.968 -0.0737 Time: 4952225922278
Position: 46.33 26.16 -615.8 Orientation: 0.2391 -0.0135 0.968 -0.0737 Time: 4952257961273
Position: 46.33 26.15 -615.81 Orientation: 0.2389 -0.0134 0.9681 -0.0737 Time: 4952288938936
Position: 46.33 26.15 -615.81 Orientation: 0.2389 -0.0134 0.9681 -0.0737 Time: 4952319963363
Position: 46.33 26.16 -615.8 Orientation: 0.2393 -0.0137 0.968 -0.0738 Time: 4952350960417
Position: 46.33 26.15 -615.82 Orientation: 0.2392 -0.0136 0.968 -0.0738 Time: 4952381952907
Position: 46.33 26.15 -615.82 Orientation: 0.2392 -0.0136 0.968 -0.0738 Time: 4952413947989
Position: 46.32 26.15 -615.81 Orientation: 0.2392 -0.0135 0.968 -0.0737 Time: 4952444954167
Position: 46.33 26.15 -615.8 Orientation: 0.2389 -0.0134 0.9681 -0.0737 Time: 4952475943807
Position: 46.33 26.15 -615.8 Orientation: 0.2389 -0.0134 0.9681 -0.0737 Time: 4952506953977
Position: 46.33 26.15 -615.78 Orientation: 0.2389 -0.0134 0.9681 -0.0737 Time: 4952537944757
Position: 46.33 26.15 -615.78 Orientation: 0.2389 -0.0134 0.9681 -0.0737 Time: 4952569947252
Position: 46.33 26.15 -615.77 Orientation: 0.2384 -0.0135 0.9682 -0.0738 Time: 4952600944306
Position: 46.32 26.15 -615.8 Orientation: 0.2391 -0.0136 0.968 -0.0737 Time: 4952631952765
Position: 46.32 26.15 -615.8 Orientation: 0.2391 -0.0136 0.968 -0.0737 Time: 4952662953240
Position: 46.33 26.15 -615.79 Orientation: 0.2389 -0.0135 0.9681 -0.0737 Time: 4952693945731
Position: 46.32 26.15 -615.82 Orientation: 0.2396 -0.0136 0.9679 -0.0737 Time: 4952725945945
Position: 46.32 26.15 -615.82 Orientation: 0.2396 -0.0136 0.9679 -0.0737 Time: 4952756939577
Position: 46.33 26.15 -615.78 Orientation: 0.2388 -0.0134 0.9681 -0.0737 Time: 4952787927505
Position: 46.33 26.15 -615.78 Orientation: 0.2388 -0.0134 0.9681 -0.0737 Time: 4952818943378
Position: 46.33 26.15 -615.79 Orientation: 0.2384 -0.0135 0.9682 -0.0737 Time: 4952850068179
Position: 46.32 26.16 -615.79 Orientation: 0.2392 -0.0135 0.968 -0.0737 Time: 4952881941786
Position: 46.32 26.16 -615.79 Orientation: 0.2392 -0.0135 0.968 -0.0737 Time: 4952912908614
Position: 46.33 26.14 -615.78 Orientation: 0.2388 -0.0134 0.9681 -0.0737 Time: 4952943940455
Position: 46.33 26.16 -615.8 Orientation: 0.2386 -0.0135 0.9681 -0.0738 Time: 4952974936938
Position: 46.33 26.16 -615.8 Orientation: 0.2386 -0.0135 0.9681 -0.0738 Time: 4953005918593
Position: 46.32 26.15 -615.79 Orientation: 0.2388 -0.0134 0.9681 -0.0737 Time: 4953037933636
Position: 46.32 26.15 -615.79 Orientation: 0.2388 -0.0134 0.9681 -0.0737 Time: 4953068943806
Position: 46.33 26.16 -615.78 Orientation: 0.2387 -0.0135 0.9681 -0.0738 Time: 4953099933445
Position: 46.33 26.15 -615.78 Orientation: 0.2388 -0.0135 0.9681 -0.0738 Time: 4953130939623
Position: 46.33 26.15 -615.78 Orientation: 0.2388 -0.0135 0.9681 -0.0738 Time: 4953162931854
Position: 46.33 26.15 -615.8 Orientation: 0.2389 -0.0135 0.9681 -0.0738 Time: 4953193939172
Position: 46.32 26.15 -615.82 Orientation: 0.2393 -0.0135 0.968 -0.0737 Time: 4953224903718
Position: 46.32 26.15 -615.82 Orientation: 0.2393 -0.0135 0.968 -0.0737 Time: 4953255923013
Position: 46.33 26.15 -615.8 Orientation: 0.2388 -0.0134 0.9681 -0.0737 Time: 4953286941168
Position: 46.33 26.15 -615.8 Orientation: 0.2388 -0.0134 0.9681 -0.0737 Time: 4953317915409
Position: 46.32 26.16 -615.8 Orientation: 0.2394 -0.0136 0.968 -0.0737 Time: 4953349995466
Position: 46.33 26.15 -615.8 Orientation: 0.2392 -0.0134 0.968 -0.0737 Time: 4953380936629
Position: 46.33 26.15 -615.8 Orientation: 0.2392 -0.0134 0.968 -0.0737 Time: 4953412922016
Position: 46.33 26.16 -615.8 Orientation: 0.2392 -0.0135 0.968 -0.0737 Time: 4953442930736
Position: 46.33 26.15 -615.8 Orientation: 0.2387 -0.0134 0.9681 -0.0737 Time: 4953474925247
Position: 46.33 26.15 -615.8 Orientation: 0.2387 -0.0134 0.9681 -0.0737 Time: 4953505933706
Position: 46.33 26.16 -615.78 Orientation: 0.2384 -0.0135 0.9682 -0.0738 Time: 4953536922205
Position: 46.33 26.16 -615.78 Orientation: 0.2384 -0.0135 0.9682 -0.0738 Time: 4953567942071
Position: 46.33 26.15 -615.78 Orientation: 0.2385 -0.0134 0.9682 -0.0737 Time: 4953598924866
Position: 46.33 26.15 -615.8 Orientation: 0.2392 -0.0134 0.968 -0.0737 Time: 4953629932755
Position: 46.33 26.15 -615.8 Orientation: 0.2392 -0.0134 0.968 -0.0737 Time: 4953661918712
Position: 46.33 26.15 -615.8 Orientation: 0.2391 -0.0136 0.968 -0.0737 Time: 4953692930593
Position: 46.32 26.14 -615.78 Orientation: 0.239 -0.0135 0.9681 -0.0737 Time: 4953723917951
Position: 46.32 26.14 -615.78 Orientation: 0.239 -0.0135 0.9681 -0.0737 Time: 4953754924129
Position: 46.32 26.15 -615.81 Orientation: 0.2395 -0.0134 0.9679 -0.0737 Time: 4953785922894
Position: 46.32 26.15 -615.81 Orientation: 0.2395 -0.0134 0.9679 -0.0737 Time: 4953817935084
Position: 46.33 26.14 -615.8 Orientation: 0.2391 -0.0135 0.968 -0.0737 Time: 4953848919591
Position: 46.34 26.14 -615.77 Orientation: 0.2383 -0.0134 0.9682 -0.0737 Time: 4953879920636
Position: 46.34 26.14 -615.77 Orientation: 0.2383 -0.0134 0.9682 -0.0737 Time: 4953910919971
Position: 46.35 26.11 -615.76 Orientation: 0.2386 -0.0133 0.9682 -0.0736 Time: 4953941925579
