Position: 46.24 106.27 -608.97 Orientation: 0.2404 -0.0034 0.9656 -0.0984 Time: 5246122101083
Position: 46.24 106.27 -608.97 Orientation: 0.2404 -0.0034 0.9656 -0.0984 Time: 5246164066754
Position: 46.24 106.28 -608.95 Orientation: 0.2401 -0.0031 0.9657 -0.0983 Time: 5246195100307
Position: 46.24 106.27 -608.95 Orientation: 0.2401 -0.0032 0.9657 -0.0983 Time: 5246227066874
Position: 46.24 106.28 -608.98 Orientation: 0.2403 -0.0034 0.9656 -0.0984 Time: 5246258099286
Position: 46.24 106.28 -608.98 Orientation: 0.2403 -0.0034 0.9656 -0.0984 Time: 5246289098050
Position: 46.24 106.28 -608.94 Orientation: 0.2396 -0.0033 0.9658 -0.0984 Time: 5246320091681
Position: 46.24 106.28 -608.94 Orientation: 0.2396 -0.0033 0.9658 -0.0984 Time: 5246351121812
Position: 46.23 106.27 -608.98 Orientation: 0.241 -0.0033 0.9655 -0.0983 Time: 5246383089519
Position: 46.24 106.29 -608.97 Orientation: 0.2405 -0.0033 0.9656 -0.0984 Time: 5246414092846
Position: 46.24 106.29 -608.97 Orientation: 0.2405 -0.0033 0.9656 -0.0984 Time: 5246445088188
Position: 46.24 106.27 -608.96 Orientation: 0.2399 -0.0033 0.9657 -0.0984 Time: 5246476079538
Position: 46.24 106.27 -608.97 Orientation: 0.2406 -0.0033 0.9656 -0.0983 Time: 5246507088568
Position: 46.24 106.27 -608.97 Orientation: 0.2406 -0.0033 0.9656 -0.0983 Time: 5246538082199
Position: 46.24 106.27 -609 Orientation: 0.241 -0.0035 0.9655 -0.0984 Time: 5246570094390
Position: 46.24 106.27 -609 Orientation: 0.241 -0.0035 0.9655 -0.0984 Time: 5246601081748
Position: 46.24 106.27 -608.96 Orientation: 0.2402 -0.0033 0.9657 -0.0983 Time: 5246632094200
Position: 46.24 106.29 -608.97 Orientation: 0.2403 -0.0032 0.9656 -0.0984 Time: 5246663192196
Position: 46.24 106.29 -608.97 Orientation: 0.2403 -0.0032 0.9656 -0.0984 Time: 5246695084053
Position: 46.24 106.27 -608.95 Orientation: 0.2399 -0.0033 0.9657 -0.0983 Time: 5246726080536
Position: 46.23 106.28 -608.98 Orientation: 0.2406 -0.0033 0.9656 -0.0984 Time: 5246757082152
Position: 46.23 106.28 -608.98 Orientation: 0.2406 -0.0033 0.9656 -0.0984 Time: 5246788071791
Position: 46.24 106.28 -608.96 Orientation: 0.2403 -0.0034 0.9656 -0.0984 Time: 5246819092227
Position: 46.24 106.28 -608.96 Orientation: 0.2403 -0.0034 0.9656 -0.0984 Time: 5246851209353
Position: 46.23 106.27 -608.98 Orientation: 0.2407 -0.0034 0.9655 -0.0983 Time: 5246882084362
Position: 46.25 106.28 -608.95 Orientation: 0.2396 -0.0034 0.9658 -0.0984 Time: 5246913075142
Position: 46.25 106.28 -608.95 Orientation: 0.2396 -0.0034 0.9658 -0.0984 Time: 5246944085882
Position: 46.24 106.28 -608.96 Orientation: 0.2402 -0.0033 0.9657 -0.0984 Time: 5246975072100
Position: 46.24 106.28 -608.95 Orientation: 0.2397 -0.0033 0.9658 -0.0984 Time: 5247007074596
Position: 46.24 106.28 -608.95 Orientation: 0.2397 -0.0033 0.9658 -0.0984 Time: 5247038073930
Position: 46.24 106.29 -608.97 Orientation: 0.2402 -0.0035 0.9656 -0.0985 Time: 5247069078968
Position: 46.24 106.29 -608.97 Orientation: 0.2402 -0.0035 0.9656 -0.0985 Time: 5247100047506
Position: 46.23 106.27 -608.98 Orientation: 0.2405 -0.0035 0.9656 -0.0984 Time: 5247131079347
Position: 46.24 106.28 -608.97 Orientation: 0.2402 -0.0032 0.9657 -0.0984 Time: 5247163962960
Position: 46.24 106.28 -608.97 Orientation: 0.2402 -0.0032 0.9657 -0.0984 Time: 5247195067800
Position: 46.25 106.27 -608.96 Orientation: 0.2398 -0.0034 0.9657 -0.0983 Time: 5247225080512
Position: 46.24 106.29 -608.96 Orientation: 0.2403 -0.0033 0.9656 -0.0984 Time: 5247256075854
Position: 46.24 106.29 -608.96 Orientation: 0.2403 -0.0033 0.9656 -0.0984 Time: 5247287086595
Position: 46.24 106.27 -608.97 Orientation: 0.2404 -0.0034 0.9656 -0.0983 Time: 5247318065398
Position: 46.24 106.27 -608.97 Orientation: 0.2404 -0.0034 0.9656 -0.0983 Time: 5247350087855
Position: 46.25 106.3 -608.97 Orientation: 0.2401 -0.0033 0.9657 -0.0984 Time: 5247381058674
Position: 46.23 106.28 -608.97 Orientation: 0.2402 -0.0034 0.9657 -0.0984 Time: 5247412089375
Position: 46.23 106.28 -608.97 Orientation: 0.2402 -0.0034 0.9657 -0.0984 Time: 5247443035671
Position: 46.23 106.28 -608.96 Orientation: 0.2402 -0.0034 0.9656 -0.0984 Time: 5247474070935
Position: 46.24 106.31 -608.99 Orientation: 0.2406 -0.0036 0.9655 -0.0985 Time: 5247506065446
Position: 46.24 106.31 -608.99 Orientation: 0.2406 -0.0036 0.9655 -0.0985 Time: 5247537077327
Position: 46.24 106.27 -608.95 Orientation: 0.2396 -0.0034 0.9658 -0.0983 Time: 5247568037881
Position: 46.24 106.27 -608.95 Orientation: 0.2396 -0.0034 0.9658 -0.0983 Time: 5247599078848
Position: 46.24 106.3 -608.98 Orientation: 0.2402 -0.0033 0.9656 -0.0984 Time: 5247630080463
Position: 46.24 106.27 -608.97 Orientation: 0.2402 -0.0034 0.9656 -0.0983 Time: 5247662098928
Position: 46.24 106.27 -608.97 Orientation: 0.2402 -0.0034 0.9656 -0.0983 Time: 5247693054349
Position: 46.24 106.29 -608.97 Orientation: 0.2401 -0.0034 0.9657 -0.0984 Time: 5247724121549
Position: 46.25 106.3 -608.97 Orientation: 0.2399 -0.0033 0.9657 -0.0984 Time: 5247755084955
Position: 46.25 106.3 -608.97 Orientation: 0.2399 -0.0033 0.9657 -0.0984 Time: 5247786106531
Position: 46.23 106.28 -608.97 Orientation: 0.2407 -0.0034 0.9655 -0.0984 Time: 5247818091917
Position: 46.23 106.28 -608.97 Orientation: 0.2407 -0.0034 0.9655 -0.0984 Time: 5247849055893
Position: 46.23 106.28 -608.97 Orientation: 0.2405 -0.0034 0.9656 -0.0984 Time: 5247880089446
Position: 46.24 106.29 -608.98 Orientation: 0.2405 -0.0035 0.9656 -0.0984 Time: 5247911076233
Position: 46.24 106.29 -608.98 Orientation: 0.2405 -0.0035 0.9656 -0.0984 Time: 5247942064732
Position: 46.24 106.27 -608.96 Orientation: 0.2401 -0.0035 0.9657 -0.0983 Time: 5247974066087
Position: 46.24 106.3 -608.98 Orientation: 0.2406 -0.0033 0.9655 -0.0985 Time: 5248005063140
Position: 46.24 106.3 -608.98 Orientation: 0.2406 -0.0033 0.9655 -0.0985 Time: 5248036029397
Position: 46.23 106.27 -608.97 Orientation: 0.2406 -0.0034 0.9656 -0.0983 Time: 5248067060098
Position: 46.23 106.27 -608.97 Orientation: 0.2406 -0.0034 0.9656 -0.0983 Time: 5248098025215
Position: 46.24 106.29 -608.96 Orientation: 0.24 -0.0034 0.9657 -0.0984 Time: 5248130073335
Position: 46.24 106.29 -608.95 Orientation: 0.2401 -0.0033 0.9657 -0.0984 Time: 5248161054990
Position: 46.24 106.29 -608.95 Orientation: 0.2401 -0.0033 0.9657 -0.0984 Time: 5248192061738
Position: 46.24 106.28 -608.95 Orientation: 0.2398 -0.0034 0.9657 -0.0984 Time: 5248223049096
Position: 46.24 106.28 -608.98 Orientation: 0.2403 -0.0034 0.9656 -0.0984 Time: 5248254059266
Position: 46.24 106.28 -608.98 Orientation: 0.2403 -0.0034 0.9656 -0.0984 Time: 5248286044083
Position: 46.23 106.28 -608.98 Orientation: 0.2407 -0.0035 0.9655 -0.0984 Time: 5248317054823
Position: 46.23 106.28 -608.98 Orientation: 0.2407 -0.0035 0.9655 -0.0984 Time: 5248348054158
Position: 46.23 106.28 -608.98 Orientation: 0.2406 -0.0033 0.9656 -0.0984 Time: 5248379028969
Position: 46.24 106.3 -608.99 Orientation: 0.2407 -0.0034 0.9655 -0.0984 Time: 5248410048834
Position: 46.24 106.3 -608.99 Orientation: 0.2407 -0.0034 0.9655 -0.0984 Time: 5248442053041
Position: 46.24 106.28 -608.98 Orientation: 0.2404 -0.0033 0.9656 -0.0983 Time: 5248473046102
Position: 46.23 106.28 -608.97 Orientation: 0.2406 -0.0034 0.9656 -0.0984 Time: 5248504048858
Position: 46.23 106.28 -608.97 Orientation: 0.2406 -0.0034 0.9656 -0.0984 Time: 5248535037927
Position: 46.24 106.29 -609 Orientation: 0.241 -0.0033 0.9654 -0.0983 Time: 5248566053230
Position: 46.24 106.29 -609 Orientation: 0.241 -0.0033 0.9654 -0.0983 Time: 5248598016375
Position: 46.23 106.28 -608.96 Orientation: 0.2403 -0.0034 0.9656 -0.0983 Time: 5248629047647
Position: 46.24 106.3 -608.96 Orientation: 0.2399 -0.0031 0.9657 -0.0985 Time: 5248660041848
Position: 46.24 106.3 -608.96 Orientation: 0.2399 -0.0031 0.9657 -0.0985 Time: 5248691047456
Position: 46.23 106.27 -608.96 Orientation: 0.24 -0.0035 0.9657 -0.0983 Time: 5248723046530
Position: 46.25 106.29 -608.97 Orientation: 0.2397 -0.0035 0.9658 -0.0985 Time: 5248754046435
Position: 46.25 106.29 -608.97 Orientation: 0.2397 -0.0035 0.9658 -0.0985 Time: 5248785037785
Position: 46.25 106.28 -608.96 Orientation: 0.2402 -0.0033 0.9657 -0.0983 Time: 5248816050807
Position: 46.25 106.28 -608.96 Orientation: 0.2402 -0.0033 0.9657 -0.0983 Time: 5248847031321
Position: 46.23 106.28 -608.97 Orientation: 0.2407 -0.0035 0.9655 -0.0984 Time: 5248878048905
Position: 46.25 106.28 -608.95 Orientation: 0.2395 -0.0034 0.9658 -0.0984 Time: 5248910032011
Position: 46.25 106.28 -608.95 Orientation: 0.2395 -0.0034 0.9658 -0.0984 Time: 5248941045603
Position: 46.24 106.29 -608.99 Orientation: 0.2405 -0.0034 0.9656 -0.0984 Time: 5248972033531
Position: 46.23 106.28 -608.97 Orientation: 0.2406 -0.0034 0.9655 -0.0984 Time: 5249003036858
Position: 46.23 106.28 -608.97 Orientation: 0.2406 -0.0034 0.9655 -0.0984 Time: 5249034035622
Position: 46.24 106.29 -608.99 Orientation: 0.2405 -0.0034 0.9656 -0.0984 Time: 5249066044961
Position: 46.24 106.29 -608.99 Orientation: 0.2405 -0.0034 0.9656 -0.0984 Time: 5249097024905
Position: 46.24 106.28 -608.98 Orientation: 0.2403 -0.0034 0.9656 -0.0984 Time: 5249128043630
Position: 46.24 106.28 -608.96 Orientation: 0.24 -0.0034 0.9657 -0.0984 Time: 5249159010457
Position: 46.24 106.28 -608.96 Orientation: 0.24 -0.0034 0.9657 -0.0984 Time: 5249190008081
Position: 46.25 106.29 -608.96 Orientation: 0.2399 -0.0035 0.9657 -0.0984 Time: 5249222033388
Position: 46.23 106.27 -608.97 Orientation: 0.2407 -0.0034 0.9655 -0.0983 Time: 5249253035574
Position: 46.23 106.27 -608.97 Orientation: 0.2407 -0.0034 0.9655 -0.0983 Time: 5249284223108
Position: 46.24 106.3 -608.97 Orientation: 0.2404 -0.0033 0.9656 -0.0984 Time: 5249315055344
Position: 46.24 106.3 -608.97 Orientation: 0.2404 -0.0033 0.9656 -0.0984 Time: 5249346043273
Position: 46.23 106.26 -608.95 Orientation: 0.24 -0.0034 0.9657 -0.0983 Time: 5249378040065
Position: 46.24 106.29 -608.96 Orientation: 0.2404 -0.0034 0.9656 -0.0984 Time: 5249409003471
Position: 46.24 106.29 -608.96 Orientation: 0.2404 -0.0034 0.9656 -0.0984 Time: 5249440038164
Position: 46.24 106.28 -608.96 Orientation: 0.2402 -0.0033 0.9657 -0.0983 Time: 5249471022671
Position: 46.23 106.29 -608.98 Orientation: 0.2409 -0.0035 0.9655 -0.0984 Time: 5249502030560
Position: 46.23 106.29 -608.98 Orientation: 0.2409 -0.0035 0.9655 -0.0984 Time: 5249534026212
Position: 46.24 106.28 -608.99 Orientation: 0.2403 -0.0035 0.9656 -0.0984 Time: 5249565027827
Position: 46.24 106.28 -608.99 Orientation: 0.2403 -0.0035 0.9656 -0.0984 Time: 5249596023170
Position: 46.24 106.28 -608.95 Orientation: 0.2402 -0.0033 0.9657 -0.0984 Time: 5249627029348
Position: 46.24 106.29 -608.97 Orientation: 0.2404 -0.0033 0.9656 -0.0983 Time: 5249659020437
Position: 46.24 106.29 -608.97 Orientation: 0.2404 -0.0033 0.9656 -0.0983 Time: 5249690032889
Position: 46.24 106.29 -608.96 Orientation: 0.2405 -0.0032 0.9656 -0.0983 Time: 5249721020247
Position: 46.23 106.28 -608.97 Orientation: 0.2406 -0.0033 0.9656 -0.0983 Time: 5249752026425
Position: 46.23 106.28 -608.97 Orientation: 0.2406 -0.0033 0.9656 -0.0983 Time: 5249783017775
Position: 46.24 106.28 -608.97 Orientation: 0.2405 -0.0033 0.9656 -0.0983 Time: 5249814028516
Position: 46.24 106.28 -608.97 Orientation: 0.2405 -0.0033 0.9656 -0.0983 Time: 5249846026449
Position: 46.24 106.29 -608.96 Orientation: 0.2405 -0.0032 0.9656 -0.0983 Time: 5249877032627
Position: 46.24 106.27 -608.95 Orientation: 0.24 -0.0033 0.9657 -0.0983 Time: 5249909017443
Position: 46.24 106.27 -608.95 Orientation: 0.24 -0.0033 0.9657 -0.0983 Time: 5249939021601
Position: 46.24 106.29 -608.97 Orientation: 0.2408 -0.0033 0.9655 -0.0984 Time: 5249970016943
Position: 46.24 106.27 -608.94 Orientation: 0.2397 -0.0033 0.9658 -0.0983 Time: 5250002020579
Position: 46.24 106.27 -608.94 Orientation: 0.2397 -0.0033 0.9658 -0.0983 Time: 5250033013641
Position: 46.24 106.28 -608.98 Orientation: 0.2403 -0.0035 0.9656 -0.0984 Time: 5250064027233
Position: 46.24 106.28 -608.98 Orientation: 0.2403 -0.0035 0.9656 -0.0984 Time: 5250095007177
Position: 46.24 106.3 -608.97 Orientation: 0.2402 -0.0033 0.9657 -0.0985 Time: 5250127026211
Position: 46.23 106.25 -608.97 Orientation: 0.2407 -0.0035 0.9655 -0.0982 Time: 5250158011288
Position: 46.23 106.25 -608.97 Orientation: 0.2407 -0.0035 0.9655 -0.0982 Time: 5250189021458
Position: 46.25 106.31 -608.95 Orientation: 0.2398 -0.0032 0.9658 -0.0985 Time: 5250220019652
Position: 46.24 106.28 -608.95 Orientation: 0.2398 -0.0034 0.9657 -0.0983 Time: 5250251012713
Position: 46.24 106.28 -608.95 Orientation: 0.2398 -0.0034 0.9657 -0.0983 Time: 5250282032008
Position: 46.24 106.29 -608.96 Orientation: 0.2401 -0.0032 0.9657 -0.0984 Time: 5250314023098
Position: 46.24 106.29 -608.96 Orientation: 0.2401 -0.0032 0.9657 -0.0984 Time: 5250345010456
Position: 46.24 106.3 -608.98 Orientation: 0.2405 -0.0033 0.9656 -0.0984 Time: 5250376020056
Position: 46.23 106.27 -608.96 Orientation: 0.2403 -0.0034 0.9656 -0.0983 Time: 5250407001711
Position: 46.23 106.27 -608.96 Orientation: 0.2403 -0.0034 0.9656 -0.0983 Time: 5250438015303
Position: 46.24 106.29 -608.96 Orientation: 0.2402 -0.0032 0.9656 -0.0984 Time: 5250470017228
Position: 46.23 106.28 -608.96 Orientation: 0.2402 -0.0032 0.9657 -0.0983 Time: 5250501013141
Position: 46.23 106.28 -608.96 Orientation: 0.2402 -0.0032 0.9657 -0.0983 Time: 5250531998788
Position: 46.23 106.28 -608.97 Orientation: 0.2406 -0.0035 0.9655 -0.0984 Time: 5250563046028
Position: 46.23 106.28 -608.97 Orientation: 0.2406 -0.0035 0.9655 -0.0984 Time: 5250593982059
Position: 46.24 106.3 -608.98 Orientation: 0.2404 -0.0032 0.9656 -0.0984 Time: 5250626006226
Position: 46.23 106.27 -608.99 Orientation: 0.241 -0.0034 0.9655 -0.0983 Time: 5250657006701
Position: 46.23 106.27 -608.99 Orientation: 0.241 -0.0034 0.9655 -0.0983 Time: 5250688010028
Position: 46.24 106.29 -608.95 Orientation: 0.24 -0.0033 0.9657 -0.0984 Time: 5250719009932
Position: 46.23 106.29 -608.98 Orientation: 0.2407 -0.0034 0.9655 -0.0984 Time: 5250750010408
Position: 46.23 106.29 -608.98 Orientation: 0.2407 -0.0034 0.9655 -0.0984 Time: 5250781973552
Position: 46.23 106.28 -608.95 Orientation: 0.2403 -0.0033 0.9656 -0.0983 Time: 5250813043034
Position: 46.23 106.28 -608.95 Orientation: 0.2403 -0.0033 0.9656 -0.0983 Time: 5250843993893
Position: 46.24 106.29 -608.98 Orientation: 0.2406 -0.0033 0.9656 -0.0983 Time: 5250874998930
Position: 46.23 106.29 -608.96 Orientation: 0.2403 -0.0033 0.9656 -0.0984 Time: 5250905989140
Position: 46.23 106.29 -608.96 Orientation: 0.2403 -0.0033 0.9656 -0.0984 Time: 5250938005893
Position: 46.24 106.28 -608.94 Orientation: 0.24 -0.0033 0.9657 -0.0983 Time: 5250968998384
Position: 46.24 106.29 -608.96 Orientation: 0.2404 -0.0033 0.9656 -0.0984 Time: 5250999999429
Position: 46.24 106.29 -608.96 Orientation: 0.2404 -0.0033 0.9656 -0.0984 Time: 5251031000475
Position: 46.23 106.28 -608.97 Orientation: 0.2403 -0.0034 0.9656 -0.0983 Time: 5251062000950
Position: 46.23 106.28 -608.97 Orientation: 0.2403 -0.0034 0.9656 -0.0983 Time: 5251093988617
Position: 46.23 106.29 -608.98 Orientation: 0.2405 -0.0033 0.9656 -0.0984 Time: 5251124998217
Position: 46.23 106.29 -608.96 Orientation: 0.2403 -0.0034 0.9656 -0.0984 Time: 5251155966185
Position: 46.23 106.29 -608.96 Orientation: 0.2403 -0.0034 0.9656 -0.0984 Time: 5251186995175
Position: 46.23 106.28 -608.96 Orientation: 0.2402 -0.0034 0.9657 -0.0983 Time: 5251217961432
Position: 46.24 106.29 -608.96 Orientation: 0.2403 -0.0033 0.9656 -0.0984 Time: 5251249995865
Position: 46.24 106.29 -608.96 Orientation: 0.2403 -0.0033 0.9656 -0.0984 Time: 5251280996910
Position: 46.24 106.28 -608.97 Orientation: 0.2402 -0.0032 0.9657 -0.0982 Time: 5251311993963
Position: 46.24 106.28 -608.97 Orientation: 0.2402 -0.0032 0.9657 -0.0982 Time: 5251342958509
Position: 46.23 106.31 -608.97 Orientation: 0.2405 -0.0034 0.9656 -0.0984 Time: 5251373990921
Position: 46.24 106.31 -608.96 Orientation: 0.2401 -0.0033 0.9657 -0.0984 Time: 5251405986003
Position: 46.24 106.31 -608.96 Orientation: 0.2401 -0.0033 0.9657 -0.0984 Time: 5251436999595
Position: 46.23 106.3 -608.95 Orientation: 0.2402 -0.0033 0.9657 -0.0984 Time: 5251467987524
Position: 46.23 106.27 -608.98 Orientation: 0.2406 -0.0033 0.9656 -0.0983 Time: 5251498986858
Position: 46.23 106.27 -608.98 Orientation: 0.2406 -0.0033 0.9656 -0.0983 Time: 5251529992466
Position: 46.24 106.29 -608.99 Orientation: 0.2406 -0.0034 0.9655 -0.0984 Time: 5251561988118
Position: 46.24 106.29 -608.99 Orientation: 0.2406 -0.0034 0.9655 -0.0984 Time: 5251592982890
Position: 46.24 106.28 -608.95 Orientation: 0.2399 -0.0034 0.9657 -0.0984 Time: 5251623990209
Position: 46.23 106.29 -608.97 Orientation: 0.2406 -0.0034 0.9656 -0.0983 Time: 5251654952473
Position: 46.23 106.29 -608.97 Orientation: 0.2406 -0.0034 0.9656 -0.0983 Time: 5251685987167
Position: 46.24 106.31 -608.97 Orientation: 0.2402 -0.0034 0.9656 -0.0984 Time: 5251717982248
Position: 46.23 106.28 -608.95 Orientation: 0.2404 -0.0034 0.9656 -0.0983 Time: 5251748991278
Position: 46.23 106.28 -608.95 Orientation: 0.2404 -0.0034 0.9656 -0.0983 Time: 5251779946699
Position: 46.24 106.3 -608.97 Orientation: 0.2403 -0.0034 0.9656 -0.0984 Time: 5251810984244
Position: 46.24 106.3 -608.97 Orientation: 0.2403 -0.0034 0.9656 -0.0984 Time: 5251841980727
Position: 46.24 106.27 -608.94 Orientation: 0.2398 -0.0035 0.9657 -0.0984 Time: 5251873990066
Position: 46.24 106.29 -608.95 Orientation: 0.2401 -0.0032 0.9657 -0.0984 Time: 5251904976283
Position: 46.24 106.29 -608.95 Orientation: 0.2401 -0.0032 0.9657 -0.0984 Time: 5251935980751
Position: 46.24 106.29 -608.94 Orientation: 0.2396 -0.0034 0.9658 -0.0984 Time: 5251966979515
Position: 46.24 106.29 -608.96 Orientation: 0.2401 -0.0033 0.9657 -0.0984 Time: 5251997987974
Position: 46.24 106.29 -608.96 Orientation: 0.2401 -0.0033 0.9657 -0.0984 Time: 5252030001876
Position: 46.23 106.28 -608.97 Orientation: 0.2405 -0.0034 0.9656 -0.0983 Time: 5252060984101
Position: 46.23 106.28 -608.97 Orientation: 0.2405 -0.0034 0.9656 -0.0983 Time: 5252091976022
Position: 46.24 106.28 -608.99 Orientation: 0.2405 -0.0035 0.9656 -0.0984 Time: 5252122981630
Position: 46.24 106.28 -608.96 Orientation: 0.2403 -0.0037 0.9656 -0.0984 Time: 5252153978112
Position: 46.24 106.28 -608.96 Orientation: 0.2403 -0.0037 0.9656 -0.0984 Time: 5252185976616
Position: 46.23 106.29 -608.97 Orientation: 0.2407 -0.0035 0.9655 -0.0984 Time: 5252216972529
Position: 46.23 106.3 -608.97 Orientation: 0.2405 -0.0033 0.9656 -0.0984 Time: 5252247979847
Position: 46.23 106.3 -608.97 Orientation: 0.2405 -0.0033 0.9656 -0.0984 Time: 5252278942682
Position: 46.23 106.28 -608.96 Orientation: 0.2405 -0.0034 0.9656 -0.0983 Time: 5252309974524
Position: 46.23 106.28 -608.96 Orientation: 0.2405 -0.0034 0.9656 -0.0983 Time: 5252341972457
Position: 46.25 106.27 -608.93 Orientation: 0.24 -0.0033 0.9657 -0.0984 Time: 5252372977495
Position: 46.25 106.24 -608.93 Orientation: 0.2403 -0.0032 0.9656 -0.0983 Time: 5252404202669
Position: 46.25 106.24 -608.93 Orientation: 0.2403 -0.0032 0.9656 -0.0983 Time: 5252434994413
Position: 46.25 106.19 -608.92 Orientation: 0.2399 -0.0037 0.9657 -0.0983 Time: 5252465964662
Position: 46.27 106.24 -608.94 Orientation: 0.2399 -0.0033 0.9657 -0.0985 Time: 5252497971150
Position: 46.27 106.24 -608.94 Orientation: 0.2399 -0.0033 0.9657 -0.0985 Time: 5252528964211
Position: 46.25 106.2 -608.9 Orientation: 0.2394 -0.0034 0.9659 -0.0983 Time: 5252559970389
Position: 46.25 106.2 -608.9 Orientation: 0.2394 -0.0034 0.9659 -0.0983 Time: 5252590963451
Position: 46.25 106.23 -608.89 Orientation: 0.2396 -0.0032 0.9658 -0.0984 Time: 5252621968488
Position: 46.25 106.23 -608.94 Orientation: 0.2404 -0.0035 0.9656 -0.0984 Time: 5252653965851
Position: 46.25 106.23 -608.94 Orientation: 0.2404 -0.0035 0.9656 -0.0984 Time: 5252684964615
Position: 46.24 106.24 -608.96 Orientation: 0.2402 -0.0035 0.9657 -0.0983 Time: 5252715963950
Position: 46.23 106.28 -608.95 Orientation: 0.24 -0.0033 0.9657 -0.0986 Time: 5252746967276
Position: 46.23 106.28 -608.95 Orientation: 0.24 -0.0033 0.9657 -0.0986 Time: 5252777971743
Position: 46.22 106.22 -608.95 Orientation: 0.2399 -0.0036 0.9657 -0.0982 Time: 5252809960552
Position: 46.22 106.22 -608.95 Orientation: 0.2399 -0.0036 0.9657 -0.0982 Time: 5252840979276
Position: 46.25 106.32 -608.96 Orientation: 0.2396 -0.0034 0.9658 -0.0986 Time: 5252871954658
Position: 46.24 106.29 -608.96 Orientation: 0.24 -0.0035 0.9657 -0.0984 Time: 5252902953993
Position: 46.24 106.29 -608.96 Orientation: 0.24 -0.0035 0.9657 -0.0984 Time: 5252933965874
Position: 46.23 106.28 -608.95 Orientation: 0.2403 -0.0036 0.9656 -0.0983 Time: 5252965963237
Position: 46.23 106.32 -608.97 Orientation: 0.2408 -0.0032 0.9655 -0.0984 Time: 5252996969985
Position: 46.23 106.32 -608.97 Orientation: 0.2408 -0.0032 0.9655 -0.0984 Time: 5253027957913
Position: 46.22 106.29 -608.95 Orientation: 0.2402 -0.0033 0.9657 -0.0984 Time: 5253058959529
Position: 46.22 106.29 -608.95 Orientation: 0.2402 -0.0033 0.9657 -0.0984 Time: 5253089954872
Position: 46.23 106.3 -608.97 Orientation: 0.2402 -0.0034 0.9657 -0.0984 Time: 5253121952234
Position: 46.23 106.3 -608.95 Orientation: 0.24 -0.0033 0.9657 -0.0985 Time: 5253152960123
Position: 46.23 106.3 -608.95 Orientation: 0.24 -0.0033 0.9657 -0.0985 Time: 5253183949192
Position: 46.22 106.29 -608.95 Orientation: 0.2403 -0.0034 0.9656 -0.0984 Time: 5253214944535
Position: 46.23 106.3 -608.94 Orientation: 0.2399 -0.0033 0.9657 -0.0984 Time: 5253245955846
Position: 46.23 106.3 -608.94 Orientation: 0.2399 -0.0033 0.9657 -0.0984 Time: 5253277950357
Position: 46.23 106.29 -608.96 Orientation: 0.2405 -0.0034 0.9656 -0.0984 Time: 5253308955965
Position: 46.23 106.29 -608.96 Orientation: 0.2405 -0.0034 0.9656 -0.0984 Time: 5253339950737
Position: 46.23 106.3 -608.96 Orientation: 0.24 -0.0033 0.9657 -0.0984 Time: 5253370958626
Position: 46.23 106.29 -608.95 Orientation: 0.2402 -0.0033 0.9657 -0.0984 Time: 5253401951687
Position: 46.23 106.29 -608.95 Orientation: 0.2402 -0.0033 0.9657 -0.0984 Time: 5253433959886
Position: 46.23 106.29 -608.94 Orientation: 0.2399 -0.0034 0.9657 -0.0983 Time: 5253464954087
Position: 46.23 106.31 -608.97 Orientation: 0.2405 -0.0035 0.9656 -0.0985 Time: 5253495943727
Position: 46.23 106.31 -608.97 Orientation: 0.2405 -0.0035 0.9656 -0.0985 Time: 5253526941921
Position: 46.23 106.29 -608.95 Orientation: 0.24 -0.0034 0.9657 -0.0983 Time: 5253557955513
Position: 46.23 106.29 -608.95 Orientation: 0.24 -0.0034 0.9657 -0.0983 Time: 5253589942610
Position: 46.24 106.31 -608.95 Orientation: 0.2398 -0.0032 0.9657 -0.0984 Time: 5253620950499
Position: 46.23 106.29 -608.96 Orientation: 0.2402 -0.0035 0.9657 -0.0984 Time: 5253651936146
Position: 46.23 106.29 -608.96 Orientation: 0.2402 -0.0035 0.9657 -0.0984 Time: 5253682945746
Position: 46.23 106.29 -608.95 Orientation: 0.2405 -0.0033 0.9656 -0.0983 Time: 5253713957057
Position: 46.23 106.29 -608.95 Orientation: 0.2405 -0.0033 0.9656 -0.0983 Time: 5253745946436
Position: 46.24 106.31 -608.95 Orientation: 0.24 -0.0034 0.9657 -0.0985 Time: 5253776940637
Position: 46.23 106.28 -608.95 Orientation: 0.2402 -0.0034 0.9657 -0.0984 Time: 5253807918300
Position: 46.23 106.28 -608.95 Orientation: 0.2402 -0.0034 0.9657 -0.0984 Time: 5253838930752
Position: 46.24 106.3 -608.95 Orientation: 0.2398 -0.0034 0.9658 -0.0984 Time: 5253869952328
Position: 46.23 106.29 -608.94 Orientation: 0.2402 -0.0034 0.9657 -0.0984 Time: 5253901938855
Position: 46.23 106.29 -608.94 Orientation: 0.2402 -0.0034 0.9657 -0.0984 Time: 5253932945604
Position: 46.23 106.3 -608.94 Orientation: 0.2401 -0.0032 0.9657 -0.0984 Time: 5253963982578
Position: 46.24 106.29 -608.94 Orientation: 0.2394 -0.0034 0.9658 -0.0984 Time: 5253994942562
Position: 46.24 106.29 -608.94 Orientation: 0.2394 -0.0034 0.9658 -0.0984 Time: 5254025936193
Position: 46.23 106.3 -608.95 Orientation: 0.24 -0.0035 0.9657 -0.0984 Time: 5254057946103
Position: 46.23 106.3 -608.95 Orientation: 0.24 -0.0035 0.9657 -0.0984 Time: 5254088912359
Position: 46.23 106.29 -608.97 Orientation: 0.2403 -0.0034 0.9656 -0.0984 Time: 5254119948764
Position: 46.23 106.3 -608.95 Orientation: 0.2406 -0.0033 0.9655 -0.0984 Time: 5254150904185
Position: 46.23 106.3 -608.95 Orientation: 0.2406 -0.0033 0.9655 -0.0984 Time: 5254181966823
Position: 46.23 106.28 -608.92 Orientation: 0.2398 -0.0034 0.9658 -0.0983 Time: 5254213949928
Position: 46.23 106.29 -608.95 Orientation: 0.2404 -0.0035 0.9656 -0.0984 Time: 5254244935575
Position: 46.23 106.29 -608.95 Orientation: 0.2404 -0.0035 0.9656 -0.0984 Time: 5254275931488
Position: 46.23 106.3 -608.95 Orientation: 0.2405 -0.0033 0.9656 -0.0984 Time: 5254306934815
Position: 46.23 106.3 -608.95 Orientation: 0.2405 -0.0033 0.9656 -0.0984 Time: 5254337929587
Position: 46.23 106.29 -608.92 Orientation: 0.2398 -0.0034 0.9658 -0.0984 Time: 5254369940637
Position: 46.23 106.3 -608.94 Orientation: 0.2398 -0.0033 0.9657 -0.0984 Time: 5254400924003
Position: 46.23 106.3 -608.94 Orientation: 0.2398 -0.0033 0.9657 -0.0984 Time: 5254431937595
Position: 46.24 106.29 -608.94 Orientation: 0.2394 -0.0034 0.9659 -0.0984 Time: 5254462987116
Position: 46.24 106.29 -608.94 Orientation: 0.2394 -0.0034 0.9659 -0.0984 Time: 5254493929990
Position: 46.23 106.31 -608.95 Orientation: 0.2402 -0.0033 0.9657 -0.0984 Time: 5254525926783
Position: 46.23 106.29 -608.93 Orientation: 0.2396 -0.0034 0.9658 -0.0984 Time: 5254556938094
Position: 46.23 106.29 -608.93 Orientation: 0.2396 -0.0034 0.9658 -0.0984 Time: 5254587924311
Position: 46.24 106.3 -608.93 Orientation: 0.2395 -0.0033 0.9658 -0.0984 Time: 5254618926497
Position: 46.24 106.3 -608.94 Orientation: 0.2397 -0.0033 0.9658 -0.0984 Time: 5254649970315
Position: 46.24 106.3 -608.94 Orientation: 0.2397 -0.0033 0.9658 -0.0984 Time: 5254681914640
Position: 46.22 106.28 -608.96 Orientation: 0.2405 -0.0035 0.9656 -0.0983 Time: 5254712958458
Position: 46.22 106.28 -608.96 Orientation: 0.2405 -0.0035 0.9656 -0.0983 Time: 5254744034783
Position: 46.24 106.31 -608.96 Orientation: 0.2401 -0.0034 0.9657 -0.0984 Time: 5254776022451
Position: 46.23 106.29 -608.93 Orientation: 0.2397 -0.0032 0.9658 -0.0984 Time: 5254806916280
Position: 46.23 106.29 -608.93 Orientation: 0.2397 -0.0032 0.9658 -0.0984 Time: 5254837935575
Position: 46.22 106.29 -608.95 Orientation: 0.2401 -0.0035 0.9657 -0.0984 Time: 5254868950878
Position: 46.23 106.31 -608.94 Orientation: 0.2401 -0.0032 0.9657 -0.0984 Time: 5254899933103
Position: 46.23 106.31 -608.94 Orientation: 0.2401 -0.0032 0.9657 -0.0984 Time: 5254930936430
Position: 46.23 106.28 -608.93 Orientation: 0.2396 -0.0033 0.9658 -0.0984 Time: 5254961930631
Position: 46.23 106.28 -608.93 Orientation: 0.2396 -0.0033 0.9658 -0.0984 Time: 5254993929705
Position: 46.23 106.31 -608.95 Orientation: 0.2403 -0.0035 0.9656 -0.0985 Time: 5255024939305
Position: 46.23 106.3 -608.95 Orientation: 0.2398 -0.0033 0.9657 -0.0984 Time: 5255055906132
Position: 46.23 106.3 -608.95 Orientation: 0.2398 -0.0033 0.9657 -0.0984 Time: 5255086935693
Position: 46.23 106.29 -608.95 Orientation: 0.24 -0.0035 0.9657 -0.0984 Time: 5255118926212
Position: 46.23 106.31 -608.96 Orientation: 0.2404 -0.0032 0.9656 -0.0984 Time: 5255149934671
Position: 46.23 106.31 -608.96 Orientation: 0.2404 -0.0032 0.9656 -0.0984 Time: 5255180928873
Position: 46.22 106.29 -608.94 Orientation: 0.2401 -0.0035 0.9657 -0.0984 Time: 5255211925926
Position: 46.22 106.29 -608.94 Orientation: 0.2401 -0.0035 0.9657 -0.0984 Time: 5255242929823
Position: 46.23 106.31 -608.96 Orientation: 0.2404 -0.0034 0.9656 -0.0984 Time: 5255274922624
Position: 46.23 106.3 -608.94 Orientation: 0.2398 -0.0034 0.9657 -0.0984 Time: 5255305931653
Position: 46.23 106.3 -608.94 Orientation: 0.2398 -0.0034 0.9657 -0.0984 Time: 5255336931558
Position: 46.22 106.3 -608.97 Orientation: 0.2404 -0.0034 0.9656 -0.0984 Time: 5255367922338
Position: 46.24 106.31 -608.95 Orientation: 0.2396 -0.0033 0.9658 -0.0984 Time: 5255398920532
Position: 46.24 106.31 -608.95 Orientation: 0.2396 -0.0033 0.9658 -0.0984 Time: 5255430925879
Position: 46.23 106.3 -608.93 Orientation: 0.2399 -0.0033 0.9657 -0.0984 Time: 5255461931487
Position: 46.23 106.3 -608.93 Orientation: 0.2399 -0.0033 0.9657 -0.0984 Time: 5255492921696
Position: 46.22 106.3 -608.96 Orientation: 0.2404 -0.0034 0.9656 -0.0984 Time: 5255524018553
Position: 46.23 106.3 -608.95 Orientation: 0.24 -0.0033 0.9657 -0.0984 Time: 5255555020739
Position: 46.23 106.3 -608.95 Orientation: 0.24 -0.0033 0.9657 -0.0984 Time: 5255587012398
Position: 46.22 106.29 -608.95 Orientation: 0.2403 -0.0033 0.9656 -0.0984 Time: 5255618015155
Position: 46.22 106.3 -608.94 Orientation: 0.2403 -0.0033 0.9656 -0.0984 Time: 5255649018481
Position: 46.22 106.3 -608.94 Orientation: 0.2403 -0.0033 0.9656 -0.0984 Time: 5255680061159
Position: 46.23 106.3 -608.95 Orientation: 0.24 -0.0034 0.9657 -0.0984 Time: 5255711014299
Position: 46.23 106.3 -608.95 Orientation: 0.24 -0.0034 0.9657 -0.0984 Time: 5255743006529
Position: 46.23 106.29 -608.94 Orientation: 0.2397 -0.0032 0.9658 -0.0984 Time: 5255774008145
Position: 46.23 106.3 -608.95 Orientation: 0.2402 -0.0034 0.9656 -0.0984 Time: 5255805006338
Position: 46.23 106.3 -608.95 Orientation: 0.2402 -0.0034 0.9656 -0.0984 Time: 5255836013657
Position: 46.23 106.3 -608.95 Orientation: 0.2402 -0.0033 0.9657 -0.0984 Time: 5255867010140
Position: 46.23 106.29 -608.94 Orientation: 0.2403 -0.0034 0.9656 -0.0984 Time: 5255899002370
Position: 46.23 106.29 -608.94 Orientation: 0.2403 -0.0034 0.9656 -0.0984 Time: 5255929999994
Position: 46.23 106.3 -608.97 Orientation: 0.2406 -0.0034 0.9656 -0.0984 Time: 5255961005031
Position: 46.23 106.3 -608.97 Orientation: 0.2406 -0.0034 0.9656 -0.0984 Time: 5255992012920
Position: 46.23 106.29 -608.95 Orientation: 0.2402 -0.0034 0.9656 -0.0984 Time: 5256022995716
Position: 46.22 106.29 -608.94 Orientation: 0.2405 -0.0035 0.9656 -0.0984 Time: 5256054995930
Position: 46.22 106.29 -608.94 Orientation: 0.2405 -0.0035 0.9656 -0.0984 Time: 5256086008952
