Position: 44.38 -18.17 -614.73 Orientation: 0.2398 0.0056 0.9689 -0.0599 Time: 4716323734770
Position: 44.38 -18.17 -614.69 Orientation: 0.239 0.0058 0.9691 -0.0599 Time: 4716354642856
Position: 44.37 -18.17 -614.72 Orientation: 0.2398 0.0056 0.9689 -0.0599 Time: 4716385658730
Position: 44.37 -18.17 -614.72 Orientation: 0.2398 0.0056 0.9689 -0.0599 Time: 4716416647228
Position: 44.37 -18.18 -614.73 Orientation: 0.2397 0.0057 0.9689 -0.0599 Time: 4716447670516
Position: 44.37 -18.18 -614.73 Orientation: 0.2397 0.0057 0.9689 -0.0599 Time: 4716479645637
Position: 44.37 -18.17 -614.72 Orientation: 0.2399 0.0057 0.9689 -0.0599 Time: 4716510667783
Position: 44.37 -18.18 -614.73 Orientation: 0.2398 0.0056 0.9689 -0.0599 Time: 4716541624345
Position: 44.37 -18.18 -614.73 Orientation: 0.2398 0.0056 0.9689 -0.0599 Time: 4716572673296
Position: 44.36 -18.17 -614.73 Orientation: 0.2404 0.0056 0.9687 -0.0599 Time: 4716603649818
Position: 44.38 -18.17 -614.71 Orientation: 0.2396 0.0057 0.969 -0.0599 Time: 4716635663149
Position: 44.38 -18.17 -614.71 Orientation: 0.2396 0.0057 0.969 -0.0599 Time: 4716666641953
Position: 44.37 -18.17 -614.72 Orientation: 0.2398 0.0056 0.9689 -0.0599 Time: 4716697654404
Position: 44.37 -18.17 -614.72 Orientation: 0.2398 0.0056 0.9689 -0.0599 Time: 4716728618380
Position: 44.37 -18.17 -614.71 Orientation: 0.2396 0.0057 0.9689 -0.0599 Time: 4716759662769
Position: 44.37 -18.17 -614.72 Orientation: 0.2396 0.0055 0.9689 -0.0599 Time: 4716790638150
Position: 44.37 -18.17 -614.72 Orientation: 0.2396 0.0055 0.9689 -0.0599 Time: 4716822653763
Position: 44.37 -18.17 -614.72 Orientation: 0.2396 0.0057 0.9689 -0.0599 Time: 4716853692448
Position: 44.37 -18.17 -614.71 Orientation: 0.2399 0.0057 0.9689 -0.0599 Time: 4716884662127
Position: 44.37 -18.17 -614.71 Orientation: 0.2399 0.0057 0.9689 -0.0599 Time: 4716915644352
Position: 44.37 -18.17 -614.72 Orientation: 0.24 0.0056 0.9688 -0.0599 Time: 4716947664527
Position: 44.37 -18.17 -614.72 Orientation: 0.24 0.0056 0.9688 -0.0599 Time: 4716978635347
Position: 44.37 -18.18 -614.71 Orientation: 0.2399 0.0058 0.9689 -0.0598 Time: 4717040776591
Position: 44.37 -18.17 -614.73 Orientation: 0.24 0.0056 0.9688 -0.0599 Time: 4717009646087
Position: 44.37 -18.18 -614.71 Orientation: 0.2399 0.0058 0.9689 -0.0598 Time: 4717071654451
Position: 44.38 -18.17 -614.7 Orientation: 0.2394 0.0059 0.969 -0.0598 Time: 4717134661414
Position: 44.38 -18.17 -614.7 Orientation: 0.2394 0.0059 0.969 -0.0598 Time: 4717165782793
Position: 44.37 -18.17 -614.72 Orientation: 0.2398 0.0057 0.9689 -0.0599 Time: 4717227776329
Position: 44.37 -18.17 -614.72 Orientation: 0.2398 0.0057 0.9689 -0.0599 Time: 4717196654950
Position: 44.37 -18.18 -614.72 Orientation: 0.24 0.0057 0.9688 -0.0599 Time: 4717102640098
Position: 44.37 -18.17 -614.72 Orientation: 0.2396 0.0057 0.9689 -0.0599 Time: 4717259811332
Position: 44.37 -18.18 -614.73 Orientation: 0.24 0.0057 0.9688 -0.0599 Time: 4717321664004
Position: 44.37 -18.18 -614.73 Orientation: 0.24 0.0057 0.9688 -0.0599 Time: 4717290642998
Position: 44.37 -18.17 -614.7 Orientation: 0.2394 0.0058 0.969 -0.0599 Time: 4717352661627
Position: 44.38 -18.17 -614.71 Orientation: 0.2394 0.0056 0.969 -0.06 Time: 4717383683204
Position: 44.38 -18.17 -614.71 Orientation: 0.2394 0.0056 0.969 -0.06 Time: 4717416649510
Position: 44.37 -18.17 -614.73 Orientation: 0.2402 0.0056 0.9688 -0.0599 Time: 4717448691356
Position: 44.38 -18.17 -614.7 Orientation: 0.2392 0.0058 0.969 -0.0599 Time: 4717477666118
Position: 44.38 -18.17 -614.7 Orientation: 0.2392 0.0058 0.969 -0.0599 Time: 4717508637508
Position: 44.38 -18.17 -614.73 Orientation: 0.2397 0.0056 0.9689 -0.0599 Time: 4717539653952
Position: 44.38 -18.17 -614.73 Orientation: 0.2397 0.0056 0.9689 -0.0599 Time: 4717571579457
Position: 44.38 -18.17 -614.69 Orientation: 0.239 0.0057 0.9691 -0.0599 Time: 4717602589627
Position: 44.38 -18.17 -614.72 Orientation: 0.2395 0.0056 0.969 -0.0599 Time: 4717633749786
Position: 44.38 -18.17 -614.72 Orientation: 0.2395 0.0056 0.969 -0.0599 Time: 4717664618522
Position: 44.38 -18.17 -614.69 Orientation: 0.2392 0.0058 0.969 -0.0599 Time: 4717695677738
Position: 44.38 -18.17 -614.69 Orientation: 0.2392 0.0058 0.969 -0.0599 Time: 4717727656851
Position: 44.37 -18.17 -614.74 Orientation: 0.24 0.0056 0.9688 -0.0599 Time: 4717758633373
Position: 44.37 -18.18 -614.73 Orientation: 0.2397 0.0057 0.9689 -0.0599 Time: 4717789600771
Position: 44.37 -18.18 -614.73 Orientation: 0.2397 0.0057 0.9689 -0.0599 Time: 4717820654854
Position: 44.37 -18.17 -614.72 Orientation: 0.2397 0.0058 0.9689 -0.0599 Time: 4717851630807
Position: 44.37 -18.17 -614.72 Orientation: 0.2396 0.0056 0.9689 -0.0599 Time: 4717883655544
Position: 44.37 -18.17 -614.72 Orientation: 0.2396 0.0056 0.9689 -0.0599 Time: 4717914601840
Position: 44.37 -18.18 -614.71 Orientation: 0.2396 0.0056 0.9689 -0.0599 Time: 4717945609729
Position: 44.37 -18.18 -614.71 Orientation: 0.2396 0.0056 0.9689 -0.0599 Time: 4717976558307
Position: 44.37 -18.17 -614.71 Orientation: 0.2395 0.0055 0.969 -0.0599 Time: 4718007667710
Position: 44.37 -18.17 -614.74 Orientation: 0.24 0.0056 0.9688 -0.0599 Time: 4718039594925
Position: 44.37 -18.17 -614.74 Orientation: 0.24 0.0056 0.9688 -0.0599 Time: 4718070619353
Position: 44.37 -18.17 -614.72 Orientation: 0.2398 0.0057 0.9689 -0.0599 Time: 4718103614174
Position: 44.37 -18.17 -614.71 Orientation: 0.2395 0.0058 0.969 -0.0599 Time: 4718132660795
Position: 44.37 -18.17 -614.71 Orientation: 0.2395 0.0058 0.969 -0.0599 Time: 4718163605380
Position: 44.37 -18.18 -614.73 Orientation: 0.2401 0.0057 0.9688 -0.0599 Time: 4718194621253
Position: 44.37 -18.18 -614.73 Orientation: 0.2401 0.0057 0.9688 -0.0599 Time: 4718226599796
Position: 44.38 -18.17 -614.69 Orientation: 0.2393 0.0057 0.969 -0.0599 Time: 4718257640763
Position: 44.37 -18.18 -614.71 Orientation: 0.2397 0.0056 0.9689 -0.0599 Time: 4718288593903
Position: 44.37 -18.18 -614.71 Orientation: 0.2397 0.0056 0.9689 -0.0599 Time: 4718319673650
Position: 44.37 -18.17 -614.73 Orientation: 0.24 0.0057 0.9688 -0.0599 Time: 4718350576603
Position: 44.37 -18.17 -614.72 Orientation: 0.2398 0.0056 0.9689 -0.0599 Time: 4718382627575
Position: 44.37 -18.17 -614.72 Orientation: 0.2398 0.0056 0.9689 -0.0599 Time: 4718413584707
Position: 44.38 -18.17 -614.7 Orientation: 0.2391 0.0059 0.9691 -0.0599 Time: 4718444639931
Position: 44.38 -18.17 -614.7 Orientation: 0.2391 0.0059 0.9691 -0.0599 Time: 4718475588508
Position: 44.37 -18.17 -614.71 Orientation: 0.2393 0.0055 0.969 -0.06 Time: 4718506674529
Position: 44.37 -18.17 -614.7 Orientation: 0.2394 0.0059 0.969 -0.0599 Time: 4718538596041
Position: 44.37 -18.17 -614.7 Orientation: 0.2394 0.0059 0.969 -0.0599 Time: 4718569692898
Position: 44.38 -18.17 -614.71 Orientation: 0.2394 0.0056 0.969 -0.0599 Time: 4718600574750
Position: 44.37 -18.17 -614.72 Orientation: 0.2396 0.0057 0.9689 -0.0599 Time: 4718631669895
Position: 44.37 -18.17 -614.72 Orientation: 0.2396 0.0057 0.9689 -0.0599 Time: 4718663604525
Position: 44.38 -18.17 -614.71 Orientation: 0.2396 0.0058 0.9689 -0.0599 Time: 4718694610703
Position: 44.38 -18.17 -614.71 Orientation: 0.2396 0.0058 0.9689 -0.0599 Time: 4718725600342
Position: 44.38 -18.17 -614.73 Orientation: 0.2396 0.0058 0.9689 -0.0598 Time: 4718756653855
Position: 44.37 -18.17 -614.72 Orientation: 0.2398 0.0057 0.9689 -0.0599 Time: 4718787585894
Position: 44.37 -18.17 -614.72 Orientation: 0.2398 0.0057 0.9689 -0.0599 Time: 4718820167246
Position: 44.38 -18.18 -614.7 Orientation: 0.2391 0.0056 0.9691 -0.0599 Time: 4718850592287
Position: 44.37 -18.17 -614.71 Orientation: 0.2397 0.0057 0.9689 -0.0599 Time: 4718881624128
Position: 44.37 -18.17 -614.71 Orientation: 0.2397 0.0057 0.9689 -0.0599 Time: 4718912558448
Position: 44.37 -18.17 -614.7 Orientation: 0.2393 0.0057 0.969 -0.0599 Time: 4718943645609
Position: 44.37 -18.17 -614.7 Orientation: 0.2393 0.0057 0.969 -0.0599 Time: 4718975599629
Position: 44.38 -18.17 -614.72 Orientation: 0.2398 0.0057 0.9689 -0.0599 Time: 4719006632041
Position: 44.37 -18.17 -614.73 Orientation: 0.2396 0.0057 0.9689 -0.0599 Time: 4719037590314
Position: 44.37 -18.17 -614.73 Orientation: 0.2396 0.0057 0.9689 -0.0599 Time: 4719068635843
Position: 44.38 -18.18 -614.72 Orientation: 0.2394 0.0057 0.969 -0.0599 Time: 4719099584420
Position: 44.38 -18.17 -614.71 Orientation: 0.2396 0.0056 0.969 -0.0599 Time: 4719131586346
Position: 44.38 -18.17 -614.71 Orientation: 0.2396 0.0056 0.969 -0.0599 Time: 4719162607352
Position: 44.37 -18.17 -614.73 Orientation: 0.24 0.0056 0.9688 -0.0599 Time: 4719193609538
Position: 44.37 -18.17 -614.73 Orientation: 0.24 0.0056 0.9688 -0.0599 Time: 4719224548420
Position: 44.37 -18.17 -614.72 Orientation: 0.2397 0.0057 0.9689 -0.0599 Time: 4719255625886
Position: 44.37 -18.17 -614.71 Orientation: 0.2396 0.0057 0.9689 -0.0599 Time: 4719287566219
Position: 44.37 -18.17 -614.71 Orientation: 0.2396 0.0057 0.9689 -0.0599 Time: 4719318651669
Position: 44.38 -18.17 -614.71 Orientation: 0.2393 0.0058 0.969 -0.0599 Time: 4719349564317
Position: 44.37 -18.17 -614.75 Orientation: 0.2401 0.0056 0.9688 -0.0599 Time: 4719380604143
Position: 44.37 -18.17 -614.75 Orientation: 0.2401 0.0056 0.9688 -0.0599 Time: 4719411681609
Position: 44.38 -18.17 -614.7 Orientation: 0.2394 0.0057 0.969 -0.0599 Time: 4719442634749
Position: 44.38 -18.17 -614.7 Orientation: 0.2394 0.0057 0.969 -0.0599 Time: 4719474598464
Position: 44.37 -18.18 -614.73 Orientation: 0.2399 0.0057 0.9689 -0.0599 Time: 4719505616048
Position: 44.38 -18.17 -614.73 Orientation: 0.2394 0.0057 0.969 -0.0599 Time: 4719536689522
Position: 44.38 -18.17 -614.73 Orientation: 0.2394 0.0057 0.969 -0.0599 Time: 4719567619280
Position: 44.37 -18.17 -614.7 Orientation: 0.2392 0.0057 0.969 -0.0599 Time: 4719598586677
Position: 44.37 -18.18 -614.73 Orientation: 0.2399 0.0055 0.9689 -0.0599 Time: 4719630602290
Position: 44.37 -18.18 -614.73 Orientation: 0.2399 0.0055 0.9689 -0.0599 Time: 4719661608468
Position: 44.37 -18.18 -614.7 Orientation: 0.2397 0.0057 0.9689 -0.0599 Time: 4719692692777
Position: 44.37 -18.18 -614.7 Orientation: 0.2397 0.0057 0.9689 -0.0599 Time: 4719723597442
Position: 44.4 -18.13 -614.73 Orientation: 0.2396 0.0058 0.9689 -0.0599 Time: 4719755590242
Position: 44.35 -18.17 -614.72 Orientation: 0.2404 0.0054 0.9687 -0.0599 Time: 4719786620373
Position: 44.35 -18.17 -614.72 Orientation: 0.2404 0.0054 0.9687 -0.0599 Time: 4719817559826
Position: 44.38 -18.13 -614.74 Orientation: 0.2393 0.0056 0.969 -0.06 Time: 4719848604214
Position: 44.34 -18.15 -614.74 Orientation: 0.2402 0.0056 0.9688 -0.0599 Time: 4719879617236
Position: 44.34 -18.15 -614.74 Orientation: 0.2402 0.0056 0.9688 -0.0599 Time: 4719911554147
Position: 44.36 -18.12 -614.77 Orientation: 0.2401 0.0056 0.9688 -0.0599 Time: 4719942574012
Position: 44.36 -18.12 -614.77 Orientation: 0.2401 0.0056 0.9688 -0.0599 Time: 4719973600151
Position: 44.37 -18.13 -614.71 Orientation: 0.239 0.0059 0.9691 -0.0599 Time: 4720004604618
Position: 44.37 -18.11 -614.72 Orientation: 0.2393 0.0058 0.969 -0.0599 Time: 4720035548633
Position: 44.37 -18.11 -614.72 Orientation: 0.2393 0.0058 0.969 -0.0599 Time: 4720067597893
Position: 44.38 -18.13 -614.72 Orientation: 0.2391 0.0059 0.9691 -0.06 Time: 4720098540768
Position: 44.38 -18.13 -614.72 Orientation: 0.2393 0.0057 0.969 -0.0599 Time: 4720129588578
Position: 44.38 -18.13 -614.72 Orientation: 0.2393 0.0057 0.969 -0.0599 Time: 4720160555405
Position: 44.36 -18.12 -614.75 Orientation: 0.2397 0.0056 0.9689 -0.0599 Time: 4720191596942
Position: 44.36 -18.12 -614.75 Orientation: 0.2397 0.0056 0.9689 -0.0599 Time: 4720223540126
Position: 44.36 -18.12 -614.72 Orientation: 0.2394 0.0059 0.969 -0.0599 Time: 4720254554859
Position: 44.36 -18.14 -614.73 Orientation: 0.2392 0.0058 0.969 -0.0599 Time: 4720285600958
Position: 44.36 -18.14 -614.73 Orientation: 0.2392 0.0058 0.969 -0.0599 Time: 4720316572348
Position: 44.37 -18.12 -614.74 Orientation: 0.2396 0.0057 0.9689 -0.0599 Time: 4720347576245
Position: 44.36 -18.12 -614.73 Orientation: 0.2397 0.0057 0.9689 -0.0599 Time: 4720379749831
Position: 44.36 -18.12 -614.73 Orientation: 0.2397 0.0057 0.9689 -0.0599 Time: 4720410510779
Position: 44.37 -18.12 -614.72 Orientation: 0.2394 0.0057 0.969 -0.0599 Time: 4720441553456
Position: 44.37 -18.12 -614.72 Orientation: 0.2394 0.0057 0.969 -0.0599 Time: 4720472604688
Position: 44.36 -18.13 -614.7 Orientation: 0.2393 0.0058 0.969 -0.0599 Time: 4720503588625
Position: 44.37 -18.1 -614.74 Orientation: 0.2397 0.0057 0.9689 -0.0599 Time: 4720535558043
Position: 44.37 -18.1 -614.74 Orientation: 0.2397 0.0057 0.9689 -0.0599 Time: 4720566592166
Position: 44.38 -18.11 -614.7 Orientation: 0.2389 0.0058 0.9691 -0.0599 Time: 4720597596633
Position: 44.37 -18.09 -614.75 Orientation: 0.2397 0.0056 0.9689 -0.0599 Time: 4720628583991
Position: 44.37 -18.09 -614.75 Orientation: 0.2397 0.0056 0.9689 -0.0599 Time: 4720659565076
Position: 44.38 -18.1 -614.72 Orientation: 0.2386 0.0058 0.9692 -0.06 Time: 4720690579808
Position: 44.38 -18.1 -614.72 Orientation: 0.2386 0.0058 0.9692 -0.06 Time: 4720722507594
Position: 44.36 -18.1 -614.75 Orientation: 0.2397 0.0056 0.9689 -0.0599 Time: 4720753610724
Position: 44.36 -18.1 -614.75 Orientation: 0.2396 0.0058 0.9689 -0.0599 Time: 4720784591809
Position: 44.36 -18.1 -614.75 Orientation: 0.2396 0.0058 0.9689 -0.0599 Time: 4720815583729
Position: 44.37 -18.09 -614.74 Orientation: 0.239 0.0057 0.9691 -0.06 Time: 4720846504932
Position: 44.36 -18.09 -614.76 Orientation: 0.2398 0.0057 0.9689 -0.0599 Time: 4720878570731
Position: 44.36 -18.09 -614.76 Orientation: 0.2398 0.0057 0.9689 -0.0599 Time: 4720909501059
Position: 44.36 -18.1 -614.76 Orientation: 0.2397 0.0056 0.9689 -0.0599 Time: 4720940577385
Position: 44.36 -18.1 -614.76 Orientation: 0.2397 0.0056 0.9689 -0.0599 Time: 4720971533376
Position: 44.37 -18.09 -614.73 Orientation: 0.2391 0.0057 0.9691 -0.06 Time: 4721003559254
Position: 44.37 -18.09 -614.74 Orientation: 0.2394 0.0056 0.969 -0.06 Time: 4721034558018
Position: 44.37 -18.09 -614.74 Orientation: 0.2394 0.0056 0.969 -0.06 Time: 4721065580735
Position: 44.37 -18.1 -614.75 Orientation: 0.2396 0.0057 0.9689 -0.0599 Time: 4721096552695
Position: 44.36 -18.09 -614.75 Orientation: 0.2399 0.0056 0.9689 -0.06 Time: 4721127561154
Position: 44.36 -18.09 -614.75 Orientation: 0.2399 0.0056 0.9689 -0.06 Time: 4721159547111
Position: 44.37 -18.1 -614.75 Orientation: 0.2398 0.0056 0.9689 -0.0599 Time: 4721190551008
Position: 44.37 -18.1 -614.75 Orientation: 0.2398 0.0056 0.9689 -0.0599 Time: 4721221560608
Position: 44.37 -18.1 -614.75 Orientation: 0.2397 0.0055 0.9689 -0.06 Time: 4721252579333
Position: 44.37 -18.09 -614.74 Orientation: 0.2392 0.0058 0.969 -0.06 Time: 4721283571824
Position: 44.37 -18.09 -614.74 Orientation: 0.2392 0.0058 0.969 -0.06 Time: 4721315547515
Position: 44.38 -18.1 -614.72 Orientation: 0.2389 0.0058 0.9691 -0.0599 Time: 4721346551412
Position: 44.37 -18.09 -614.74 Orientation: 0.2391 0.0057 0.9691 -0.06 Time: 4721377551317
Position: 44.37 -18.09 -614.74 Orientation: 0.2391 0.0057 0.9691 -0.06 Time: 4721408519855
Position: 44.37 -18.09 -614.71 Orientation: 0.2388 0.0058 0.9691 -0.06 Time: 4721439573368
Position: 44.37 -18.09 -614.71 Orientation: 0.2388 0.0058 0.9691 -0.06 Time: 4721471567879
Position: 44.37 -18.09 -614.75 Orientation: 0.2393 0.0057 0.969 -0.0599 Time: 4721502602573
Position: 44.37 -18.09 -614.74 Orientation: 0.2396 0.0057 0.9689 -0.0599 Time: 4721533508378
Position: 44.37 -18.09 -614.74 Orientation: 0.2396 0.0057 0.9689 -0.0599 Time: 4721564539079
Position: 44.36 -18.09 -614.74 Orientation: 0.24 0.0057 0.9688 -0.0599 Time: 4721595528148
Position: 44.36 -18.09 -614.74 Orientation: 0.2396 0.0057 0.9689 -0.0599 Time: 4721627491292
Position: 44.36 -18.09 -614.74 Orientation: 0.2396 0.0057 0.9689 -0.0599 Time: 4721658551079
Position: 44.37 -18.09 -614.75 Orientation: 0.2395 0.0058 0.969 -0.0599 Time: 4721689562390
Position: 44.37 -18.09 -614.75 Orientation: 0.2395 0.0058 0.969 -0.0599 Time: 4721720590239
Position: 44.36 -18.09 -614.75 Orientation: 0.2394 0.0057 0.969 -0.0599 Time: 4721751559348
Position: 44.36 -18.08 -614.76 Orientation: 0.24 0.0056 0.9688 -0.0599 Time: 4721782542714
Position: 44.36 -18.08 -614.76 Orientation: 0.24 0.0056 0.9688 -0.0599 Time: 4721814534944
Position: 44.37 -18.09 -614.73 Orientation: 0.2395 0.0057 0.969 -0.06 Time: 4721845539411
Position: 44.37 -18.09 -614.76 Orientation: 0.2396 0.0058 0.9689 -0.0599 Time: 4721876527910
Position: 44.37 -18.09 -614.76 Orientation: 0.2396 0.0058 0.9689 -0.0599 Time: 4721907486183
Position: 44.37 -18.09 -614.74 Orientation: 0.2391 0.0058 0.9691 -0.0599 Time: 4721939803485
Position: 44.37 -18.09 -614.74 Orientation: 0.2391 0.0058 0.9691 -0.0599 Time: 4721970570706
Position: 44.37 -18.09 -614.73 Orientation: 0.2393 0.0057 0.969 -0.06 Time: 4722001587720
Position: 44.36 -18.09 -614.76 Orientation: 0.24 0.0056 0.9688 -0.0599 Time: 4722032524321
Position: 44.36 -18.09 -614.76 Orientation: 0.24 0.0056 0.9688 -0.0599 Time: 4722063568139
Position: 44.36 -18.09 -614.76 Orientation: 0.2399 0.0057 0.9689 -0.0599 Time: 4722095560370
Position: 44.37 -18.09 -614.75 Orientation: 0.2396 0.0057 0.9689 -0.0599 Time: 4722126534611
Position: 44.37 -18.09 -614.75 Orientation: 0.2396 0.0057 0.9689 -0.0599 Time: 4722157527102
Position: 44.36 -18.1 -614.73 Orientation: 0.2395 0.0056 0.969 -0.0599 Time: 4722188547537
Position: 44.36 -18.1 -614.73 Orientation: 0.2395 0.0056 0.969 -0.0599 Time: 4722219580520
Position: 44.37 -18.09 -614.74 Orientation: 0.2392 0.0057 0.969 -0.06 Time: 4722250534800
Position: 44.36 -18.08 -614.76 Orientation: 0.24 0.0058 0.9688 -0.0599 Time: 4722282521327
Position: 44.36 -18.08 -614.76 Orientation: 0.24 0.0058 0.9688 -0.0599 Time: 4722313523513
Position: 44.37 -18.1 -614.74 Orientation: 0.239 0.0056 0.9691 -0.06 Time: 4722344557066
Position: 44.37 -18.09 -614.75 Orientation: 0.2394 0.0056 0.969 -0.06 Time: 4722375558682
Position: 44.37 -18.09 -614.75 Orientation: 0.2394 0.0056 0.969 -0.06 Time: 4722407533232
Position: 44.37 -18.08 -614.74 Orientation: 0.2393 0.0057 0.969 -0.06 Time: 4722438498919
Position: 44.37 -18.08 -614.74 Orientation: 0.2393 0.0057 0.969 -0.06 Time: 4722469563838
Position: 44.36 -18.09 -614.73 Orientation: 0.2392 0.0058 0.969 -0.0599 Time: 4722500527814
Position: 44.37 -18.09 -614.76 Orientation: 0.2396 0.0057 0.9689 -0.0599 Time: 4722531541976
Position: 44.37 -18.09 -614.76 Orientation: 0.2396 0.0057 0.9689 -0.0599 Time: 4722563532496
Position: 44.37 -18.09 -614.73 Orientation: 0.2387 0.0057 0.9691 -0.06 Time: 4722594467956
Position: 44.37 -18.09 -614.76 Orientation: 0.2397 0.0057 0.9689 -0.0599 Time: 4722625527172
Position: 44.37 -18.09 -614.76 Orientation: 0.2397 0.0057 0.9689 -0.0599 Time: 4722656554452
Position: 44.36 -18.09 -614.74 Orientation: 0.2398 0.0056 0.9689 -0.06 Time: 4722687569184
Position: 44.36 -18.09 -614.74 Orientation: 0.2398 0.0056 0.9689 -0.06 Time: 4722719964618
Position: 44.37 -18.1 -614.73 Orientation: 0.2394 0.0059 0.969 -0.0599 Time: 4722750550483
Position: 44.38 -18.09 -614.73 Orientation: 0.2387 0.0057 0.9692 -0.06 Time: 4722781500772
Position: 44.38 -18.09 -614.73 Orientation: 0.2387 0.0057 0.9692 -0.06 Time: 4722812541738
Position: 44.36 -18.09 -614.74 Orientation: 0.2395 0.0058 0.969 -0.0599 Time: 4722844538531
Position: 44.37 -18.09 -614.74 Orientation: 0.2389 0.0058 0.9691 -0.0599 Time: 4722875513913
Position: 44.37 -18.09 -614.74 Orientation: 0.2389 0.0058 0.9691 -0.0599 Time: 4722907489034
Position: 44.37 -18.09 -614.74 Orientation: 0.2394 0.0057 0.969 -0.06 Time: 4722937501746
Position: 44.37 -18.09 -614.74 Orientation: 0.2394 0.0057 0.969 -0.06 Time: 4722968465722
Position: 44.37 -18.09 -614.74 Orientation: 0.2393 0.0056 0.969 -0.06 Time: 4722999539766
Position: 44.37 -18.09 -614.74 Orientation: 0.2396 0.0057 0.9689 -0.0599 Time: 4723031513746
Position: 44.37 -18.09 -614.74 Orientation: 0.2396 0.0057 0.9689 -0.0599 Time: 4723062542737
Position: 44.37 -18.09 -614.74 Orientation: 0.2392 0.0057 0.969 -0.0599 Time: 4723093532376
Position: 44.36 -18.09 -614.75 Orientation: 0.2396 0.0057 0.9689 -0.0599 Time: 4723124551101
Position: 44.36 -18.09 -614.75 Orientation: 0.2396 0.0057 0.9689 -0.0599 Time: 4723155548154
Position: 44.36 -18.09 -614.73 Orientation: 0.2395 0.0057 0.969 -0.0599 Time: 4723187489627
Position: 44.36 -18.09 -614.73 Orientation: 0.2395 0.0057 0.969 -0.0599 Time: 4723218486680
Position: 44.37 -18.1 -614.74 Orientation: 0.239 0.0058 0.9691 -0.0599 Time: 4723249518522
Position: 44.37 -18.09 -614.76 Orientation: 0.2397 0.0057 0.9689 -0.0599 Time: 4723280493334
Position: 44.37 -18.09 -614.76 Orientation: 0.2397 0.0057 0.9689 -0.0599 Time: 4723311532019
Position: 44.37 -18.08 -614.73 Orientation: 0.239 0.0056 0.9691 -0.06 Time: 4723343492882
Position: 44.37 -18.1 -614.73 Orientation: 0.2392 0.0058 0.969 -0.0599 Time: 4723374522443
Position: 44.37 -18.1 -614.73 Orientation: 0.2392 0.0058 0.969 -0.0599 Time: 4723405586221
Position: 44.36 -18.09 -614.74 Orientation: 0.2395 0.0056 0.969 -0.0599 Time: 4723436519401
Position: 44.36 -18.09 -614.74 Orientation: 0.2395 0.0056 0.969 -0.0599 Time: 4723467521587
Position: 44.36 -18.09 -614.78 Orientation: 0.2402 0.0057 0.9688 -0.0599 Time: 4723499669510
Position: 44.37 -18.09 -614.74 Orientation: 0.2393 0.0056 0.969 -0.06 Time: 4723530559346
Position: 44.37 -18.09 -614.74 Orientation: 0.2393 0.0056 0.969 -0.06 Time: 4723561511345
Position: 44.38 -18.09 -614.71 Orientation: 0.2384 0.0059 0.9692 -0.0599 Time: 4723592511250
Position: 44.37 -18.09 -614.74 Orientation: 0.2393 0.0058 0.969 -0.0599 Time: 4723623544232
Position: 44.37 -18.09 -614.74 Orientation: 0.2393 0.0058 0.969 -0.0599 Time: 4723654509919
Position: 44.37 -18.09 -614.74 Orientation: 0.2388 0.0058 0.9691 -0.06 Time: 4723686517547
Position: 44.37 -18.09 -614.74 Orientation: 0.2388 0.0058 0.9691 -0.06 Time: 4723717492929
Position: 44.37 -18.09 -614.75 Orientation: 0.2393 0.0057 0.969 -0.0599 Time: 4723748488842
