Position: 40.68 -70.31 -610.56 Orientation: 0.2322 -0.0073 0.97 -0.0708 Time: 4641328217344
Position: 40.68 -70.31 -610.58 Orientation: 0.2328 -0.0074 0.9699 -0.0708 Time: 4641359151094
Position: 40.68 -70.31 -610.57 Orientation: 0.2324 -0.0073 0.9699 -0.0708 Time: 4641390153280
Position: 40.68 -70.31 -610.57 Orientation: 0.2324 -0.0073 0.9699 -0.0708 Time: 4641421354501
Position: 40.68 -70.31 -610.57 Orientation: 0.2324 -0.0074 0.9699 -0.0708 Time: 4641452162784
Position: 40.68 -70.31 -610.56 Orientation: 0.2326 -0.0074 0.9699 -0.0708 Time: 4641483180939
Position: 40.68 -70.31 -610.56 Orientation: 0.2326 -0.0074 0.9699 -0.0708 Time: 4641514142063
Position: 40.69 -70.31 -610.56 Orientation: 0.232 -0.0074 0.97 -0.0708 Time: 4641546159957
Position: 40.69 -70.31 -610.56 Orientation: 0.232 -0.0074 0.97 -0.0708 Time: 4641577122221
Position: 40.68 -70.31 -610.56 Orientation: 0.2321 -0.0072 0.97 -0.0707 Time: 4641608167750
Position: 40.69 -70.31 -610.57 Orientation: 0.2323 -0.0073 0.97 -0.0708 Time: 4641639137999
Position: 40.69 -70.31 -610.57 Orientation: 0.2323 -0.0073 0.97 -0.0708 Time: 4641670161287
Position: 40.68 -70.31 -610.57 Orientation: 0.2326 -0.0074 0.9699 -0.0708 Time: 4641702141540
Position: 40.68 -70.31 -610.58 Orientation: 0.2325 -0.0073 0.9699 -0.0707 Time: 4641733162546
Position: 40.68 -70.31 -610.58 Orientation: 0.2325 -0.0073 0.9699 -0.0707 Time: 4641764113975
Position: 40.68 -70.31 -610.57 Orientation: 0.2324 -0.0075 0.9699 -0.0708 Time: 4641795155512
Position: 40.68 -70.31 -610.57 Orientation: 0.2324 -0.0075 0.9699 -0.0708 Time: 4641826140019
Position: 40.68 -70.31 -610.57 Orientation: 0.2325 -0.0073 0.9699 -0.0707 Time: 4641858171600
Position: 40.68 -70.32 -610.57 Orientation: 0.2324 -0.0074 0.97 -0.0707 Time: 4641889133865
Position: 40.68 -70.32 -610.57 Orientation: 0.2324 -0.0074 0.97 -0.0707 Time: 4641920157152
Position: 40.68 -70.31 -610.58 Orientation: 0.2323 -0.0074 0.97 -0.0708 Time: 4641951108011
Position: 40.68 -70.3 -610.57 Orientation: 0.2327 -0.0074 0.9699 -0.0708 Time: 4641983171529
Position: 40.68 -70.3 -610.57 Orientation: 0.2327 -0.0074 0.9699 -0.0708 Time: 4642014149762
Position: 40.69 -70.32 -610.57 Orientation: 0.2324 -0.0074 0.97 -0.0708 Time: 4642045154799
Position: 40.69 -70.32 -610.57 Orientation: 0.2324 -0.0074 0.97 -0.0708 Time: 4642076109080
Position: 40.68 -70.3 -610.56 Orientation: 0.2324 -0.0073 0.97 -0.0707 Time: 4642107154039
Position: 40.68 -70.31 -610.56 Orientation: 0.2323 -0.0073 0.97 -0.0707 Time: 4642139278579
Position: 40.68 -70.31 -610.56 Orientation: 0.2323 -0.0073 0.97 -0.0707 Time: 4642170158150
Position: 40.69 -70.31 -610.57 Orientation: 0.232 -0.0073 0.97 -0.0708 Time: 4642201134102
Position: 40.68 -70.3 -610.57 Orientation: 0.2325 -0.0074 0.9699 -0.0708 Time: 4642232149405
Position: 40.68 -70.3 -610.57 Orientation: 0.2325 -0.0074 0.9699 -0.0708 Time: 4642263136763
Position: 40.67 -70.32 -610.58 Orientation: 0.2328 -0.0074 0.9699 -0.0707 Time: 4642294145793
Position: 40.67 -70.32 -610.58 Orientation: 0.2328 -0.0074 0.9699 -0.0707 Time: 4642326130039
Position: 40.68 -70.31 -610.58 Orientation: 0.2325 -0.0074 0.9699 -0.0708 Time: 4642357172716
Position: 40.68 -70.31 -610.57 Orientation: 0.2325 -0.0074 0.9699 -0.0708 Time: 4642391110246
Position: 40.68 -70.31 -610.57 Orientation: 0.2325 -0.0074 0.9699 -0.0708 Time: 4642419146862
Position: 40.68 -70.31 -610.57 Orientation: 0.2324 -0.0074 0.9699 -0.0708 Time: 4642451127116
Position: 40.68 -70.3 -610.55 Orientation: 0.2323 -0.0073 0.97 -0.0708 Time: 4642482146981
Position: 40.68 -70.3 -610.55 Orientation: 0.2323 -0.0073 0.97 -0.0708 Time: 4642513150878
Position: 40.69 -70.31 -610.55 Orientation: 0.2323 -0.0074 0.97 -0.0708 Time: 4642544294499
Position: 40.69 -70.31 -610.55 Orientation: 0.2323 -0.0074 0.97 -0.0708 Time: 4642575133578
Position: 40.68 -70.31 -610.57 Orientation: 0.2326 -0.0074 0.9699 -0.0708 Time: 4642606165990
Position: 40.69 -70.3 -610.55 Orientation: 0.2321 -0.0075 0.97 -0.0708 Time: 4642638174189
Position: 40.69 -70.3 -610.55 Orientation: 0.2321 -0.0075 0.97 -0.0708 Time: 4642669170672
Position: 40.68 -70.31 -610.57 Orientation: 0.2324 -0.0073 0.97 -0.0708 Time: 4642700147765
Position: 40.69 -70.3 -610.57 Orientation: 0.2323 -0.0074 0.97 -0.0708 Time: 4642731159076
Position: 40.69 -70.3 -610.57 Orientation: 0.2323 -0.0074 0.97 -0.0708 Time: 4642762125332
Position: 40.68 -70.31 -610.54 Orientation: 0.2318 -0.0072 0.9701 -0.0708 Time: 4642794132391
Position: 40.68 -70.31 -610.54 Orientation: 0.2318 -0.0072 0.9701 -0.0708 Time: 4642826181081
Position: 40.69 -70.31 -610.56 Orientation: 0.2323 -0.0075 0.97 -0.0708 Time: 4642856166988
Position: 40.69 -70.3 -610.56 Orientation: 0.2319 -0.0073 0.9701 -0.0708 Time: 4642887563253
Position: 40.69 -70.3 -610.56 Orientation: 0.2319 -0.0073 0.9701 -0.0708 Time: 4642918160525
Position: 40.68 -70.31 -610.58 Orientation: 0.2325 -0.0076 0.9699 -0.0708 Time: 4642950129373
Position: 40.68 -70.31 -610.58 Orientation: 0.2327 -0.0074 0.9699 -0.0708 Time: 4642981217104
Position: 40.68 -70.31 -610.58 Orientation: 0.2327 -0.0074 0.9699 -0.0708 Time: 4643013104398
Position: 40.68 -70.3 -610.57 Orientation: 0.2323 -0.0074 0.97 -0.0708 Time: 4643044136240
Position: 40.68 -70.3 -610.57 Orientation: 0.2323 -0.0074 0.97 -0.0708 Time: 4643074140968
Position: 40.68 -70.3 -610.56 Orientation: 0.2326 -0.0074 0.9699 -0.0708 Time: 4643106123503
Position: 40.69 -70.3 -610.56 Orientation: 0.2322 -0.0072 0.97 -0.0708 Time: 4643137278530
Position: 40.69 -70.3 -610.56 Orientation: 0.2322 -0.0072 0.97 -0.0708 Time: 4643168151828
Position: 40.69 -70.3 -610.57 Orientation: 0.2322 -0.0074 0.97 -0.0708 Time: 4643199147170
Position: 40.68 -70.31 -610.56 Orientation: 0.2324 -0.0074 0.97 -0.0708 Time: 4643230137380
Position: 40.68 -70.31 -610.56 Orientation: 0.2324 -0.0074 0.97 -0.0708 Time: 4643262137594
Position: 40.68 -70.31 -610.57 Orientation: 0.2326 -0.0075 0.9699 -0.0708 Time: 4643293150616
Position: 40.68 -70.31 -610.57 Orientation: 0.2326 -0.0075 0.9699 -0.0708 Time: 4643324104896
Position: 40.68 -70.31 -610.55 Orientation: 0.2325 -0.0074 0.9699 -0.0708 Time: 4643355159550
Position: 40.68 -70.31 -610.58 Orientation: 0.2328 -0.0075 0.9699 -0.0708 Time: 4643386127518
Position: 40.68 -70.31 -610.58 Orientation: 0.2328 -0.0075 0.9699 -0.0708 Time: 4643418137998
Position: 40.69 -70.31 -610.57 Orientation: 0.2323 -0.0072 0.97 -0.0707 Time: 4643449135051
Position: 40.68 -70.3 -610.56 Orientation: 0.2324 -0.0073 0.9699 -0.0708 Time: 4643480141799
Position: 40.68 -70.3 -610.56 Orientation: 0.2324 -0.0073 0.9699 -0.0708 Time: 4643511114900
Position: 40.69 -70.31 -610.56 Orientation: 0.2325 -0.0074 0.9699 -0.0708 Time: 4643542175827
Position: 40.69 -70.31 -610.56 Orientation: 0.2325 -0.0074 0.9699 -0.0708 Time: 4643574116730
Position: 40.69 -70.31 -610.56 Orientation: 0.2322 -0.0073 0.97 -0.0708 Time: 4643605159407
Position: 40.67 -70.3 -610.58 Orientation: 0.2328 -0.0075 0.9699 -0.0707 Time: 4643636083462
Position: 40.67 -70.3 -610.58 Orientation: 0.2328 -0.0075 0.9699 -0.0707 Time: 4643667136975
Position: 40.68 -70.32 -610.58 Orientation: 0.2325 -0.0074 0.9699 -0.0707 Time: 4643698116349
Position: 40.69 -70.3 -610.56 Orientation: 0.2319 -0.0074 0.9701 -0.0708 Time: 4643730121126
Position: 40.69 -70.3 -610.56 Orientation: 0.2319 -0.0074 0.9701 -0.0708 Time: 4643761107914
Position: 40.68 -70.31 -610.57 Orientation: 0.2322 -0.0073 0.97 -0.0708 Time: 4643792146029
Position: 40.68 -70.31 -610.57 Orientation: 0.2322 -0.0073 0.97 -0.0708 Time: 4643823108294
Position: 40.69 -70.31 -610.57 Orientation: 0.2321 -0.0074 0.97 -0.0708 Time: 4643855122766
Position: 40.68 -70.3 -610.57 Orientation: 0.2325 -0.0073 0.9699 -0.0708 Time: 4643886104421
Position: 40.68 -70.3 -610.57 Orientation: 0.2325 -0.0073 0.9699 -0.0708 Time: 4643917119724
Position: 40.68 -70.31 -610.59 Orientation: 0.2322 -0.0076 0.97 -0.0708 Time: 4643948113925
Position: 40.68 -70.31 -610.6 Orientation: 0.2326 -0.0073 0.9699 -0.0707 Time: 4643979100713
Position: 40.68 -70.31 -610.6 Orientation: 0.2326 -0.0073 0.9699 -0.0707 Time: 4644011092943
Position: 40.68 -70.31 -610.58 Orientation: 0.2327 -0.0074 0.9699 -0.0708 Time: 4644042116230
Position: 40.68 -70.31 -610.58 Orientation: 0.2327 -0.0074 0.9699 -0.0708 Time: 4644073086480
Position: 40.69 -70.32 -610.58 Orientation: 0.2324 -0.0073 0.97 -0.0707 Time: 4644104289412
Position: 40.68 -70.31 -610.59 Orientation: 0.2326 -0.0073 0.9699 -0.0708 Time: 4644135154725
Position: 40.68 -70.31 -610.59 Orientation: 0.2326 -0.0073 0.9699 -0.0708 Time: 4644167079090
Position: 40.69 -70.31 -610.57 Orientation: 0.2322 -0.0073 0.97 -0.0708 Time: 4644198108650
Position: 40.68 -70.32 -610.59 Orientation: 0.2327 -0.0074 0.9699 -0.0708 Time: 4644229104563
Position: 40.68 -70.32 -610.59 Orientation: 0.2327 -0.0074 0.9699 -0.0708 Time: 4644260127850
Position: 40.68 -70.3 -610.58 Orientation: 0.2326 -0.0074 0.9699 -0.0708 Time: 4644291119200
Position: 40.68 -70.3 -610.58 Orientation: 0.2326 -0.0074 0.9699 -0.0708 Time: 4644322124238
Position: 40.69 -70.31 -610.56 Orientation: 0.232 -0.0074 0.97 -0.0708 Time: 4644354211138
Position: 40.68 -70.31 -610.58 Orientation: 0.2326 -0.0076 0.9699 -0.0708 Time: 4644385090709
Position: 40.68 -70.31 -610.58 Orientation: 0.2326 -0.0076 0.9699 -0.0708 Time: 4644416053544
Position: 40.68 -70.31 -610.56 Orientation: 0.2324 -0.0075 0.97 -0.0708 Time: 4644447108768
Position: 40.69 -70.32 -610.57 Orientation: 0.232 -0.0073 0.9701 -0.0708 Time: 4644478063619
Position: 40.69 -70.32 -610.57 Orientation: 0.232 -0.0073 0.9701 -0.0708 Time: 4644510079802
Position: 40.69 -70.31 -610.56 Orientation: 0.2322 -0.0073 0.97 -0.0708 Time: 4644541072293
Position: 40.69 -70.31 -610.56 Orientation: 0.2322 -0.0073 0.97 -0.0708 Time: 4644572122384
Position: 40.67 -70.32 -610.58 Orientation: 0.233 -0.0073 0.9698 -0.0707 Time: 4644603094344
Position: 40.68 -70.32 -610.56 Orientation: 0.2327 -0.0073 0.9699 -0.0707 Time: 4644634110217
Position: 40.68 -70.32 -610.56 Orientation: 0.2327 -0.0073 0.9699 -0.0707 Time: 4644666083627
Position: 40.68 -70.31 -610.56 Orientation: 0.2329 -0.0074 0.9698 -0.0708 Time: 4644697100641
Position: 40.68 -70.31 -610.56 Orientation: 0.2325 -0.0074 0.9699 -0.0708 Time: 4644728054352
Position: 40.68 -70.31 -610.56 Orientation: 0.2325 -0.0074 0.9699 -0.0708 Time: 4644759059959
Position: 40.69 -70.32 -610.57 Orientation: 0.2323 -0.0074 0.97 -0.0708 Time: 4644790083246
Position: 40.69 -70.32 -610.57 Orientation: 0.2323 -0.0074 0.97 -0.0708 Time: 4644822113687
Position: 40.69 -70.31 -610.54 Orientation: 0.232 -0.0072 0.9701 -0.0708 Time: 4644853079374
Position: 40.68 -70.32 -610.56 Orientation: 0.2323 -0.0073 0.97 -0.0707 Time: 4644884083841
Position: 40.68 -70.32 -610.56 Orientation: 0.2323 -0.0073 0.97 -0.0707 Time: 4644915074050
Position: 40.68 -70.31 -610.55 Orientation: 0.2322 -0.0073 0.97 -0.0708 Time: 4644946054565
Position: 40.68 -70.31 -610.56 Orientation: 0.2323 -0.0073 0.97 -0.0708 Time: 4644978078162
Position: 40.68 -70.31 -610.56 Orientation: 0.2323 -0.0073 0.97 -0.0708 Time: 4645009096886
Position: 40.68 -70.32 -610.58 Orientation: 0.2327 -0.0074 0.9699 -0.0708 Time: 4645040068276
Position: 40.68 -70.32 -610.58 Orientation: 0.2327 -0.0074 0.9699 -0.0708 Time: 4645071143461
Position: 40.68 -70.31 -610.56 Orientation: 0.2323 -0.0074 0.97 -0.0708 Time: 4645102096601
Position: 40.68 -70.32 -610.58 Orientation: 0.2327 -0.0074 0.9699 -0.0708 Time: 4645136056373
Position: 40.68 -70.32 -610.58 Orientation: 0.2327 -0.0074 0.9699 -0.0708 Time: 4645165100142
Position: 40.69 -70.31 -610.56 Orientation: 0.2321 -0.0073 0.97 -0.0708 Time: 4645196052141
Position: 40.68 -70.31 -610.55 Orientation: 0.2322 -0.0073 0.97 -0.0707 Time: 4645227107365
Position: 40.68 -70.31 -610.55 Orientation: 0.2322 -0.0073 0.97 -0.0707 Time: 4645258047388
Position: 40.68 -70.32 -610.59 Orientation: 0.2327 -0.0074 0.9699 -0.0707 Time: 4645290109195
Position: 40.68 -70.32 -610.59 Orientation: 0.2327 -0.0074 0.9699 -0.0707 Time: 4645321042375
Position: 40.68 -70.31 -610.56 Orientation: 0.2325 -0.0074 0.9699 -0.0708 Time: 4645352065662
Position: 40.69 -70.31 -610.57 Orientation: 0.2322 -0.0074 0.97 -0.0708 Time: 4645383070699
Position: 40.69 -70.31 -610.57 Orientation: 0.2322 -0.0074 0.97 -0.0708 Time: 4645414102541
Position: 40.69 -70.31 -610.57 Orientation: 0.2324 -0.0075 0.9699 -0.0708 Time: 4645446057702
Position: 40.68 -70.31 -610.56 Orientation: 0.2326 -0.0074 0.9699 -0.0708 Time: 4645477065020
Position: 40.68 -70.31 -610.56 Orientation: 0.2326 -0.0074 0.9699 -0.0708 Time: 4645508067776
Position: 40.69 -70.31 -610.57 Orientation: 0.2322 -0.0073 0.97 -0.0708 Time: 4645539069962
Position: 40.69 -70.31 -610.57 Orientation: 0.2322 -0.0073 0.97 -0.0708 Time: 4645571082153
Position: 40.68 -70.31 -610.56 Orientation: 0.2321 -0.0072 0.97 -0.0708 Time: 4645602066660
Position: 40.68 -70.31 -610.57 Orientation: 0.2326 -0.0074 0.9699 -0.0707 Time: 4645633060291
Position: 40.68 -70.31 -610.57 Orientation: 0.2326 -0.0074 0.9699 -0.0707 Time: 4645664075024
Position: 40.69 -70.31 -610.58 Orientation: 0.2324 -0.0072 0.9699 -0.0707 Time: 4645695094889
Position: 40.68 -70.3 -610.58 Orientation: 0.2328 -0.0074 0.9698 -0.0708 Time: 4645726075974
Position: 40.68 -70.3 -610.58 Orientation: 0.2328 -0.0074 0.9698 -0.0708 Time: 4645758069345
Position: 40.68 -70.31 -610.58 Orientation: 0.2325 -0.0074 0.9699 -0.0708 Time: 4645789069820
Position: 40.68 -70.31 -610.58 Orientation: 0.2325 -0.0074 0.9699 -0.0708 Time: 4645820061740
Position: 40.68 -70.31 -610.57 Orientation: 0.2322 -0.0073 0.97 -0.0708 Time: 4645851099855
Position: 40.68 -70.3 -610.57 Orientation: 0.2325 -0.0073 0.9699 -0.0708 Time: 4645882032465
Position: 40.68 -70.3 -610.57 Orientation: 0.2325 -0.0073 0.9699 -0.0708 Time: 4645914048647
Position: 40.69 -70.31 -610.58 Orientation: 0.2325 -0.0074 0.9699 -0.0708 Time: 4645945074786
Position: 40.68 -70.31 -610.56 Orientation: 0.2321 -0.0074 0.97 -0.0708 Time: 4645976074691
Position: 40.68 -70.31 -610.56 Orientation: 0.2321 -0.0074 0.97 -0.0708 Time: 4646007067752
Position: 40.68 -70.3 -610.57 Orientation: 0.2325 -0.0074 0.9699 -0.0708 Time: 4646038027736
Position: 40.68 -70.3 -610.57 Orientation: 0.2325 -0.0074 0.9699 -0.0708 Time: 4646070056465
Position: 40.68 -70.31 -610.56 Orientation: 0.2325 -0.0074 0.9699 -0.0708 Time: 4646101048386
Position: 40.69 -70.3 -610.57 Orientation: 0.2322 -0.0074 0.97 -0.0708 Time: 4646132073954
Position: 40.69 -70.3 -610.57 Orientation: 0.2322 -0.0074 0.97 -0.0708 Time: 4646163055609
Position: 40.68 -70.31 -610.59 Orientation: 0.2329 -0.0074 0.9698 -0.0707 Time: 4646194044678
Position: 40.68 -70.31 -610.56 Orientation: 0.2325 -0.0073 0.9699 -0.0707 Time: 4646226051736
Position: 40.68 -70.31 -610.56 Orientation: 0.2325 -0.0073 0.9699 -0.0707 Time: 4646257043086
Position: 40.69 -70.31 -610.56 Orientation: 0.232 -0.0073 0.97 -0.0708 Time: 4646288090326
Position: 40.69 -70.31 -610.56 Orientation: 0.232 -0.0073 0.97 -0.0708 Time: 4646319071981
Position: 40.69 -70.3 -610.56 Orientation: 0.232 -0.0074 0.9701 -0.0708 Time: 4646350058769
Position: 40.68 -70.3 -610.55 Orientation: 0.2322 -0.0074 0.97 -0.0708 Time: 4646382053281
Position: 40.68 -70.3 -610.55 Orientation: 0.2322 -0.0074 0.97 -0.0708 Time: 4646413028092
Position: 40.69 -70.31 -610.57 Orientation: 0.232 -0.0074 0.97 -0.0708 Time: 4646444054801
Position: 40.68 -70.3 -610.57 Orientation: 0.2328 -0.0074 0.9699 -0.0707 Time: 4646475056987
Position: 40.68 -70.3 -610.57 Orientation: 0.2328 -0.0074 0.9699 -0.0707 Time: 4646506081985
Position: 40.69 -70.3 -610.53 Orientation: 0.2316 -0.0072 0.9701 -0.0708 Time: 4646538049122
Position: 40.69 -70.3 -610.53 Orientation: 0.2316 -0.0072 0.9701 -0.0708 Time: 4646569055870
Position: 40.68 -70.31 -610.58 Orientation: 0.2325 -0.0075 0.9699 -0.0708 Time: 4646600066040
Position: 40.68 -70.3 -610.58 Orientation: 0.2327 -0.0074 0.9699 -0.0708 Time: 4646631049406
Position: 40.68 -70.3 -610.58 Orientation: 0.2327 -0.0074 0.9699 -0.0708 Time: 4646662021937
Position: 40.68 -70.31 -610.57 Orientation: 0.2326 -0.0073 0.9699 -0.0708 Time: 4646694035838
Position: 40.68 -70.31 -610.59 Orientation: 0.2327 -0.0074 0.9699 -0.0707 Time: 4646725047149
Position: 40.68 -70.31 -610.59 Orientation: 0.2327 -0.0074 0.9699 -0.0707 Time: 4646756017398
Position: 40.68 -70.3 -610.56 Orientation: 0.2324 -0.0073 0.97 -0.0708 Time: 4646787073763
Position: 40.68 -70.3 -610.56 Orientation: 0.2324 -0.0073 0.97 -0.0708 Time: 4646818061121
Position: 40.69 -70.31 -610.58 Orientation: 0.2323 -0.0074 0.97 -0.0708 Time: 4646850026547
Position: 40.69 -70.31 -610.59 Orientation: 0.2323 -0.0075 0.97 -0.0708 Time: 4646881077779
Position: 40.69 -70.31 -610.59 Orientation: 0.2323 -0.0075 0.97 -0.0708 Time: 4646912077113
Position: 40.68 -70.31 -610.57 Orientation: 0.2325 -0.0074 0.9699 -0.0708 Time: 4646943076448
Position: 40.68 -70.32 -610.57 Orientation: 0.2325 -0.0073 0.9699 -0.0707 Time: 4646974021033
Position: 40.68 -70.32 -610.57 Orientation: 0.2325 -0.0073 0.9699 -0.0707 Time: 4647006075427
Position: 40.68 -70.31 -610.56 Orientation: 0.2324 -0.0075 0.9699 -0.0708 Time: 4647037098714
Position: 40.68 -70.31 -610.56 Orientation: 0.2324 -0.0075 0.9699 -0.0708 Time: 4647068083791
Position: 40.68 -70.32 -610.56 Orientation: 0.2324 -0.0075 0.9699 -0.0708 Time: 4647099055751
Position: 40.69 -70.32 -610.55 Orientation: 0.232 -0.0074 0.97 -0.0708 Time: 4647130047671
Position: 40.69 -70.32 -610.55 Orientation: 0.232 -0.0074 0.97 -0.0708 Time: 4647162021081
Position: 40.68 -70.32 -610.57 Orientation: 0.2325 -0.0072 0.9699 -0.0707 Time: 4647193012432
Position: 40.67 -70.32 -610.56 Orientation: 0.2325 -0.0075 0.9699 -0.0708 Time: 4647224010625
Position: 40.67 -70.32 -610.56 Orientation: 0.2325 -0.0075 0.9699 -0.0708 Time: 4647255043037
Position: 40.69 -70.3 -610.58 Orientation: 0.232 -0.0073 0.97 -0.0708 Time: 4647286004732
Position: 40.69 -70.3 -610.58 Orientation: 0.232 -0.0073 0.97 -0.0708 Time: 4647318016923
Position: 40.67 -70.32 -610.57 Orientation: 0.2328 -0.0073 0.9699 -0.0707 Time: 4647349014546
Position: 40.69 -70.31 -610.58 Orientation: 0.2325 -0.0073 0.9699 -0.0707 Time: 4647380005326
Position: 40.69 -70.31 -610.58 Orientation: 0.2325 -0.0073 0.9699 -0.0707 Time: 4647411000098
Position: 40.68 -70.31 -610.56 Orientation: 0.2322 -0.0073 0.97 -0.0708 Time: 4647442010268
Position: 40.68 -70.3 -610.58 Orientation: 0.2329 -0.0074 0.9698 -0.0708 Time: 4647473981397
Position: 40.68 -70.3 -610.58 Orientation: 0.2329 -0.0074 0.9698 -0.0708 Time: 4647505034911
Position: 40.68 -70.31 -610.58 Orientation: 0.2327 -0.0075 0.9699 -0.0708 Time: 4647535997175
Position: 40.68 -70.31 -610.58 Orientation: 0.2327 -0.0075 0.9699 -0.0708 Time: 4647567000502
Position: 40.68 -70.31 -610.57 Orientation: 0.2328 -0.0074 0.9699 -0.0708 Time: 4647598003829
Position: 40.69 -70.31 -610.57 Orientation: 0.2323 -0.0074 0.97 -0.0707 Time: 4647630009746
Position: 40.69 -70.31 -610.57 Orientation: 0.2323 -0.0074 0.97 -0.0707 Time: 4647661141961
Position: 40.68 -70.32 -610.55 Orientation: 0.2321 -0.0073 0.97 -0.0708 Time: 4647692148139
Position: 40.69 -70.31 -610.56 Orientation: 0.2322 -0.0073 0.97 -0.0707 Time: 4647723142341
Position: 40.69 -70.31 -610.56 Orientation: 0.2322 -0.0073 0.97 -0.0707 Time: 4647754234634
Position: 40.68 -70.33 -610.57 Orientation: 0.2321 -0.0073 0.97 -0.0708 Time: 4647786141319
Position: 40.68 -70.33 -610.57 Orientation: 0.2321 -0.0073 0.97 -0.0708 Time: 4647817138372
Position: 40.69 -70.31 -610.58 Orientation: 0.2325 -0.0075 0.9699 -0.0708 Time: 4647848132004
Position: 40.69 -70.32 -610.56 Orientation: 0.2323 -0.0073 0.97 -0.0708 Time: 4647879101112
Position: 40.69 -70.32 -610.56 Orientation: 0.2323 -0.0073 0.97 -0.0708 Time: 4647910167172
Position: 40.68 -70.32 -610.58 Orientation: 0.2327 -0.0075 0.9699 -0.0708 Time: 4647942146285
Position: 40.69 -70.31 -610.55 Orientation: 0.232 -0.0072 0.97 -0.0708 Time: 4647973162159
Position: 40.69 -70.31 -610.55 Orientation: 0.232 -0.0072 0.97 -0.0708 Time: 4648004178602
Position: 40.68 -70.32 -610.56 Orientation: 0.2325 -0.0073 0.9699 -0.0708 Time: 4648035118055
Position: 40.68 -70.32 -610.56 Orientation: 0.2325 -0.0073 0.9699 -0.0708 Time: 4648066140201
Position: 40.68 -70.32 -610.57 Orientation: 0.2325 -0.0074 0.9699 -0.0708 Time: 4648098130150
Position: 40.69 -70.32 -610.57 Orientation: 0.232 -0.0072 0.97 -0.0707 Time: 4648129128915
Position: 40.69 -70.32 -610.57 Orientation: 0.232 -0.0072 0.97 -0.0707 Time: 4648160130530
