Position: 37.5 -197.88 -611.34 Orientation: 0.2283 0.0056 0.9683 -0.1001 Time: 4337321259089
Position: 37.51 -197.89 -611.36 Orientation: 0.2285 0.0055 0.9683 -0.1002 Time: 4337356223163
Position: 37.52 -197.87 -611.33 Orientation: 0.2276 0.0057 0.9685 -0.1002 Time: 4337388217675
Position: 37.51 -197.88 -611.33 Orientation: 0.2281 0.0058 0.9684 -0.1002 Time: 4337419205603
Position: 37.51 -197.88 -611.33 Orientation: 0.2281 0.0058 0.9684 -0.1002 Time: 4337450175852
Position: 37.51 -197.89 -611.35 Orientation: 0.2281 0.0055 0.9684 -0.1002 Time: 4337481218530
Position: 37.51 -197.87 -611.33 Orientation: 0.2282 0.0056 0.9684 -0.1002 Time: 4337512175091
Position: 37.51 -197.87 -611.33 Orientation: 0.2282 0.0056 0.9684 -0.1002 Time: 4337544187282
Position: 37.51 -197.88 -611.33 Orientation: 0.2277 0.0057 0.9685 -0.1002 Time: 4337575211140
Position: 37.51 -197.88 -611.33 Orientation: 0.2277 0.0057 0.9685 -0.1002 Time: 4337606209333
Position: 37.51 -197.89 -611.33 Orientation: 0.2277 0.0058 0.9685 -0.1001 Time: 4337637198402
Position: 37.52 -197.87 -611.33 Orientation: 0.2276 0.0057 0.9685 -0.1003 Time: 4337668202299
Position: 37.52 -197.87 -611.33 Orientation: 0.2276 0.0057 0.9685 -0.1003 Time: 4337700326840
Position: 37.51 -197.88 -611.36 Orientation: 0.2285 0.0056 0.9683 -0.1002 Time: 4337731199567
Position: 37.5 -197.89 -611.34 Orientation: 0.2285 0.0057 0.9683 -0.1001 Time: 4337762342618
Position: 37.5 -197.89 -611.34 Orientation: 0.2285 0.0057 0.9683 -0.1001 Time: 4337793195384
Position: 37.52 -197.87 -611.33 Orientation: 0.2277 0.0057 0.9685 -0.1002 Time: 4337824191867
Position: 37.52 -197.87 -611.33 Orientation: 0.2277 0.0057 0.9685 -0.1002 Time: 4337856208621
Position: 37.51 -197.89 -611.36 Orientation: 0.2282 0.0056 0.9684 -0.1002 Time: 4337887191416
Position: 37.51 -197.88 -611.35 Orientation: 0.2278 0.0055 0.9685 -0.1002 Time: 4337918202727
Position: 37.51 -197.88 -611.33 Orientation: 0.2275 0.0057 0.9685 -0.1003 Time: 4337980205388
Position: 37.51 -197.88 -611.35 Orientation: 0.2278 0.0055 0.9685 -0.1002 Time: 4337949184952
Position: 37.51 -197.89 -611.34 Orientation: 0.2274 0.0056 0.9686 -0.1002 Time: 4338012194767
Position: 37.51 -197.89 -611.34 Orientation: 0.2274 0.0056 0.9686 -0.1002 Time: 4338043196382
Position: 37.51 -197.88 -611.34 Orientation: 0.228 0.0056 0.9684 -0.1002 Time: 4338074162639
Position: 37.51 -197.88 -611.34 Orientation: 0.228 0.0056 0.9684 -0.1002 Time: 4338105198473
Position: 37.51 -197.88 -611.34 Orientation: 0.2282 0.0057 0.9684 -0.1002 Time: 4338136186402
Position: 37.5 -197.89 -611.37 Orientation: 0.2287 0.0054 0.9682 -0.1002 Time: 4338168194030
Position: 37.5 -197.89 -611.37 Orientation: 0.2287 0.0054 0.9682 -0.1002 Time: 4338199183099
Position: 37.51 -197.88 -611.34 Orientation: 0.2281 0.0056 0.9684 -0.1002 Time: 4338230190418
Position: 37.51 -197.87 -611.34 Orientation: 0.2278 0.0057 0.9684 -0.1002 Time: 4338261186901
Position: 37.51 -197.87 -611.34 Orientation: 0.2278 0.0057 0.9684 -0.1002 Time: 4338292191938
Position: 37.52 -197.89 -611.35 Orientation: 0.228 0.0056 0.9684 -0.1002 Time: 4338324319330
Position: 37.52 -197.89 -611.35 Orientation: 0.228 0.0056 0.9684 -0.1002 Time: 4338355208026
Position: 37.51 -197.87 -611.33 Orientation: 0.228 0.0058 0.9684 -0.1002 Time: 4338386282640
Position: 37.51 -197.88 -611.33 Orientation: 0.2278 0.0059 0.9685 -0.1001 Time: 4338417226085
Position: 37.51 -197.88 -611.33 Orientation: 0.2278 0.0059 0.9685 -0.1001 Time: 4338448195764
Position: 37.5 -197.89 -611.35 Orientation: 0.2283 0.0056 0.9683 -0.1001 Time: 4338480195408
Position: 37.51 -197.88 -611.35 Orientation: 0.2284 0.0055 0.9683 -0.1002 Time: 4338511272303
Position: 37.51 -197.88 -611.35 Orientation: 0.2284 0.0055 0.9683 -0.1002 Time: 4338542180389
Position: 37.5 -197.89 -611.36 Orientation: 0.2285 0.0055 0.9683 -0.1002 Time: 4338573215653
Position: 37.5 -197.89 -611.36 Orientation: 0.2285 0.0055 0.9683 -0.1002 Time: 4338604184761
Position: 37.51 -197.89 -611.34 Orientation: 0.2283 0.0057 0.9683 -0.1002 Time: 4338635181815
Position: 37.51 -197.87 -611.35 Orientation: 0.228 0.0056 0.9684 -0.1002 Time: 4338667183170
Position: 37.51 -197.87 -611.35 Orientation: 0.228 0.0056 0.9684 -0.1002 Time: 4338698189918
Position: 37.51 -197.89 -611.35 Orientation: 0.2281 0.0055 0.9684 -0.1002 Time: 4338730156485
Position: 37.51 -197.88 -611.35 Orientation: 0.228 0.0056 0.9684 -0.1002 Time: 4338760222805
Position: 37.51 -197.88 -611.35 Orientation: 0.228 0.0056 0.9684 -0.1002 Time: 4338792219027
Position: 37.51 -197.88 -611.31 Orientation: 0.227 0.0058 0.9686 -0.1002 Time: 4338823217792
Position: 37.51 -197.88 -611.31 Orientation: 0.227 0.0058 0.9686 -0.1002 Time: 4338854180056
Position: 37.51 -197.88 -611.32 Orientation: 0.2276 0.0057 0.9685 -0.1002 Time: 4338885252960
Position: 37.51 -197.88 -611.35 Orientation: 0.2282 0.0057 0.9684 -0.1002 Time: 4338916186139
Position: 37.51 -197.88 -611.35 Orientation: 0.2282 0.0057 0.9684 -0.1002 Time: 4338948174948
Position: 37.51 -197.88 -611.33 Orientation: 0.2277 0.0056 0.9685 -0.1002 Time: 4338979191961
Position: 37.5 -197.88 -611.35 Orientation: 0.2287 0.0055 0.9683 -0.1002 Time: 4339010153086
Position: 37.5 -197.88 -611.35 Orientation: 0.2287 0.0055 0.9683 -0.1002 Time: 4339041212302
Position: 37.52 -197.88 -611.33 Orientation: 0.2281 0.0057 0.9684 -0.1002 Time: 4339072180840
Position: 37.52 -197.88 -611.33 Orientation: 0.2281 0.0057 0.9684 -0.1002 Time: 4339103157362
Position: 37.51 -197.88 -611.33 Orientation: 0.2276 0.0057 0.9685 -0.1002 Time: 4339136153894
Position: 37.51 -197.88 -611.32 Orientation: 0.2278 0.0056 0.9684 -0.1002 Time: 4339166144935
Position: 37.51 -197.88 -611.32 Orientation: 0.2278 0.0056 0.9684 -0.1002 Time: 4339197179628
Position: 37.51 -197.88 -611.33 Orientation: 0.2282 0.0058 0.9684 -0.1001 Time: 4339228225727
Position: 37.51 -197.88 -611.33 Orientation: 0.2278 0.0057 0.9685 -0.1002 Time: 4339260211114
Position: 37.51 -197.88 -611.33 Orientation: 0.2278 0.0057 0.9685 -0.1002 Time: 4339291201894
Position: 37.51 -197.88 -611.34 Orientation: 0.2277 0.0055 0.9685 -0.1002 Time: 4339322147620
Position: 37.51 -197.88 -611.34 Orientation: 0.2277 0.0055 0.9685 -0.1002 Time: 4339353161212
Position: 37.51 -197.89 -611.35 Orientation: 0.2284 0.0056 0.9683 -0.1001 Time: 4339384147429
Position: 37.51 -197.86 -611.33 Orientation: 0.228 0.0056 0.9684 -0.1002 Time: 4339416153347
Position: 37.51 -197.86 -611.33 Orientation: 0.228 0.0056 0.9684 -0.1002 Time: 4339447139564
Position: 37.51 -197.89 -611.35 Orientation: 0.2283 0.0056 0.9683 -0.1002 Time: 4339478227866
Position: 37.5 -197.89 -611.36 Orientation: 0.2291 0.0057 0.9682 -0.1001 Time: 4339509212373
Position: 37.5 -197.89 -611.36 Orientation: 0.2291 0.0057 0.9682 -0.1001 Time: 4339540156958
Position: 37.5 -197.88 -611.35 Orientation: 0.2282 0.0056 0.9684 -0.1002 Time: 4339572185117
Position: 37.5 -197.88 -611.35 Orientation: 0.2282 0.0056 0.9684 -0.1002 Time: 4339603178749
Position: 37.51 -197.89 -611.35 Orientation: 0.228 0.0055 0.9684 -0.1002 Time: 4339634178083
Position: 37.52 -197.87 -611.31 Orientation: 0.2272 0.0058 0.9686 -0.1003 Time: 4339665193386
Position: 37.52 -197.87 -611.31 Orientation: 0.2272 0.0058 0.9686 -0.1003 Time: 4339696155081
Position: 37.5 -197.88 -611.35 Orientation: 0.2286 0.0056 0.9683 -0.1001 Time: 4339728147311
Position: 37.51 -197.89 -611.33 Orientation: 0.2278 0.0056 0.9685 -0.1002 Time: 4339759151778
Position: 37.51 -197.89 -611.33 Orientation: 0.2278 0.0056 0.9685 -0.1002 Time: 4339790155105
Position: 37.5 -197.88 -611.34 Orientation: 0.2282 0.0057 0.9684 -0.1002 Time: 4339821109955
Position: 37.5 -197.88 -611.34 Orientation: 0.2282 0.0057 0.9684 -0.1002 Time: 4339852154914
Position: 37.51 -197.89 -611.34 Orientation: 0.2278 0.0056 0.9685 -0.1002 Time: 4339884153418
Position: 37.51 -197.88 -611.33 Orientation: 0.2277 0.0056 0.9685 -0.1002 Time: 4339915143057
Position: 37.51 -197.88 -611.33 Orientation: 0.2277 0.0056 0.9685 -0.1002 Time: 4339946128704
Position: 37.51 -197.88 -611.34 Orientation: 0.2279 0.0056 0.9684 -0.1002 Time: 4339977164538
Position: 37.52 -197.89 -611.35 Orientation: 0.2278 0.0057 0.9685 -0.1002 Time: 4340008165013
Position: 37.52 -197.89 -611.35 Orientation: 0.2278 0.0057 0.9685 -0.1002 Time: 4340040173212
Position: 37.51 -197.87 -611.35 Orientation: 0.2284 0.0055 0.9683 -0.1003 Time: 4340071138898
Position: 37.51 -197.87 -611.35 Orientation: 0.2284 0.0055 0.9683 -0.1003 Time: 4340102156482
Position: 37.51 -197.88 -611.3 Orientation: 0.2271 0.0057 0.9686 -0.1002 Time: 4340133138137
Position: 37.51 -197.89 -611.37 Orientation: 0.2285 0.0055 0.9683 -0.1002 Time: 4340164152300
Position: 37.51 -197.89 -611.37 Orientation: 0.2285 0.0055 0.9683 -0.1002 Time: 4340196149663
Position: 37.51 -197.88 -611.34 Orientation: 0.2275 0.0057 0.9685 -0.1002 Time: 4340227145575
Position: 37.51 -197.89 -611.31 Orientation: 0.2274 0.0057 0.9685 -0.1002 Time: 4340258159167
Position: 37.51 -197.89 -611.31 Orientation: 0.2274 0.0057 0.9685 -0.1002 Time: 4340289149947
Position: 37.5 -197.88 -611.35 Orientation: 0.2281 0.0057 0.9684 -0.1001 Time: 4340320127610
Position: 37.5 -197.88 -611.35 Orientation: 0.2281 0.0057 0.9684 -0.1001 Time: 4340352140371
Position: 37.5 -197.88 -611.37 Orientation: 0.2284 0.0056 0.9683 -0.1002 Time: 4340383147690
Position: 37.51 -197.89 -611.36 Orientation: 0.2281 0.0055 0.9684 -0.1002 Time: 4340414143032
Position: 37.51 -197.89 -611.36 Orientation: 0.2281 0.0055 0.9684 -0.1002 Time: 4340445145789
Position: 37.5 -197.88 -611.38 Orientation: 0.2291 0.0055 0.9682 -0.1002 Time: 4340476147975
Position: 37.51 -197.89 -611.36 Orientation: 0.2281 0.0056 0.9684 -0.1001 Time: 4340508129939
Position: 37.51 -197.89 -611.36 Orientation: 0.2281 0.0056 0.9684 -0.1001 Time: 4340539134977
Position: 37.51 -197.88 -611.33 Orientation: 0.2277 0.0055 0.9685 -0.1002 Time: 4340570130890
Position: 37.51 -197.88 -611.33 Orientation: 0.2277 0.0055 0.9685 -0.1002 Time: 4340601137068
Position: 37.51 -197.88 -611.33 Orientation: 0.2273 0.0056 0.9686 -0.1003 Time: 4340632184878
Position: 37.52 -197.88 -611.31 Orientation: 0.2271 0.0057 0.9686 -0.1002 Time: 4340664129203
Position: 37.52 -197.88 -611.31 Orientation: 0.2271 0.0057 0.9686 -0.1002 Time: 4340695128537
Position: 37.51 -197.88 -611.34 Orientation: 0.2282 0.0055 0.9684 -0.1002 Time: 4340726141559
Position: 37.52 -197.88 -611.33 Orientation: 0.2278 0.0056 0.9684 -0.1002 Time: 4340757152299
Position: 37.52 -197.88 -611.33 Orientation: 0.2278 0.0056 0.9684 -0.1002 Time: 4340788129962
Position: 37.51 -197.88 -611.33 Orientation: 0.2282 0.0056 0.9684 -0.1001 Time: 4340819124164
Position: 37.51 -197.88 -611.33 Orientation: 0.2282 0.0056 0.9684 -0.1001 Time: 4340851143198
Position: 37.51 -197.89 -611.33 Orientation: 0.2275 0.0057 0.9685 -0.1002 Time: 4340882132267
Position: 37.52 -197.89 -611.33 Orientation: 0.2279 0.0057 0.9684 -0.1002 Time: 4340913125899
Position: 37.52 -197.89 -611.33 Orientation: 0.2279 0.0057 0.9684 -0.1002 Time: 4340944126374
Position: 37.51 -197.89 -611.35 Orientation: 0.2279 0.0055 0.9684 -0.1002 Time: 4340976120885
Position: 37.5 -197.89 -611.34 Orientation: 0.2282 0.0056 0.9684 -0.1002 Time: 4341007120790
Position: 37.5 -197.89 -611.34 Orientation: 0.2282 0.0056 0.9684 -0.1002 Time: 4341038106437
Position: 37.51 -197.89 -611.32 Orientation: 0.2275 0.0058 0.9685 -0.1002 Time: 4341069151396
Position: 37.51 -197.89 -611.32 Orientation: 0.2275 0.0058 0.9685 -0.1002 Time: 4341100143316
Position: 37.5 -197.88 -611.34 Orientation: 0.2285 0.0056 0.9683 -0.1001 Time: 4341132134976
Position: 37.51 -197.88 -611.32 Orientation: 0.2274 0.0056 0.9685 -0.1003 Time: 4341163114350
Position: 37.51 -197.88 -611.32 Orientation: 0.2274 0.0056 0.9685 -0.1003 Time: 4341194106271
Position: 37.51 -197.88 -611.32 Orientation: 0.2275 0.0056 0.9685 -0.1002 Time: 4341225121003
Position: 37.5 -197.88 -611.35 Orientation: 0.2281 0.0057 0.9684 -0.1002 Time: 4341256154556
Position: 37.5 -197.88 -611.35 Orientation: 0.2281 0.0057 0.9684 -0.1002 Time: 4341288162184
Position: 37.5 -197.88 -611.34 Orientation: 0.2284 0.0057 0.9683 -0.1001 Time: 4341319121598
Position: 37.5 -197.88 -611.34 Orientation: 0.2284 0.0057 0.9683 -0.1001 Time: 4341350125494
Position: 37.51 -197.88 -611.36 Orientation: 0.2283 0.0057 0.9683 -0.1002 Time: 4341381129962
Position: 37.51 -197.9 -611.35 Orientation: 0.2276 0.0055 0.9685 -0.1002 Time: 4341412121312
Position: 37.51 -197.9 -611.35 Orientation: 0.2276 0.0055 0.9685 -0.1002 Time: 4341443116654
Position: 37.51 -197.87 -611.33 Orientation: 0.2275 0.0057 0.9685 -0.1002 Time: 4341475114017
Position: 37.51 -197.87 -611.33 Orientation: 0.2279 0.0057 0.9684 -0.1002 Time: 4341506111070
Position: 37.51 -197.87 -611.33 Orientation: 0.2279 0.0057 0.9684 -0.1002 Time: 4341537118959
Position: 37.52 -197.89 -611.35 Orientation: 0.2278 0.0055 0.9685 -0.1002 Time: 4341568109169
Position: 37.52 -197.89 -611.35 Orientation: 0.2278 0.0055 0.9685 -0.1002 Time: 4341600142461
Position: 37.52 -197.87 -611.34 Orientation: 0.2278 0.0057 0.9684 -0.1002 Time: 4341631120694
Position: 37.51 -197.88 -611.33 Orientation: 0.2275 0.0057 0.9685 -0.1002 Time: 4341662105201
Position: 37.51 -197.88 -611.33 Orientation: 0.2275 0.0057 0.9685 -0.1002 Time: 4341693094270
Position: 37.52 -197.89 -611.33 Orientation: 0.2272 0.0057 0.9686 -0.1002 Time: 4341724148924
Position: 37.5 -197.86 -611.35 Orientation: 0.2284 0.0057 0.9683 -0.1002 Time: 4341755116891
Position: 37.5 -197.86 -611.35 Orientation: 0.2284 0.0057 0.9683 -0.1002 Time: 4341787108551
Position: 37.51 -197.89 -611.33 Orientation: 0.2274 0.0058 0.9686 -0.1001 Time: 4341818117581
Position: 37.51 -197.89 -611.33 Orientation: 0.2274 0.0058 0.9686 -0.1001 Time: 4341849116915
Position: 37.51 -197.88 -611.36 Orientation: 0.2282 0.0056 0.9684 -0.1001 Time: 4341880094008
Position: 37.52 -197.84 -611.31 Orientation: 0.2271 0.0058 0.9686 -0.1003 Time: 4341912110761
Position: 37.52 -197.84 -611.31 Orientation: 0.2271 0.0058 0.9686 -0.1003 Time: 4341943115228
Position: 37.51 -197.89 -611.37 Orientation: 0.2282 0.0055 0.9684 -0.1002 Time: 4341974121977
Position: 37.51 -197.88 -611.34 Orientation: 0.2281 0.0056 0.9684 -0.1002 Time: 4342005097359
Position: 37.51 -197.88 -611.34 Orientation: 0.2281 0.0056 0.9684 -0.1002 Time: 4342036111521
Position: 37.52 -197.84 -611.32 Orientation: 0.2274 0.0056 0.9685 -0.1003 Time: 4342068102040
Position: 37.52 -197.84 -611.32 Orientation: 0.2274 0.0056 0.9685 -0.1003 Time: 4342099096812
Position: 37.51 -197.88 -611.34 Orientation: 0.2281 0.0056 0.9684 -0.1002 Time: 4342130097287
Position: 37.51 -197.87 -611.34 Orientation: 0.228 0.0057 0.9684 -0.1002 Time: 4342161109168
Position: 37.51 -197.87 -611.34 Orientation: 0.228 0.0057 0.9684 -0.1002 Time: 4342192092534
Position: 37.53 -197.87 -611.33 Orientation: 0.227 0.0056 0.9686 -0.1003 Time: 4342224104725
Position: 37.51 -197.88 -611.33 Orientation: 0.2276 0.0056 0.9685 -0.1002 Time: 4342255092083
Position: 37.51 -197.88 -611.33 Orientation: 0.2276 0.0056 0.9685 -0.1002 Time: 4342286098261
Position: 37.51 -197.87 -611.33 Orientation: 0.2276 0.0056 0.9685 -0.1002 Time: 4342317094744
Position: 37.51 -197.87 -611.33 Orientation: 0.2276 0.0056 0.9685 -0.1002 Time: 4342348106625
Position: 37.52 -197.87 -611.31 Orientation: 0.2273 0.0056 0.9686 -0.1002 Time: 4342379124780
Position: 37.5 -197.87 -611.34 Orientation: 0.2281 0.0056 0.9684 -0.1002 Time: 4342411113588
Position: 37.5 -197.87 -611.34 Orientation: 0.2281 0.0056 0.9684 -0.1002 Time: 4342442108931
Position: 37.5 -197.86 -611.35 Orientation: 0.2283 0.0056 0.9683 -0.1002 Time: 4342473128226
Position: 37.52 -197.88 -611.33 Orientation: 0.2273 0.0056 0.9686 -0.1002 Time: 4342504106459
Position: 37.52 -197.88 -611.33 Orientation: 0.2273 0.0056 0.9686 -0.1002 Time: 4342536097549
Position: 37.5 -197.87 -611.35 Orientation: 0.2282 0.0056 0.9684 -0.1002 Time: 4342567103727
Position: 37.5 -197.87 -611.35 Orientation: 0.2282 0.0056 0.9684 -0.1002 Time: 4342598127014
Position: 37.51 -197.87 -611.34 Orientation: 0.2283 0.0057 0.9684 -0.1002 Time: 4342629112091
Position: 37.52 -197.88 -611.34 Orientation: 0.2274 0.0056 0.9686 -0.1002 Time: 4342660101730
Position: 37.52 -197.88 -611.34 Orientation: 0.2274 0.0056 0.9686 -0.1002 Time: 4342692095101
Position: 37.51 -197.86 -611.33 Orientation: 0.2278 0.0056 0.9684 -0.1002 Time: 4342723087592
Position: 37.52 -197.87 -611.36 Orientation: 0.2278 0.0055 0.9685 -0.1002 Time: 4342754088067
Position: 37.52 -197.87 -611.36 Orientation: 0.2278 0.0055 0.9685 -0.1002 Time: 4342785085120
Position: 37.5 -197.89 -611.36 Orientation: 0.2287 0.0055 0.9683 -0.1001 Time: 4342816087306
Position: 37.5 -197.89 -611.36 Orientation: 0.2287 0.0055 0.9683 -0.1001 Time: 4342848093794
Position: 37.51 -197.88 -611.34 Orientation: 0.228 0.0058 0.9684 -0.1002 Time: 4342879084003
Position: 37.51 -197.87 -611.35 Orientation: 0.2281 0.0056 0.9684 -0.1002 Time: 4342910099306
Position: 37.51 -197.87 -611.35 Orientation: 0.2281 0.0056 0.9684 -0.1002 Time: 4342941222396
Position: 37.5 -197.88 -611.33 Orientation: 0.2281 0.0057 0.9684 -0.1002 Time: 4342972096834
Position: 37.5 -197.88 -611.33 Orientation: 0.2281 0.0057 0.9684 -0.1002 Time: 4343004063971
Position: 37.51 -197.89 -611.33 Orientation: 0.228 0.0057 0.9684 -0.1002 Time: 4343035091251
Position: 37.51 -197.89 -611.32 Orientation: 0.2278 0.0057 0.9685 -0.1001 Time: 4343066033555
Position: 37.51 -197.89 -611.32 Orientation: 0.2278 0.0057 0.9685 -0.1001 Time: 4343097083646
Position: 37.51 -197.87 -611.32 Orientation: 0.2275 0.0058 0.9685 -0.1002 Time: 4343128115488
Position: 37.5 -197.89 -611.35 Orientation: 0.2283 0.0055 0.9683 -0.1002 Time: 4343160086617
Position: 37.5 -197.89 -611.35 Orientation: 0.2283 0.0055 0.9683 -0.1002 Time: 4343191121880
Position: 37.51 -197.89 -611.35 Orientation: 0.2281 0.0057 0.9684 -0.1002 Time: 4343222116652
Position: 37.51 -197.87 -611.34 Orientation: 0.2281 0.0055 0.9684 -0.1002 Time: 4343253088042
Position: 37.51 -197.87 -611.34 Orientation: 0.2281 0.0055 0.9684 -0.1002 Time: 4343284099353
Position: 37.5 -197.89 -611.32 Orientation: 0.228 0.0055 0.9684 -0.1002 Time: 4343316074474
Position: 37.5 -197.89 -611.32 Orientation: 0.228 0.0055 0.9684 -0.1002 Time: 4343347066965
Position: 37.51 -197.9 -611.35 Orientation: 0.2278 0.0055 0.9685 -0.1002 Time: 4343378038355
Position: 37.51 -197.87 -611.31 Orientation: 0.2274 0.0058 0.9686 -0.1002 Time: 4343409081602
Position: 37.51 -197.87 -611.31 Orientation: 0.2274 0.0058 0.9686 -0.1002 Time: 4343440039305
Position: 37.5 -197.88 -611.35 Orientation: 0.2281 0.0056 0.9684 -0.1002 Time: 4343472077729
Position: 37.5 -197.87 -611.36 Orientation: 0.2289 0.0057 0.9682 -0.1001 Time: 4343503063947
Position: 37.5 -197.87 -611.36 Orientation: 0.2289 0.0057 0.9682 -0.1001 Time: 4343534061570
Position: 37.51 -197.87 -611.35 Orientation: 0.2281 0.0056 0.9684 -0.1002 Time: 4343565089990
Position: 37.51 -197.87 -611.35 Orientation: 0.2281 0.0056 0.9684 -0.1002 Time: 4343596071075
Position: 37.51 -197.88 -611.36 Orientation: 0.2281 0.0055 0.9684 -0.1002 Time: 4343628082125
Position: 37.52 -197.86 -611.34 Orientation: 0.2272 0.0056 0.9686 -0.1003 Time: 4343659087733
Position: 37.52 -197.86 -611.34 Orientation: 0.2272 0.0056 0.9686 -0.1003 Time: 4343690084786
Position: 37.51 -197.87 -611.32 Orientation: 0.2277 0.0056 0.9685 -0.1002 Time: 4343721081269
Position: 37.51 -197.87 -611.32 Orientation: 0.2277 0.0056 0.9685 -0.1002 Time: 4343752080033
Position: 37.51 -197.87 -611.33 Orientation: 0.2279 0.0056 0.9684 -0.1002 Time: 4343784070553
Position: 37.51 -197.86 -611.32 Orientation: 0.2276 0.0058 0.9685 -0.1002 Time: 4343815066465
Position: 37.51 -197.86 -611.32 Orientation: 0.2276 0.0058 0.9685 -0.1002 Time: 4343846065230
Position: 37.51 -197.89 -611.35 Orientation: 0.2278 0.0057 0.9685 -0.1002 Time: 4343877077681
Position: 37.5 -197.87 -611.36 Orientation: 0.2284 0.0055 0.9683 -0.1002 Time: 4343908074164
Position: 37.5 -197.87 -611.36 Orientation: 0.2284 0.0055 0.9683 -0.1002 Time: 4343940057269
Position: 37.51 -197.87 -611.36 Orientation: 0.2286 0.0056 0.9683 -0.1002 Time: 4343971074853
Position: 37.51 -197.87 -611.36 Orientation: 0.2286 0.0056 0.9683 -0.1002 Time: 4344002071336
Position: 37.51 -197.89 -611.35 Orientation: 0.2278 0.0056 0.9684 -0.1002 Time: 4344033073522
Position: 37.51 -197.87 -611.36 Orientation: 0.2282 0.0057 0.9684 -0.1002 Time: 4344064054607
Position: 37.51 -197.87 -611.36 Orientation: 0.2282 0.0057 0.9684 -0.1002 Time: 4344096054821
Position: 37.5 -197.87 -611.33 Orientation: 0.2281 0.0056 0.9684 -0.1002 Time: 4344127058148
Position: 37.51 -197.88 -611.36 Orientation: 0.2285 0.0056 0.9683 -0.1002 Time: 4344158065467
Position: 37.51 -197.88 -611.36 Orientation: 0.2285 0.0056 0.9683 -0.1002 Time: 4344189049403
Position: 37.51 -197.87 -611.33 Orientation: 0.2277 0.0056 0.9685 -0.1002 Time: 4344220068128
Position: 37.51 -197.87 -611.33 Orientation: 0.2277 0.0056 0.9685 -0.1002 Time: 4344252064920
Position: 37.52 -197.88 -611.32 Orientation: 0.2272 0.0056 0.9686 -0.1002 Time: 4344283068817
Position: 37.51 -197.87 -611.34 Orientation: 0.228 0.0057 0.9684 -0.1002 Time: 4344314042488
Position: 37.51 -197.87 -611.34 Orientation: 0.228 0.0057 0.9684 -0.1002 Time: 4344345073760
Position: 37.52 -197.87 -611.33 Orientation: 0.2281 0.0056 0.9684 -0.1003 Time: 4344376047430
Position: 37.5 -197.88 -611.34 Orientation: 0.2284 0.0057 0.9683 -0.1001 Time: 4344408069887
Position: 37.5 -197.88 -611.34 Orientation: 0.2284 0.0057 0.9683 -0.1001 Time: 4344439075494
Position: 37.5 -197.87 -611.36 Orientation: 0.2281 0.0056 0.9684 -0.1002 Time: 4344470053728
Position: 37.5 -197.87 -611.36 Orientation: 0.2281 0.0056 0.9684 -0.1002 Time: 4344501039945
Position: 37.5 -197.88 -611.35 Orientation: 0.2285 0.0055 0.9683 -0.1002 Time: 4344532066084
Position: 37.5 -197.89 -611.37 Orientation: 0.2286 0.0056 0.9683 -0.1001 Time: 4344564036643
Position: 37.5 -197.89 -611.37 Orientation: 0.2286 0.0056 0.9683 -0.1001 Time: 4344595056508
Position: 37.51 -197.87 -611.35 Orientation: 0.2278 0.0057 0.9684 -0.1002 Time: 4344626058124
Position: 37.51 -197.88 -611.32 Orientation: 0.2277 0.0058 0.9685 -0.1001 Time: 4344657063731
Position: 37.51 -197.88 -611.32 Orientation: 0.2277 0.0058 0.9685 -0.1001 Time: 4344688062495
Position: 37.51 -197.88 -611.35 Orientation: 0.2278 0.0056 0.9685 -0.1002 Time: 4344720060429
Position: 37.51 -197.88 -611.35 Orientation: 0.2278 0.0056 0.9685 -0.1002 Time: 4344751031248
Position: 37.51 -197.87 -611.33 Orientation: 0.2278 0.0056 0.9685 -0.1002 Time: 4344782044270
Position: 37.51 -197.88 -611.35 Orientation: 0.2279 0.0055 0.9684 -0.1002 Time: 4344813039042
Position: 37.51 -197.88 -611.35 Orientation: 0.2279 0.0055 0.9684 -0.1002 Time: 4344844062899
Position: 37.51 -197.87 -611.34 Orientation: 0.2285 0.0057 0.9683 -0.1002 Time: 4344876093910
Position: 37.51 -197.87 -611.35 Orientation: 0.2278 0.0056 0.9684 -0.1003 Time: 4344907065300
Position: 37.51 -197.87 -611.35 Orientation: 0.2278 0.0056 0.9684 -0.1003 Time: 4344938054369
Position: 37.51 -197.88 -611.34 Orientation: 0.2279 0.0056 0.9684 -0.1002 Time: 4344969052563
Position: 37.51 -197.88 -611.34 Orientation: 0.2279 0.0056 0.9684 -0.1002 Time: 4345000011976
Position: 37.51 -197.87 -611.34 Orientation: 0.2278 0.0056 0.9685 -0.1002 Time: 4345032049260
Position: 37.52 -197.88 -611.36 Orientation: 0.2278 0.0054 0.9684 -0.1003 Time: 4345063052586
Position: 37.52 -197.88 -611.36 Orientation: 0.2278 0.0054 0.9684 -0.1003 Time: 4345094045077
Position: 37.51 -197.88 -611.34 Orientation: 0.2282 0.0056 0.9684 -0.1002 Time: 4345125053537
Position: 37.51 -197.87 -611.34 Orientation: 0.228 0.0057 0.9684 -0.1002 Time: 4345156058004
Position: 37.51 -197.87 -611.34 Orientation: 0.228 0.0057 0.9684 -0.1002 Time: 4345188029703
Position: 37.52 -197.87 -611.3 Orientation: 0.2272 0.0057 0.9686 -0.1002 Time: 4345219042155
Position: 37.52 -197.87 -611.3 Orientation: 0.2272 0.0057 0.9686 -0.1002 Time: 4345250025521
Position: 37.51 -197.87 -611.32 Orientation: 0.2277 0.0057 0.9685 -0.1002 Time: 4345281027136
Position: 37.52 -197.88 -611.33 Orientation: 0.2274 0.0057 0.9686 -0.1002 Time: 4345312040158
Position: 37.52 -197.88 -611.33 Orientation: 0.2274 0.0057 0.9686 -0.1002 Time: 4345344040372
Position: 37.51 -197.87 -611.33 Orientation: 0.2276 0.0056 0.9685 -0.1002 Time: 4345375048832
Position: 37.51 -197.88 -611.35 Orientation: 0.228 0.0055 0.9684 -0.1002 Time: 4345406023073
Position: 37.51 -197.88 -611.35 Orientation: 0.228 0.0055 0.9684 -0.1002 Time: 4345437045790
Position: 37.5 -197.88 -611.34 Orientation: 0.228 0.0055 0.9684 -0.1002 Time: 4345468045124
Position: 37.5 -197.88 -611.34 Orientation: 0.228 0.0055 0.9684 -0.1002 Time: 4345500036784
Position: 37.51 -197.87 -611.34 Orientation: 0.2282 0.0056 0.9684 -0.1002 Time: 4345531060071
Position: 37.51 -197.87 -611.31 Orientation: 0.2275 0.0057 0.9685 -0.1002 Time: 4345562031461
Position: 37.51 -197.87 -611.31 Orientation: 0.2275 0.0057 0.9685 -0.1002 Time: 4345593026233
Position: 37.51 -197.89 -611.35 Orientation: 0.2279 0.0057 0.9684 -0.1002 Time: 4345624051801
Position: 37.5 -197.87 -611.34 Orientation: 0.228 0.0056 0.9684 -0.1002 Time: 4345656054867
Position: 37.5 -197.87 -611.34 Orientation: 0.228 0.0056 0.9684 -0.1002 Time: 4345687024546
Position: 37.51 -197.88 -611.34 Orientation: 0.2277 0.0055 0.9685 -0.1002 Time: 4345718029013
Position: 37.51 -197.88 -611.34 Orientation: 0.2277 0.0055 0.9685 -0.1002 Time: 4345749037472
Position: 37.51 -197.88 -611.37 Orientation: 0.2287 0.0055 0.9682 -0.1002 Time: 4345780049924
Position: 37.52 -197.87 -611.34 Orientation: 0.2278 0.0056 0.9684 -0.1003 Time: 4345812015920
Position: 37.52 -197.87 -611.34 Orientation: 0.2278 0.0056 0.9684 -0.1003 Time: 4345843031793
Position: 37.51 -197.88 -611.33 Orientation: 0.2277 0.0056 0.9685 -0.1002 Time: 4345874128649
Position: 37.51 -197.87 -611.31 Orientation: 0.2275 0.0056 0.9685 -0.1003 Time: 4345905057837
Position: 37.51 -197.87 -611.31 Orientation: 0.2275 0.0056 0.9685 -0.1003 Time: 4345936010977
Position: 37.51 -197.88 -611.35 Orientation: 0.2282 0.0056 0.9684 -0.1002 Time: 4345968037425
Position: 37.51 -197.88 -611.35 Orientation: 0.2282 0.0056 0.9684 -0.1002 Time: 4345999007104
Position: 37.51 -197.89 -611.36 Orientation: 0.2285 0.0055 0.9683 -0.1001 Time: 4346030027539
Position: 37.5 -197.87 -611.35 Orientation: 0.2283 0.0055 0.9683 -0.1002 Time: 4346060993226
Position: 37.5 -197.87 -611.35 Orientation: 0.2283 0.0055 0.9683 -0.1002 Time: 4346092028490
Position: 37.51 -197.87 -611.34 Orientation: 0.2281 0.0057 0.9684 -0.1002 Time: 4346124494070
Position: 37.51 -197.89 -611.33 Orientation: 0.2278 0.0057 0.9685 -0.1002 Time: 4346155025757
Position: 37.51 -197.89 -611.33 Orientation: 0.2278 0.0057 0.9685 -0.1002 Time: 4346186014256
Position: 37.51 -197.87 -611.32 Orientation: 0.2277 0.0057 0.9685 -0.1002 Time: 4346217023856
Position: 37.51 -197.87 -611.32 Orientation: 0.2277 0.0057 0.9685 -0.1002 Time: 4346248020339
Position: 37.51 -197.87 -611.34 Orientation: 0.228 0.0056 0.9684 -0.1002 Time: 4346280018842
Position: 37.51 -197.89 -611.36 Orientation: 0.2283 0.0055 0.9683 -0.1002 Time: 4346311015325
Position: 37.51 -197.89 -611.36 Orientation: 0.2283 0.0055 0.9683 -0.1002 Time: 4346342047737
Position: 37.51 -197.87 -611.34 Orientation: 0.2278 0.0056 0.9685 -0.1002 Time: 4346373010572
Position: 37.51 -197.88 -611.34 Orientation: 0.2284 0.0056 0.9683 -0.1002 Time: 4346404017891
Position: 37.51 -197.88 -611.34 Orientation: 0.2284 0.0056 0.9683 -0.1002 Time: 4346436003848
Position: 37.5 -197.89 -611.36 Orientation: 0.2291 0.0056 0.9682 -0.1001 Time: 4346467021432
Position: 37.5 -197.89 -611.36 Orientation: 0.2291 0.0056 0.9682 -0.1001 Time: 4346498015063
Position: 37.51 -197.87 -611.33 Orientation: 0.2274 0.0055 0.9685 -0.1002 Time: 4346529028085
Position: 37.51 -197.88 -611.35 Orientation: 0.2278 0.0056 0.9685 -0.1002 Time: 4346560000045
Position: 37.51 -197.88 -611.35 Orientation: 0.2278 0.0056 0.9685 -0.1002 Time: 4346592054438
Position: 37.52 -197.88 -611.35 Orientation: 0.228 0.0055 0.9684 -0.1002 Time: 4346623020695
Position: 37.5 -197.87 -611.33 Orientation: 0.2281 0.0057 0.9684 -0.1002 Time: 4346654049685
Position: 37.5 -197.87 -611.33 Orientation: 0.2281 0.0057 0.9684 -0.1002 Time: 4346684993130
Position: 37.51 -197.88 -611.36 Orientation: 0.228 0.0056 0.9684 -0.1002 Time: 4346716023261
Position: 37.51 -197.88 -611.36 Orientation: 0.228 0.0056 0.9684 -0.1002 Time: 4346748002945
Position: 37.5 -197.88 -611.36 Orientation: 0.2283 0.0054 0.9683 -0.1002 Time: 4346779005701
Position: 37.5 -197.87 -611.36 Orientation: 0.2288 0.0057 0.9682 -0.1001 Time: 4346809995340
Position: 37.5 -197.87 -611.36 Orientation: 0.2288 0.0057 0.9682 -0.1001 Time: 4346841048283
Position: 37.51 -197.89 -611.36 Orientation: 0.228 0.0054 0.9684 -0.1002 Time: 4346872020813
Position: 37.51 -197.87 -611.33 Orientation: 0.2278 0.0057 0.9685 -0.1002 Time: 4346904003348
Position: 37.51 -197.87 -611.33 Orientation: 0.2278 0.0057 0.9685 -0.1002 Time: 4346935008956
Position: 37.51 -197.88 -611.33 Orientation: 0.2279 0.0057 0.9684 -0.1001 Time: 4346966013423
Position: 37.51 -197.88 -611.33 Orientation: 0.2279 0.0057 0.9684 -0.1001 Time: 4346997006484
Position: 37.51 -197.88 -611.33 Orientation: 0.2274 0.0055 0.9686 -0.1002 Time: 4347027998975
Position: 37.51 -197.88 -611.35 Orientation: 0.2278 0.0057 0.9685 -0.1002 Time: 4347060006033
Position: 37.51 -197.88 -611.35 Orientation: 0.2278 0.0057 0.9685 -0.1002 Time: 4347091117147
Position: 37.51 -197.87 -611.34 Orientation: 0.2282 0.0056 0.9684 -0.1002 Time: 4347121981320
Position: 37.51 -197.87 -611.35 Orientation: 0.2282 0.0057 0.9684 -0.1002 Time: 4347153002326
Position: 37.51 -197.87 -611.35 Orientation: 0.2282 0.0057 0.9684 -0.1002 Time: 4347184026754
Position: 37.51 -197.88 -611.34 Orientation: 0.2275 0.0057 0.9685 -0.1002 Time: 4347215999593
Position: 37.51 -197.88 -611.34 Orientation: 0.2275 0.0057 0.9685 -0.1002 Time: 4347246988092
Position: 37.51 -197.89 -611.34 Orientation: 0.228 0.0057 0.9684 -0.1001 Time: 4347278010809
Position: 37.5 -197.87 -611.34 Orientation: 0.2284 0.0056 0.9683 -0.1002 Time: 4347309043221
Position: 37.5 -197.87 -611.34 Orientation: 0.2284 0.0056 0.9683 -0.1002 Time: 4347340014040
Position: 37.5 -197.87 -611.36 Orientation: 0.2285 0.0054 0.9683 -0.1002 Time: 4347371999427
Position: 37.51 -197.89 -611.33 Orientation: 0.2275 0.0057 0.9685 -0.1002 Time: 4347403005605
Position: 37.51 -197.89 -611.33 Orientation: 0.2275 0.0057 0.9685 -0.1002 Time: 4347433993533
Position: 37.51 -197.86 -611.33 Orientation: 0.2275 0.0057 0.9685 -0.1002 Time: 4347465007696
Position: 37.51 -197.86 -611.33 Orientation: 0.2275 0.0057 0.9685 -0.1002 Time: 4347496000757
Position: 37.5 -197.88 -611.36 Orientation: 0.2283 0.0056 0.9683 -0.1002 Time: 4347527990136
Position: 37.52 -197.88 -611.33 Orientation: 0.2274 0.0055 0.9686 -0.1003 Time: 4347558999735
Position: 37.52 -197.88 -611.33 Orientation: 0.2274 0.0055 0.9686 -0.1003 Time: 4347590005343
Position: 37.51 -197.86 -611.35 Orientation: 0.2284 0.0055 0.9683 -0.1002 Time: 4347620985287
Position: 37.51 -197.89 -611.34 Orientation: 0.2282 0.0056 0.9684 -0.1002 Time: 4347652008575
Position: 37.51 -197.89 -611.34 Orientation: 0.2282 0.0056 0.9684 -0.1002 Time: 4347683997953
Position: 37.5 -197.87 -611.36 Orientation: 0.2286 0.0057 0.9683 -0.1001 Time: 4347715005842
Position: 37.5 -197.87 -611.36 Orientation: 0.2286 0.0057 0.9683 -0.1001 Time: 4347745988638
Position: 37.51 -197.87 -611.34 Orientation: 0.2275 0.0056 0.9685 -0.1002 Time: 4347776999949
Position: 37.51 -197.89 -611.36 Orientation: 0.2281 0.0055 0.9684 -0.1002 Time: 4347808027798
Position: 37.51 -197.89 -611.36 Orientation: 0.2281 0.0055 0.9684 -0.1002 Time: 4347839992654
Position: 37.51 -197.87 -611.34 Orientation: 0.2279 0.0056 0.9684 -0.1002 Time: 4347871004535
Position: 37.51 -197.87 -611.33 Orientation: 0.2275 0.0057 0.9685 -0.1002 Time: 4347901989612
Position: 37.51 -197.87 -611.33 Orientation: 0.2275 0.0057 0.9685 -0.1002 Time: 4347933028297
Position: 37.51 -197.88 -611.36 Orientation: 0.2284 0.0054 0.9683 -0.1002 Time: 4347963982008
Position: 37.51 -197.88 -611.36 Orientation: 0.2284 0.0054 0.9683 -0.1002 Time: 4347995953707
Position: 37.5 -197.87 -611.34 Orientation: 0.2284 0.0057 0.9683 -0.1002 Time: 4348027010072
Position: 37.51 -197.88 -611.34 Orientation: 0.2278 0.0056 0.9685 -0.1002 Time: 4348057995149
Position: 37.51 -197.88 -611.34 Orientation: 0.2278 0.0056 0.9685 -0.1002 Time: 4348089062349
Position: 37.5 -197.88 -611.34 Orientation: 0.2282 0.0056 0.9684 -0.1002 Time: 4348119982411
Position: 37.51 -197.87 -611.35 Orientation: 0.2278 0.0056 0.9684 -0.1002 Time: 4348151977493
Position: 37.51 -197.87 -611.35 Orientation: 0.2278 0.0056 0.9684 -0.1002 Time: 4348182956297
Position: 37.51 -197.88 -611.34 Orientation: 0.2281 0.0058 0.9684 -0.1001 Time: 4348214018935
Position: 37.51 -197.88 -611.34 Orientation: 0.2281 0.0058 0.9684 -0.1001 Time: 4348244994887
Position: 37.51 -197.88 -611.33 Orientation: 0.2277 0.0057 0.9685 -0.1002 Time: 4348276018744
Position: 37.51 -197.87 -611.32 Orientation: 0.2274 0.0056 0.9685 -0.1002 Time: 4348307983030
Position: 37.51 -197.87 -611.32 Orientation: 0.2274 0.0056 0.9685 -0.1002 Time: 4348338977231
Position: 37.52 -197.88 -611.35 Orientation: 0.2278 0.0055 0.9685 -0.1003 Time: 4348369995956
Position: 37.5 -197.87 -611.34 Orientation: 0.2282 0.0056 0.9684 -0.1002 Time: 4348400982744
Position: 37.5 -197.87 -611.34 Orientation: 0.2282 0.0056 0.9684 -0.1002 Time: 4348431972953
Position: 37.51 -197.88 -611.35 Orientation: 0.2283 0.0057 0.9683 -0.1002 Time: 4348463965184
Position: 37.51 -197.88 -611.35 Orientation: 0.2283 0.0057 0.9683 -0.1002 Time: 4348494957675
Position: 37.51 -197.88 -611.37 Orientation: 0.229 0.0056 0.9682 -0.1001 Time: 4348526000922
Position: 37.51 -197.87 -611.33 Orientation: 0.2277 0.0057 0.9685 -0.1002 Time: 4348556963187
Position: 37.51 -197.87 -611.33 Orientation: 0.2277 0.0057 0.9685 -0.1002 Time: 4348587993318
Position: 37.5 -197.88 -611.36 Orientation: 0.2285 0.0056 0.9683 -0.1001 Time: 4348619958174
Position: 37.51 -197.87 -611.34 Orientation: 0.2283 0.0056 0.9683 -0.1002 Time: 4348650967203
Position: 37.51 -197.87 -611.34 Orientation: 0.2283 0.0056 0.9683 -0.1002 Time: 4348681952850
Position: 37.51 -197.87 -611.33 Orientation: 0.2278 0.0056 0.9685 -0.1002 Time: 4348712971005
Position: 37.51 -197.87 -611.33 Orientation: 0.2278 0.0056 0.9685 -0.1002 Time: 4348743993151
Position: 37.51 -197.88 -611.34 Orientation: 0.2274 0.0055 0.9686 -0.1002 Time: 4348775965991
Position: 37.51 -197.87 -611.33 Orientation: 0.2278 0.0057 0.9685 -0.1002 Time: 4348806983005
Position: 37.51 -197.87 -611.33 Orientation: 0.2278 0.0057 0.9685 -0.1002 Time: 4348837969793
Position: 37.51 -197.87 -611.32 Orientation: 0.2274 0.0057 0.9686 -0.1002 Time: 4348868950878
Position: 37.5 -197.88 -611.33 Orientation: 0.2279 0.0057 0.9684 -0.1001 Time: 4348899999828
Position: 37.5 -197.88 -611.33 Orientation: 0.2279 0.0057 0.9684 -0.1001 Time: 4348931964114
Position: 37.51 -197.88 -611.33 Orientation: 0.2279 0.0056 0.9684 -0.1002 Time: 4348962975995
Position: 37.51 -197.88 -611.33 Orientation: 0.2279 0.0056 0.9684 -0.1002 Time: 4348993966205
Position: 37.52 -197.87 -611.33 Orientation: 0.2273 0.0056 0.9686 -0.1002 Time: 4349024982078
Position: 37.51 -197.87 -611.34 Orientation: 0.2278 0.0057 0.9685 -0.1002 Time: 4349055980272
Position: 37.51 -197.87 -611.34 Orientation: 0.2278 0.0057 0.9685 -0.1002 Time: 4349087965658
Position: 37.51 -197.88 -611.33 Orientation: 0.2276 0.0056 0.9685 -0.1002 Time: 4349118957579
Position: 37.51 -197.87 -611.34 Orientation: 0.2278 0.0056 0.9685 -0.1002 Time: 4349149970600
Position: 37.51 -197.87 -611.34 Orientation: 0.2278 0.0056 0.9685 -0.1002 Time: 4349180944271
Position: 37.5 -197.88 -611.35 Orientation: 0.2284 0.0058 0.9683 -0.1001 Time: 4349212088462
Position: 37.5 -197.88 -611.35 Orientation: 0.2284 0.0058 0.9683 -0.1001 Time: 4349244070427
Position: 37.52 -197.88 -611.31 Orientation: 0.2268 0.0057 0.9687 -0.1002 Time: 4349275081738
Position: 37.5 -197.87 -611.33 Orientation: 0.2282 0.0058 0.9684 -0.1001 Time: 4349305925380
Position: 37.5 -197.87 -611.33 Orientation: 0.2282 0.0058 0.9684 -0.1001 Time: 4349336987448
Position: 37.51 -197.88 -611.34 Orientation: 0.2279 0.0056 0.9684 -0.1002 Time: 4349367977657
Position: 37.5 -197.88 -611.34 Orientation: 0.2282 0.0055 0.9684 -0.1002 Time: 4349399976731
Position: 37.5 -197.88 -611.34 Orientation: 0.2282 0.0055 0.9684 -0.1002 Time: 4349430981769
Position: 37.51 -197.87 -611.34 Orientation: 0.2278 0.0055 0.9685 -0.1002 Time: 4349461983955
Position: 37.51 -197.87 -611.34 Orientation: 0.2278 0.0055 0.9685 -0.1002 Time: 4349492983859
Position: 37.51 -197.88 -611.33 Orientation: 0.2276 0.0056 0.9685 -0.1002 Time: 4349523996881
Position: 37.51 -197.87 -611.32 Orientation: 0.2275 0.0057 0.9685 -0.1002 Time: 4349555974283
Position: 37.51 -197.87 -611.32 Orientation: 0.2275 0.0057 0.9685 -0.1002 Time: 4349586976469
Position: 37.5 -197.87 -611.33 Orientation: 0.2281 0.0057 0.9684 -0.1002 Time: 4349617975804
Position: 37.51 -197.88 -611.35 Orientation: 0.228 0.0056 0.9684 -0.1002 Time: 4349648979130
Position: 37.51 -197.88 -611.35 Orientation: 0.228 0.0056 0.9684 -0.1002 Time: 4349679973332
Position: 37.51 -197.87 -611.33 Orientation: 0.2277 0.0057 0.9685 -0.1002 Time: 4349711978109
Position: 37.51 -197.87 -611.33 Orientation: 0.2277 0.0057 0.9685 -0.1002 Time: 4349742973451
Position: 37.51 -197.88 -611.33 Orientation: 0.228 0.0056 0.9684 -0.1002 Time: 4349773995598
Position: 37.51 -197.88 -611.33 Orientation: 0.2277 0.0057 0.9685 -0.1002 Time: 4349805061087
Position: 37.51 -197.88 -611.33 Orientation: 0.2277 0.0057 0.9685 -0.1002 Time: 4349836059281
Position: 37.51 -197.87 -611.33 Orientation: 0.2274 0.0057 0.9686 -0.1003 Time: 4349868068621
Position: 37.51 -197.88 -611.34 Orientation: 0.2279 0.0056 0.9684 -0.1002 Time: 4349899069666
Position: 37.51 -197.88 -611.34 Orientation: 0.2279 0.0056 0.9684 -0.1002 Time: 4349930065579
Position: 37.5 -197.87 -611.35 Orientation: 0.2282 0.0056 0.9684 -0.1002 Time: 4349961056358
Position: 37.5 -197.87 -611.35 Orientation: 0.2282 0.0056 0.9684 -0.1002 Time: 4349992052271
Position: 37.5 -197.87 -611.32 Orientation: 0.2281 0.0059 0.9684 -0.1001 Time: 4350024075298
Position: 37.52 -197.88 -611.35 Orientation: 0.2276 0.0056 0.9685 -0.1002 Time: 4350055065507
Position: 37.52 -197.88 -611.35 Orientation: 0.2276 0.0056 0.9685 -0.1002 Time: 4350086067123
Position: 37.51 -197.87 -611.34 Orientation: 0.2275 0.0055 0.9685 -0.1002 Time: 4350117070449
Position: 37.51 -197.88 -611.35 Orientation: 0.2282 0.0056 0.9684 -0.1002 Time: 4350148054386
Position: 37.51 -197.88 -611.35 Orientation: 0.2282 0.0056 0.9684 -0.1002 Time: 4350180054600
Position: 37.51 -197.87 -611.35 Orientation: 0.2281 0.0056 0.9684 -0.1002 Time: 4350211053935
Position: 37.51 -197.87 -611.35 Orientation: 0.2281 0.0056 0.9684 -0.1002 Time: 4350242052699
Position: 37.51 -197.87 -611.34 Orientation: 0.2279 0.0058 0.9684 -0.1002 Time: 4350273054885
Position: 37.5 -197.88 -611.36 Orientation: 0.2284 0.0055 0.9683 -0.1002 Time: 4350304052508
Position: 37.5 -197.88 -611.36 Orientation: 0.2284 0.0055 0.9683 -0.1002 Time: 4350336052152
Position: 37.51 -197.87 -611.34 Orientation: 0.2276 0.0056 0.9685 -0.1002 Time: 4350367056049
Position: 37.51 -197.87 -611.34 Orientation: 0.2279 0.0055 0.9684 -0.1002 Time: 4350398053103
Position: 37.51 -197.87 -611.34 Orientation: 0.2279 0.0055 0.9684 -0.1002 Time: 4350429044453
Position: 37.51 -197.87 -611.35 Orientation: 0.2282 0.0056 0.9684 -0.1002 Time: 4350460053482
Position: 37.51 -197.87 -611.35 Orientation: 0.2282 0.0056 0.9684 -0.1002 Time: 4350492042861
Position: 37.51 -197.87 -611.34 Orientation: 0.228 0.0057 0.9684 -0.1002 Time: 4350523125460
Position: 37.51 -197.87 -611.34 Orientation: 0.2279 0.0055 0.9684 -0.1002 Time: 4350554050085
Position: 37.51 -197.87 -611.34 Orientation: 0.2279 0.0055 0.9684 -0.1002 Time: 4350585041435
Position: 37.52 -197.87 -611.31 Orientation: 0.2273 0.0058 0.9686 -0.1002 Time: 4350616045332
