Position: 51.41 176.5 -615.04 Orientation: 0.233 -0.054 0.9626 -0.1268 Time: 5331039481435
Position: 51.4 176.48 -615.09 Orientation: 0.2338 -0.054 0.9624 -0.1267 Time: 5331070415755
Position: 51.42 176.46 -615.04 Orientation: 0.2325 -0.0538 0.9627 -0.1266 Time: 5331101397410
Position: 51.42 176.46 -615.04 Orientation: 0.2325 -0.0538 0.9627 -0.1266 Time: 5331132417276
Position: 51.41 176.5 -615.06 Orientation: 0.2334 -0.0539 0.9625 -0.1268 Time: 5331163405204
Position: 51.41 176.48 -615.05 Orientation: 0.2333 -0.0539 0.9625 -0.1267 Time: 5331195407700
Position: 51.41 176.48 -615.05 Orientation: 0.2333 -0.0539 0.9625 -0.1267 Time: 5331226373386
Position: 51.4 176.48 -615.08 Orientation: 0.234 -0.0539 0.9624 -0.1267 Time: 5331257401806
Position: 51.4 176.48 -615.08 Orientation: 0.234 -0.0539 0.9624 -0.1267 Time: 5331288371485
Position: 51.41 176.5 -615.07 Orientation: 0.2333 -0.0538 0.9625 -0.1267 Time: 5331319409600
Position: 51.41 176.47 -615.06 Orientation: 0.2331 -0.054 0.9626 -0.1267 Time: 5331351393846
Position: 51.41 176.47 -615.06 Orientation: 0.2331 -0.054 0.9626 -0.1267 Time: 5331382409149
Position: 51.41 176.48 -615.07 Orientation: 0.2335 -0.0538 0.9625 -0.1267 Time: 5331413390804
Position: 51.41 176.49 -615.05 Orientation: 0.2332 -0.0539 0.9626 -0.1267 Time: 5331444409529
Position: 51.41 176.49 -615.05 Orientation: 0.2332 -0.0539 0.9626 -0.1267 Time: 5331476546045
Position: 51.41 176.47 -615.07 Orientation: 0.2332 -0.0539 0.9626 -0.1267 Time: 5331507403945
Position: 51.41 176.47 -615.07 Orientation: 0.2332 -0.0539 0.9626 -0.1267 Time: 5331538388452
Position: 51.41 176.49 -615.07 Orientation: 0.2331 -0.0541 0.9626 -0.1267 Time: 5331569399762
Position: 51.41 176.46 -615.06 Orientation: 0.2334 -0.0538 0.9625 -0.1267 Time: 5331663388380
Position: 51.4 176.5 -615.08 Orientation: 0.2341 -0.0539 0.9623 -0.1267 Time: 5331631405275
Position: 51.41 176.49 -615.04 Orientation: 0.2329 -0.0539 0.9626 -0.1267 Time: 5331725381346
Position: 51.4 176.5 -615.08 Orientation: 0.2341 -0.0539 0.9623 -0.1267 Time: 5331600388261
Position: 51.41 176.49 -615.04 Orientation: 0.2329 -0.0539 0.9626 -0.1267 Time: 5331694393418
Position: 51.41 176.49 -615.08 Orientation: 0.2338 -0.0539 0.9624 -0.1267 Time: 5331756394938
Position: 51.41 176.49 -615.08 Orientation: 0.2338 -0.0539 0.9624 -0.1267 Time: 5331787386288
Position: 51.42 176.48 -615.04 Orientation: 0.2328 -0.0539 0.9627 -0.1267 Time: 5331819388214
Position: 51.41 176.48 -615.06 Orientation: 0.2329 -0.054 0.9626 -0.1267 Time: 5331850384126
Position: 51.41 176.48 -615.06 Orientation: 0.2329 -0.054 0.9626 -0.1267 Time: 5331881389164
Position: 51.41 176.46 -615.03 Orientation: 0.2325 -0.0539 0.9628 -0.1266 Time: 5331912380514
Position: 51.41 176.5 -615.07 Orientation: 0.2337 -0.0538 0.9624 -0.1268 Time: 5331943395817
Position: 51.41 176.5 -615.07 Orientation: 0.2337 -0.0538 0.9624 -0.1268 Time: 5331975385766
Position: 51.41 176.46 -615.08 Orientation: 0.2337 -0.054 0.9624 -0.1267 Time: 5332006391374
Position: 51.41 176.46 -615.08 Orientation: 0.2337 -0.054 0.9624 -0.1267 Time: 5332037519597
Position: 51.41 176.47 -615.05 Orientation: 0.2331 -0.054 0.9626 -0.1266 Time: 5332068528056
Position: 51.42 176.49 -615.04 Orientation: 0.2327 -0.0539 0.9627 -0.1267 Time: 5332100407937
Position: 51.42 176.49 -615.04 Orientation: 0.2327 -0.0539 0.9627 -0.1267 Time: 5332132604905
Position: 51.41 176.46 -615.05 Orientation: 0.2328 -0.0538 0.9627 -0.1266 Time: 5332163986912
Position: 51.41 176.49 -615.06 Orientation: 0.2334 -0.0539 0.9625 -0.1267 Time: 5332193379136
Position: 51.41 176.49 -615.06 Orientation: 0.2334 -0.0539 0.9625 -0.1267 Time: 5332225382202
Position: 51.4 176.47 -615.07 Orientation: 0.2337 -0.054 0.9624 -0.1267 Time: 5332255386929
Position: 51.4 176.47 -615.07 Orientation: 0.2337 -0.054 0.9624 -0.1267 Time: 5332287404823
Position: 51.41 176.47 -615.03 Orientation: 0.2328 -0.0539 0.9626 -0.1267 Time: 5332318331159
Position: 51.42 176.47 -615.03 Orientation: 0.2329 -0.0539 0.9626 -0.1267 Time: 5332350414638
Position: 51.42 176.47 -615.03 Orientation: 0.2329 -0.0539 0.9626 -0.1267 Time: 5332380377163
Position: 51.42 176.44 -615.06 Orientation: 0.2333 -0.0539 0.9626 -0.1266 Time: 5332411357107
Position: 51.42 176.44 -615.06 Orientation: 0.2333 -0.0539 0.9626 -0.1266 Time: 5332443378993
Position: 51.42 176.51 -615.06 Orientation: 0.2337 -0.0539 0.9624 -0.1269 Time: 5332474368062
Position: 51.42 176.46 -615.05 Orientation: 0.2331 -0.054 0.9626 -0.1267 Time: 5332505358842
Position: 51.42 176.46 -615.05 Orientation: 0.2331 -0.054 0.9626 -0.1267 Time: 5332536397527
Position: 51.41 176.43 -615.04 Orientation: 0.2331 -0.0537 0.9626 -0.1266 Time: 5332567367776
Position: 51.43 176.49 -615.01 Orientation: 0.2321 -0.0537 0.9628 -0.1267 Time: 5332599358296
Position: 51.43 176.49 -615.01 Orientation: 0.2321 -0.0537 0.9628 -0.1267 Time: 5332630362193
Position: 51.42 176.46 -615.02 Orientation: 0.2325 -0.0538 0.9627 -0.1267 Time: 5332661403159
Position: 51.42 176.46 -615.02 Orientation: 0.2325 -0.0538 0.9627 -0.1267 Time: 5332692352307
Position: 51.42 176.46 -615.05 Orientation: 0.2331 -0.054 0.9626 -0.1267 Time: 5332725361386
Position: 51.41 176.49 -615.05 Orientation: 0.2333 -0.0539 0.9625 -0.1267 Time: 5332755318208
Position: 51.41 176.49 -615.05 Orientation: 0.2333 -0.0539 0.9625 -0.1267 Time: 5332786320394
Position: 51.41 176.46 -615.07 Orientation: 0.2336 -0.0539 0.9625 -0.1266 Time: 5332817360220
Position: 51.42 176.47 -615.02 Orientation: 0.2323 -0.054 0.9628 -0.1267 Time: 5332848359554
Position: 51.42 176.47 -615.02 Orientation: 0.2323 -0.054 0.9628 -0.1267 Time: 5332879377138
Position: 51.41 176.48 -615.05 Orientation: 0.2333 -0.0538 0.9625 -0.1267 Time: 5332911356252
Position: 51.42 176.47 -615.04 Orientation: 0.2326 -0.054 0.9627 -0.1267 Time: 5332942373266
Position: 51.42 176.47 -615.04 Orientation: 0.2326 -0.054 0.9627 -0.1267 Time: 5332973364045
Position: 51.41 176.48 -615.05 Orientation: 0.2332 -0.0539 0.9626 -0.1267 Time: 5333004339427
Position: 51.41 176.48 -615.05 Orientation: 0.2332 -0.0539 0.9626 -0.1267 Time: 5333035346746
Position: 51.41 176.47 -615.06 Orientation: 0.2335 -0.0541 0.9625 -0.1267 Time: 5333067360077
Position: 51.42 176.45 -615.04 Orientation: 0.2325 -0.0539 0.9627 -0.1266 Time: 5333098389638
Position: 51.42 176.45 -615.04 Orientation: 0.2325 -0.0539 0.9627 -0.1266 Time: 5333129345629
Position: 51.41 176.48 -615.05 Orientation: 0.2337 -0.054 0.9624 -0.1268 Time: 5333160311316
Position: 51.41 176.48 -615.05 Orientation: 0.2337 -0.054 0.9624 -0.1268 Time: 5333191363688
Position: 51.41 176.47 -615.05 Orientation: 0.2331 -0.0541 0.9626 -0.1267 Time: 5333223345083
Position: 51.41 176.46 -615.03 Orientation: 0.2331 -0.0539 0.9626 -0.1267 Time: 5333254350691
Position: 51.41 176.46 -615.03 Orientation: 0.2331 -0.0539 0.9626 -0.1267 Time: 5333285322080
Position: 51.41 176.49 -615.06 Orientation: 0.2332 -0.0539 0.9626 -0.1268 Time: 5333316372172
Position: 51.41 176.47 -615.07 Orientation: 0.2335 -0.0539 0.9625 -0.1267 Time: 5333347380631
Position: 51.41 176.47 -615.07 Orientation: 0.2335 -0.0539 0.9625 -0.1267 Time: 5333379351760
Position: 51.41 176.47 -615.05 Orientation: 0.233 -0.054 0.9626 -0.1267 Time: 5333410372766
Position: 51.41 176.47 -615.05 Orientation: 0.233 -0.054 0.9626 -0.1267 Time: 5333441345296
Position: 51.42 176.48 -615.04 Orientation: 0.2327 -0.0538 0.9627 -0.1267 Time: 5333472363451
Position: 51.41 176.48 -615.07 Orientation: 0.2337 -0.0538 0.9624 -0.1267 Time: 5333503371340
Position: 51.41 176.48 -615.07 Orientation: 0.2337 -0.0538 0.9624 -0.1267 Time: 5333535284868
Position: 51.41 176.48 -615.04 Orientation: 0.2324 -0.0539 0.9627 -0.1267 Time: 5333566317850
Position: 51.41 176.47 -615.08 Orientation: 0.2336 -0.0538 0.9625 -0.1267 Time: 5333597326880
Position: 51.41 176.47 -615.08 Orientation: 0.2336 -0.0538 0.9625 -0.1267 Time: 5333628351878
Position: 51.42 176.48 -615.07 Orientation: 0.233 -0.0539 0.9626 -0.1267 Time: 5333659347791
Position: 51.42 176.48 -615.07 Orientation: 0.233 -0.0539 0.9626 -0.1267 Time: 5333691356560
Position: 51.41 176.49 -615.06 Orientation: 0.2333 -0.0538 0.9625 -0.1267 Time: 5333722279474
Position: 51.41 176.48 -615.05 Orientation: 0.2334 -0.0537 0.9625 -0.1267 Time: 5333753317018
Position: 51.41 176.48 -615.05 Orientation: 0.2334 -0.0537 0.9625 -0.1267 Time: 5333784340876
Position: 51.42 176.48 -615.05 Orientation: 0.2332 -0.0539 0.9626 -0.1267 Time: 5333815318539
Position: 51.42 176.46 -615.03 Orientation: 0.2325 -0.0539 0.9627 -0.1266 Time: 5333847364377
Position: 51.42 176.46 -615.03 Orientation: 0.2325 -0.0539 0.9627 -0.1266 Time: 5333878334056
Position: 51.42 176.47 -615.05 Orientation: 0.2327 -0.054 0.9627 -0.1267 Time: 5333909309438
Position: 51.42 176.47 -615.05 Orientation: 0.2327 -0.054 0.9627 -0.1267 Time: 5333940328163
Position: 51.41 176.47 -615.06 Orientation: 0.2332 -0.0539 0.9626 -0.1267 Time: 5333971307537
Position: 51.41 176.48 -615.05 Orientation: 0.2331 -0.054 0.9626 -0.1268 Time: 5334003321438
Position: 51.41 176.48 -615.05 Orientation: 0.2331 -0.054 0.9626 -0.1268 Time: 5334034383506
Position: 51.42 176.49 -615.05 Orientation: 0.233 -0.0539 0.9626 -0.1268 Time: 5334065314974
Position: 51.41 176.47 -615.05 Orientation: 0.233 -0.0538 0.9626 -0.1267 Time: 5334096340543
Position: 51.41 176.47 -615.05 Orientation: 0.233 -0.0538 0.9626 -0.1267 Time: 5334127311362
Position: 51.42 176.48 -615.05 Orientation: 0.2328 -0.0539 0.9626 -0.1267 Time: 5334159355490
Position: 51.42 176.48 -615.05 Orientation: 0.2328 -0.0539 0.9626 -0.1267 Time: 5334190299505
Position: 51.42 176.47 -615.05 Orientation: 0.2331 -0.0538 0.9626 -0.1266 Time: 5334221342753
Position: 51.41 176.48 -615.06 Orientation: 0.2337 -0.0539 0.9624 -0.1267 Time: 5334252309010
Position: 51.41 176.48 -615.06 Orientation: 0.2337 -0.0539 0.9624 -0.1267 Time: 5334283295227
Position: 51.42 176.48 -615.05 Orientation: 0.2328 -0.0539 0.9627 -0.1267 Time: 5334315324527
Position: 51.41 176.47 -615.05 Orientation: 0.233 -0.0539 0.9626 -0.1267 Time: 5334346296487
Position: 51.41 176.47 -615.05 Orientation: 0.233 -0.0539 0.9626 -0.1267 Time: 5334377326047
Position: 51.41 176.48 -615.08 Orientation: 0.2334 -0.0537 0.9625 -0.1266 Time: 5334408334507
Position: 51.41 176.48 -615.08 Orientation: 0.2334 -0.0537 0.9625 -0.1266 Time: 5334439320154
Position: 51.41 176.48 -615.03 Orientation: 0.2329 -0.0539 0.9626 -0.1267 Time: 5334471263908
Position: 51.41 176.47 -615.07 Orientation: 0.2338 -0.0541 0.9624 -0.1267 Time: 5334502328257
Position: 51.41 176.47 -615.07 Orientation: 0.2338 -0.0541 0.9624 -0.1267 Time: 5334533314475
Position: 51.41 176.47 -615.05 Orientation: 0.2334 -0.0539 0.9625 -0.1267 Time: 5334564321223
Position: 51.42 176.49 -615.06 Orientation: 0.2331 -0.054 0.9626 -0.1267 Time: 5334595331964
Position: 51.42 176.49 -615.06 Orientation: 0.2331 -0.054 0.9626 -0.1267 Time: 5334627314499
Position: 51.41 176.46 -615.06 Orientation: 0.2335 -0.0539 0.9625 -0.1267 Time: 5334658291591
Position: 51.41 176.46 -615.06 Orientation: 0.2335 -0.0539 0.9625 -0.1267 Time: 5334689314879
Position: 51.42 176.49 -615.08 Orientation: 0.2336 -0.0537 0.9625 -0.1266 Time: 5334720310791
Position: 51.41 176.48 -615.02 Orientation: 0.2331 -0.0539 0.9626 -0.1267 Time: 5334751331797
Position: 51.41 176.48 -615.02 Orientation: 0.2331 -0.0539 0.9626 -0.1267 Time: 5334783301215
Position: 51.42 176.46 -615.08 Orientation: 0.2334 -0.0539 0.9625 -0.1267 Time: 5334814313096
Position: 51.41 176.5 -615.05 Orientation: 0.2331 -0.0539 0.9626 -0.1267 Time: 5334845841671
Position: 51.41 176.5 -615.05 Orientation: 0.2331 -0.0539 0.9626 -0.1267 Time: 5334876316898
Position: 51.41 176.48 -615.05 Orientation: 0.2332 -0.0541 0.9625 -0.1267 Time: 5334907340185
Position: 51.41 176.48 -615.05 Orientation: 0.2332 -0.0541 0.9625 -0.1267 Time: 5334939327283
Position: 51.41 176.47 -615.08 Orientation: 0.2336 -0.0539 0.9625 -0.1266 Time: 5334970328328
Position: 51.41 176.49 -615.03 Orientation: 0.2334 -0.0539 0.9625 -0.1268 Time: 5335001309413
Position: 51.41 176.49 -615.03 Orientation: 0.2334 -0.0539 0.9625 -0.1268 Time: 5335032353231
Position: 51.42 176.46 -615.04 Orientation: 0.2327 -0.0539 0.9627 -0.1267 Time: 5335063331464
Position: 51.41 176.47 -615.06 Orientation: 0.2334 -0.0539 0.9625 -0.1267 Time: 5335095490793
Position: 51.41 176.47 -615.06 Orientation: 0.2334 -0.0539 0.9625 -0.1267 Time: 5335126292803
Position: 51.41 176.48 -615.05 Orientation: 0.2333 -0.0541 0.9625 -0.1267 Time: 5335157338332
Position: 51.41 176.48 -615.05 Orientation: 0.2333 -0.0541 0.9625 -0.1267 Time: 5335188297745
Position: 51.41 176.47 -615.09 Orientation: 0.2338 -0.054 0.9624 -0.1267 Time: 5335219254877
Position: 51.41 176.49 -615.04 Orientation: 0.2329 -0.0539 0.9626 -0.1267 Time: 5335251292161
Position: 51.41 176.49 -615.04 Orientation: 0.2329 -0.0539 0.9626 -0.1267 Time: 5335282353659
Position: 51.41 176.48 -615.06 Orientation: 0.2334 -0.0539 0.9625 -0.1267 Time: 5335313314213
Position: 51.42 176.46 -615.06 Orientation: 0.2331 -0.0539 0.9626 -0.1267 Time: 5335344278188
Position: 51.42 176.46 -615.06 Orientation: 0.2331 -0.0539 0.9626 -0.1267 Time: 5335375282655
Position: 51.41 176.47 -615.02 Orientation: 0.2325 -0.0539 0.9627 -0.1266 Time: 5335407331346
Position: 51.41 176.47 -615.02 Orientation: 0.2325 -0.0539 0.9627 -0.1266 Time: 5335438298173
Position: 51.42 176.48 -615.07 Orientation: 0.2331 -0.0539 0.9626 -0.1268 Time: 5335469342561
Position: 51.41 176.46 -615.08 Orientation: 0.2336 -0.054 0.9625 -0.1267 Time: 5335500279162
Position: 51.41 176.46 -615.08 Orientation: 0.2336 -0.054 0.9625 -0.1267 Time: 5335531267091
Position: 51.41 176.47 -615.06 Orientation: 0.2332 -0.0538 0.9626 -0.1266 Time: 5335563294109
Position: 51.42 176.48 -615.06 Orientation: 0.2332 -0.054 0.9626 -0.1267 Time: 5335594247249
Position: 51.42 176.48 -615.06 Orientation: 0.2332 -0.054 0.9626 -0.1267 Time: 5335625282513
Position: 51.41 176.46 -615.04 Orientation: 0.2332 -0.0538 0.9626 -0.1266 Time: 5335656348573
Position: 51.41 176.46 -615.04 Orientation: 0.2332 -0.0538 0.9626 -0.1266 Time: 5335687305134
Position: 51.42 176.48 -615.07 Orientation: 0.2333 -0.0539 0.9625 -0.1267 Time: 5335719258584
Position: 51.41 176.48 -615.02 Orientation: 0.2326 -0.0538 0.9627 -0.1267 Time: 5335750312097
Position: 51.41 176.48 -615.02 Orientation: 0.2326 -0.0538 0.9627 -0.1267 Time: 5335781309151
Position: 51.42 176.47 -615.05 Orientation: 0.233 -0.0538 0.9626 -0.1267 Time: 5335812331297
Position: 51.41 176.47 -615.06 Orientation: 0.2332 -0.054 0.9626 -0.1267 Time: 5335843293562
Position: 51.41 176.47 -615.06 Orientation: 0.2332 -0.054 0.9626 -0.1267 Time: 5335875294917
Position: 51.41 176.48 -615.04 Orientation: 0.233 -0.054 0.9626 -0.1267 Time: 5335906275431
Position: 51.41 176.48 -615.04 Orientation: 0.233 -0.054 0.9626 -0.1267 Time: 5335937301000
Position: 51.41 176.47 -615.04 Orientation: 0.2332 -0.0538 0.9626 -0.1266 Time: 5335968261554
Position: 51.42 176.46 -615.06 Orientation: 0.2332 -0.054 0.9626 -0.1267 Time: 5335999306512
Position: 51.42 176.46 -615.06 Orientation: 0.2332 -0.054 0.9626 -0.1267 Time: 5336031262813
Position: 51.4 176.47 -615.04 Orientation: 0.2332 -0.054 0.9625 -0.1267 Time: 5336062349974
Position: 51.42 176.47 -615.03 Orientation: 0.2324 -0.0538 0.9628 -0.1267 Time: 5336093282013
Position: 51.42 176.47 -615.03 Orientation: 0.2324 -0.0538 0.9628 -0.1267 Time: 5336124268801
Position: 51.42 176.47 -615.05 Orientation: 0.2329 -0.0539 0.9626 -0.1267 Time: 5336155324595
Position: 51.42 176.47 -615.05 Orientation: 0.2329 -0.0539 0.9626 -0.1267 Time: 5336187276904
Position: 51.41 176.48 -615.05 Orientation: 0.2328 -0.054 0.9626 -0.1267 Time: 5336218283083
Position: 51.42 176.47 -615.04 Orientation: 0.2322 -0.0538 0.9628 -0.1267 Time: 5336249264167
Position: 51.42 176.47 -615.04 Orientation: 0.2322 -0.0538 0.9628 -0.1267 Time: 5336280228713
Position: 51.41 176.47 -615.06 Orientation: 0.2335 -0.0537 0.9625 -0.1266 Time: 5336311305609
Position: 51.42 176.48 -615.05 Orientation: 0.233 -0.054 0.9626 -0.1267 Time: 5336343240239
Position: 51.42 176.48 -615.05 Orientation: 0.233 -0.054 0.9626 -0.1267 Time: 5336374269799
Position: 51.41 176.48 -615.06 Orientation: 0.2335 -0.0539 0.9625 -0.1267 Time: 5336405297078
Position: 51.41 176.48 -615.06 Orientation: 0.2335 -0.0539 0.9625 -0.1267 Time: 5336436318655
Position: 51.41 176.47 -615.07 Orientation: 0.2338 -0.054 0.9624 -0.1268 Time: 5336468306893
Position: 51.42 176.48 -615.06 Orientation: 0.2327 -0.0539 0.9627 -0.1267 Time: 5336499278853
Position: 51.42 176.48 -615.06 Orientation: 0.2327 -0.0539 0.9627 -0.1267 Time: 5336530245110
Position: 51.4 176.48 -615.04 Orientation: 0.2333 -0.054 0.9625 -0.1267 Time: 5336561302045
Position: 51.42 176.46 -615.06 Orientation: 0.2328 -0.0538 0.9627 -0.1266 Time: 5336592264309
Position: 51.42 176.46 -615.06 Orientation: 0.2328 -0.0538 0.9627 -0.1266 Time: 5336623253949
Position: 51.42 176.47 -615.03 Orientation: 0.2327 -0.0538 0.9627 -0.1266 Time: 5336655250741
Position: 51.42 176.47 -615.03 Orientation: 0.2327 -0.0538 0.9627 -0.1266 Time: 5336686259771
Position: 51.41 176.47 -615.03 Orientation: 0.233 -0.0539 0.9626 -0.1267 Time: 5336717300167
Position: 51.42 176.45 -615.05 Orientation: 0.233 -0.054 0.9626 -0.1267 Time: 5336748298361
Position: 51.42 176.45 -615.05 Orientation: 0.233 -0.054 0.9626 -0.1267 Time: 5336779286289
Position: 51.41 176.48 -615.05 Orientation: 0.2334 -0.054 0.9625 -0.1267 Time: 5336811273957
Position: 51.42 176.46 -615.04 Orientation: 0.2328 -0.0539 0.9627 -0.1267 Time: 5336842241925
Position: 51.42 176.46 -615.04 Orientation: 0.2328 -0.0539 0.9627 -0.1267 Time: 5336873298290
Position: 51.42 176.44 -615.06 Orientation: 0.2335 -0.054 0.9625 -0.1266 Time: 5336904224055
Position: 51.42 176.44 -615.06 Orientation: 0.2335 -0.054 0.9625 -0.1266 Time: 5336935277568
Position: 51.42 176.47 -615.03 Orientation: 0.2332 -0.0538 0.9626 -0.1267 Time: 5336967261814
Position: 51.42 176.45 -615.06 Orientation: 0.2336 -0.054 0.9624 -0.1267 Time: 5336998241188
Position: 51.42 176.45 -615.06 Orientation: 0.2336 -0.054 0.9624 -0.1267 Time: 5337029295272
Position: 51.42 176.46 -615.05 Orientation: 0.233 -0.0539 0.9626 -0.1267 Time: 5337060241568
Position: 51.42 176.47 -615.04 Orientation: 0.2331 -0.0537 0.9626 -0.1266 Time: 5337092265165
Position: 51.42 176.47 -615.04 Orientation: 0.2331 -0.0537 0.9626 -0.1266 Time: 5337123246250
Position: 51.42 176.46 -615.05 Orientation: 0.2334 -0.0541 0.9625 -0.1267 Time: 5337154269537
Position: 51.42 176.46 -615.05 Orientation: 0.2334 -0.0541 0.9625 -0.1267 Time: 5337185278566
Position: 51.42 176.48 -615.05 Orientation: 0.2332 -0.054 0.9625 -0.1268 Time: 5337216268776
Position: 51.42 176.47 -615.04 Orientation: 0.2331 -0.0538 0.9626 -0.1267 Time: 5337247286360
Position: 51.42 176.47 -615.04 Orientation: 0.2331 -0.0538 0.9626 -0.1267 Time: 5337279292278
Position: 51.42 176.47 -615.04 Orientation: 0.2325 -0.054 0.9627 -0.1267 Time: 5337310248839
Position: 51.41 176.48 -615.07 Orientation: 0.2338 -0.0539 0.9624 -0.1267 Time: 5337341294368
Position: 51.41 176.48 -615.07 Orientation: 0.2338 -0.0539 0.9624 -0.1267 Time: 5337372279445
Position: 51.41 176.47 -615.04 Orientation: 0.233 -0.0541 0.9626 -0.1268 Time: 5337403262811
Position: 51.41 176.47 -615.04 Orientation: 0.233 -0.0541 0.9626 -0.1268 Time: 5337435275002
Position: 51.41 176.47 -615.04 Orientation: 0.2334 -0.0538 0.9625 -0.1267 Time: 5337466215595
Position: 51.42 176.48 -615.03 Orientation: 0.233 -0.0538 0.9626 -0.1268 Time: 5337497295342
Position: 51.42 176.48 -615.03 Orientation: 0.233 -0.0538 0.9626 -0.1268 Time: 5337528240498
Position: 51.42 176.46 -615.04 Orientation: 0.2327 -0.0539 0.9627 -0.1266 Time: 5337559248957
Position: 51.41 176.46 -615.04 Orientation: 0.233 -0.054 0.9626 -0.1267 Time: 5337591256015
Position: 51.41 176.46 -615.04 Orientation: 0.233 -0.054 0.9626 -0.1267 Time: 5337622221702
Position: 51.42 176.48 -615.05 Orientation: 0.233 -0.054 0.9626 -0.1268 Time: 5337654223057
Position: 51.42 176.48 -615.05 Orientation: 0.233 -0.054 0.9626 -0.1268 Time: 5337684269417
Position: 51.41 176.46 -615.05 Orientation: 0.2331 -0.0538 0.9626 -0.1266 Time: 5337716298147
Position: 51.42 176.47 -615.05 Orientation: 0.2327 -0.054 0.9627 -0.1268 Time: 5337747271817
Position: 51.42 176.47 -615.05 Orientation: 0.2327 -0.054 0.9627 -0.1268 Time: 5337778266589
Position: 51.42 176.48 -615.03 Orientation: 0.2328 -0.0539 0.9627 -0.1267 Time: 5337809241971
Position: 51.41 176.47 -615.05 Orientation: 0.2332 -0.0538 0.9626 -0.1266 Time: 5337841276974
Position: 51.41 176.47 -615.05 Orientation: 0.2332 -0.0538 0.9626 -0.1266 Time: 5337871246343
Position: 51.42 176.47 -615.08 Orientation: 0.2332 -0.054 0.9626 -0.1267 Time: 5337903280776
Position: 51.42 176.47 -615.08 Orientation: 0.2332 -0.054 0.9626 -0.1267 Time: 5337934274407
Position: 51.41 176.49 -615.06 Orientation: 0.2334 -0.054 0.9625 -0.1267 Time: 5337965272601
Position: 51.42 176.48 -615.06 Orientation: 0.2329 -0.0539 0.9626 -0.1267 Time: 5337996271935
Position: 51.42 176.48 -615.06 Orientation: 0.2329 -0.0539 0.9626 -0.1267 Time: 5338027258153
Position: 51.41 176.47 -615.07 Orientation: 0.2334 -0.0538 0.9625 -0.1267 Time: 5338059215595
Position: 51.42 176.48 -615.04 Orientation: 0.2325 -0.0539 0.9627 -0.1267 Time: 5338090198961
Position: 51.42 176.48 -615.04 Orientation: 0.2325 -0.0539 0.9627 -0.1267 Time: 5338121267872
Position: 51.41 176.47 -615.06 Orientation: 0.2334 -0.0538 0.9625 -0.1267 Time: 5338152239832
Position: 51.41 176.47 -615.06 Orientation: 0.2334 -0.0538 0.9625 -0.1267 Time: 5338183230612
Position: 51.41 176.46 -615.05 Orientation: 0.2336 -0.0539 0.9625 -0.1267 Time: 5338215203452
Position: 51.41 176.48 -615.05 Orientation: 0.2337 -0.0539 0.9624 -0.1267 Time: 5338246259246
Position: 51.41 176.48 -615.05 Orientation: 0.2337 -0.0539 0.9624 -0.1267 Time: 5338277237480
Position: 51.42 176.47 -615.06 Orientation: 0.2328 -0.054 0.9627 -0.1267 Time: 5338308230541
Position: 51.41 176.46 -615.05 Orientation: 0.233 -0.0538 0.9626 -0.1267 Time: 5338339235578
Position: 51.41 176.46 -615.05 Orientation: 0.233 -0.0538 0.9626 -0.1267 Time: 5338371251761
Position: 51.42 176.48 -615.03 Orientation: 0.2325 -0.0538 0.9627 -0.1267 Time: 5338402229994
Position: 51.42 176.48 -615.03 Orientation: 0.2325 -0.0538 0.9627 -0.1267 Time: 5338433229329
Position: 51.4 176.47 -615.07 Orientation: 0.234 -0.054 0.9624 -0.1267 Time: 5338464300521
Position: 51.42 176.46 -615.06 Orientation: 0.233 -0.054 0.9626 -0.1267 Time: 5338495284458
Position: 51.42 176.46 -615.06 Orientation: 0.233 -0.054 0.9626 -0.1267 Time: 5338527281250
Position: 51.42 176.48 -615.05 Orientation: 0.2334 -0.0538 0.9625 -0.1267 Time: 5338558232679
Position: 51.41 176.46 -615.06 Orientation: 0.2335 -0.054 0.9625 -0.1267 Time: 5338589261669
Position: 51.41 176.46 -615.06 Orientation: 0.2335 -0.054 0.9625 -0.1267 Time: 5338620245606
Position: 51.42 176.45 -615.06 Orientation: 0.2334 -0.054 0.9625 -0.1267 Time: 5338651238667
Position: 51.42 176.45 -615.06 Orientation: 0.2334 -0.054 0.9625 -0.1267 Time: 5338683250287
Position: 51.42 176.47 -615.06 Orientation: 0.2336 -0.054 0.9624 -0.1268 Time: 5338714247341
Position: 51.42 176.45 -615.03 Orientation: 0.2325 -0.0537 0.9627 -0.1266 Time: 5338745282604
Position: 51.42 176.45 -615.03 Orientation: 0.2325 -0.0537 0.9627 -0.1266 Time: 5338776278517
Position: 51.43 176.46 -615.05 Orientation: 0.2327 -0.054 0.9627 -0.1267 Time: 5338807218540
Position: 51.41 176.48 -615.05 Orientation: 0.2332 -0.054 0.9626 -0.1267 Time: 5338839180544
Position: 51.41 176.48 -615.05 Orientation: 0.2332 -0.054 0.9626 -0.1267 Time: 5338870242612
Position: 51.42 176.47 -615.03 Orientation: 0.2325 -0.0539 0.9627 -0.1268 Time: 5338901182635
Position: 51.42 176.47 -615.03 Orientation: 0.2325 -0.0539 0.9627 -0.1268 Time: 5338932236718
Position: 51.43 176.45 -615.06 Orientation: 0.2331 -0.0538 0.9626 -0.1266 Time: 5338963374636
Position: 51.42 176.46 -615.04 Orientation: 0.2331 -0.054 0.9626 -0.1267 Time: 5338995259079
Position: 51.42 176.46 -615.04 Orientation: 0.2331 -0.054 0.9626 -0.1267 Time: 5339026240734
Position: 51.43 176.48 -615.06 Orientation: 0.2329 -0.0539 0.9626 -0.1267 Time: 5339057221249
Position: 51.41 176.44 -615.08 Orientation: 0.2335 -0.0539 0.9625 -0.1265 Time: 5339088285027
Position: 51.41 176.44 -615.08 Orientation: 0.2335 -0.0539 0.9625 -0.1265 Time: 5339119198246
Position: 51.42 176.48 -615.08 Orientation: 0.2335 -0.054 0.9625 -0.1268 Time: 5339151277162
Position: 51.42 176.48 -615.08 Orientation: 0.2335 -0.054 0.9625 -0.1268 Time: 5339182209201
Position: 51.41 176.48 -615.04 Orientation: 0.2333 -0.0537 0.9625 -0.1267 Time: 5339213241043
Position: 51.41 176.46 -615.05 Orientation: 0.2331 -0.0538 0.9626 -0.1267 Time: 5339244216425
Position: 51.41 176.46 -615.05 Orientation: 0.2331 -0.0538 0.9626 -0.1267 Time: 5339275251118
Position: 51.41 176.48 -615.05 Orientation: 0.2333 -0.0538 0.9625 -0.1267 Time: 5339307191450
Position: 51.41 176.47 -615.04 Orientation: 0.2332 -0.0538 0.9626 -0.1267 Time: 5339338230706
Position: 51.41 176.47 -615.04 Orientation: 0.2332 -0.0538 0.9626 -0.1267 Time: 5339369258556
Position: 51.41 176.46 -615.04 Orientation: 0.2331 -0.0539 0.9626 -0.1267 Time: 5339400209985
Position: 51.41 176.46 -615.04 Orientation: 0.2331 -0.0539 0.9626 -0.1267 Time: 5339431200765
Position: 51.41 176.48 -615.07 Orientation: 0.2335 -0.0539 0.9625 -0.1267 Time: 5339463261431
Position: 51.41 176.47 -615.07 Orientation: 0.2336 -0.054 0.9625 -0.1267 Time: 5339494223696
Position: 51.41 176.47 -615.07 Orientation: 0.2336 -0.054 0.9625 -0.1267 Time: 5339525258959
Position: 51.42 176.47 -615.04 Orientation: 0.2332 -0.0539 0.9626 -0.1267 Time: 5339556216662
Position: 51.41 176.48 -615.07 Orientation: 0.2337 -0.0539 0.9624 -0.1267 Time: 5339587221129
Position: 51.41 176.48 -615.07 Orientation: 0.2337 -0.0539 0.9624 -0.1267 Time: 5339619212789
Position: 51.41 176.46 -615.06 Orientation: 0.2337 -0.054 0.9624 -0.1267 Time: 5339650211553
Position: 51.41 176.46 -615.06 Orientation: 0.2337 -0.054 0.9624 -0.1267 Time: 5339681218872
Position: 51.41 176.48 -615.05 Orientation: 0.2336 -0.0539 0.9625 -0.1267 Time: 5339712274096
Position: 51.41 176.47 -615.08 Orientation: 0.2337 -0.054 0.9624 -0.1267 Time: 5339743221533
Position: 51.41 176.47 -615.08 Orientation: 0.2337 -0.054 0.9624 -0.1267 Time: 5339775207490
Position: 51.41 176.47 -615.06 Orientation: 0.2335 -0.054 0.9625 -0.1267 Time: 5339806324306
Position: 51.4 176.48 -615.08 Orientation: 0.2341 -0.054 0.9623 -0.1268 Time: 5339837341890
Position: 51.4 176.48 -615.08 Orientation: 0.2341 -0.054 0.9623 -0.1268 Time: 5339868297312
Position: 51.41 176.46 -615.06 Orientation: 0.2335 -0.054 0.9625 -0.1267 Time: 5339900365392
Position: 51.41 176.46 -615.06 Orientation: 0.2335 -0.054 0.9625 -0.1267 Time: 5339931316251
Position: 51.42 176.47 -615.06 Orientation: 0.2332 -0.0539 0.9626 -0.1267 Time: 5339962366912
Position: 51.41 176.49 -615.07 Orientation: 0.2335 -0.054 0.9625 -0.1267 Time: 5339993347997
Position: 51.41 176.49 -615.07 Orientation: 0.2335 -0.054 0.9625 -0.1267 Time: 5340024336496
Position: 51.41 176.46 -615.05 Orientation: 0.2329 -0.0541 0.9626 -0.1267 Time: 5340055368338
Position: 51.41 176.48 -615.09 Orientation: 0.2339 -0.054 0.9624 -0.1268 Time: 5340087334334
Position: 51.41 176.48 -615.09 Orientation: 0.2339 -0.054 0.9624 -0.1268 Time: 5340118347356
Position: 51.41 176.47 -615.08 Orientation: 0.2339 -0.054 0.9624 -0.1267 Time: 5340149300496
Position: 51.41 176.47 -615.08 Orientation: 0.2339 -0.054 0.9624 -0.1267 Time: 5340180332337
Position: 51.41 176.47 -615.06 Orientation: 0.2334 -0.054 0.9625 -0.1267 Time: 5340211329961
Position: 51.41 176.48 -615.06 Orientation: 0.2333 -0.054 0.9625 -0.1267 Time: 5340243335878
Position: 51.41 176.48 -615.06 Orientation: 0.2333 -0.054 0.9625 -0.1267 Time: 5340274308979
Position: 51.42 176.46 -615.05 Orientation: 0.233 -0.0539 0.9626 -0.1267 Time: 5340305318579
Position: 51.42 176.48 -615.05 Orientation: 0.233 -0.0539 0.9626 -0.1267 Time: 5340336314491
Position: 51.42 176.48 -615.05 Orientation: 0.233 -0.0539 0.9626 -0.1267 Time: 5340367285311
Position: 51.41 176.48 -615.06 Orientation: 0.2336 -0.0539 0.9625 -0.1267 Time: 5340399316892
Position: 51.41 176.48 -615.06 Orientation: 0.2336 -0.0539 0.9625 -0.1267 Time: 5340430336757
Position: 51.41 176.46 -615.06 Orientation: 0.2336 -0.0537 0.9625 -0.1266 Time: 5340461283624
Position: 51.41 176.48 -615.05 Orientation: 0.2336 -0.0538 0.9625 -0.1267 Time: 5340492323450
Position: 51.41 176.48 -615.05 Orientation: 0.2336 -0.0538 0.9625 -0.1267 Time: 5340524286024
Position: 51.41 176.46 -615.06 Orientation: 0.2333 -0.0539 0.9625 -0.1267 Time: 5340555295624
