Position: 49.2367 48.1633 -1155.18 Orientation: 0.0188672 0.0665687 0.0409346 0.996763 Time: 1032700167658
Position: 49.2267 48.1633 -1155.16 Orientation: 0.0186341 0.0673362 0.0411018 0.996709 Time: 1032795960273
Position: 49.2533 48.1533 -1155.13 Orientation: 0.0192683 0.0644054 0.0404701 0.996917 Time: 1032920998384
Position: 49.2567 48.1533 -1155.13 Orientation: 0.018801 0.0645033 0.0405021 0.996918 Time: 1033016522380
Position: 49.24 48.1633 -1155.13 Orientation: 0.0190342 0.0663362 0.0409018 0.996777 Time: 1033139083249
Position: 49.24 48.1567 -1155.17 Orientation: 0.0191338 0.0652681 0.0406676 0.996855 Time: 1033236033681
Position: 49.2233 48.17 -1155.2 Orientation: 0.0191679 0.0673044 0.0411694 0.996698 Time: 1033355685436
Position: 49.25 48.15 -1155.14 Orientation: 0.0187002 0.0660006 0.0408004 0.99681 Time: 1033449600723
Position: 49.25 48.1433 -1155.1 Orientation: 0.0185681 0.0651051 0.0406365 0.996878 Time: 1033571103122
Position: 49.26 48.1433 -1155.1 Orientation: 0.0187675 0.0646694 0.0404684 0.996909 Time: 1033667276842
Position: 49.25 48.14 -1155.09 Orientation: 0.0187017 0.064906 0.0405371 0.996892 Time: 1033804613310
Position: 49.2267 48.16 -1155.18 Orientation: 0.0188683 0.067139 0.0411035 0.996718 Time: 1033901555531
Position: 49.24 48.1567 -1155.11 Orientation: 0.0188347 0.0659716 0.0408364 0.996808 Time: 1034026276717
Position: 49.24 48.1567 -1155.13 Orientation: 0.0188352 0.0661065 0.0408374 0.996799 Time: 1034126524892
Position: 49.2267 48.1567 -1155.1 Orientation: 0.0186679 0.0674378 0.0411694 0.996699 Time: 1034235246568
Position: 49.2333 48.1567 -1155.15 Orientation: 0.0190679 0.066071 0.0408026 0.996798 Time: 1034359615798
Position: 49.24 48.16 -1155.14 Orientation: 0.0187014 0.0664382 0.0409697 0.996774 Time: 1034454864195
Position: 49.2333 48.16 -1155.15 Orientation: 0.0191016 0.0666723 0.0409701 0.99675 Time: 1034577547400
Position: 49.2267 48.1633 -1155.19 Orientation: 0.0188342 0.0672697 0.0410685 0.996711 Time: 1034676717127
Position: 49.23 48.1867 -1155.12 Orientation: 0.0190343 0.0662367 0.0409021 0.996784 Time: 1034772402186
Position: 49.2533 48.23 -1155.29 Orientation: 0.0190681 0.0676716 0.0412363 0.996673 Time: 1034893897059
Position: 49.28 48.15 -1155.33 Orientation: 0.0189684 0.07214 0.0421039 0.996325 Time: 1034993338691
Position: 49.21 48.08 -1155.3 Orientation: 0.0186005 0.0729355 0.0423679 0.996263 Time: 1035110122658
Position: 49.17 48.0367 -1155.17 Orientation: 0.0191677 0.0700372 0.0417023 0.996488 Time: 1035230713557
Position: 49.1067 48.1767 -1155.19 Orientation: 0.0187016 0.0731062 0.0423036 0.996251 Time: 1035326987170
Position: 49.0067 48.24 -1155 Orientation: 0.0181005 0.071402 0.0421012 0.996394 Time: 1035424343338
Position: 49.0033 48.1867 -1154.99 Orientation: 0.0186345 0.0708711 0.041936 0.996429 Time: 1035549505563
Position: 49.04 48.06 -1154.9 Orientation: 0.018902 0.0673072 0.0411044 0.996706 Time: 1035649218278
Position: 48.9133 48.18 -1154.76 Orientation: 0.018434 0.068669 0.0416014 0.996601 Time: 1035744639233
Position: 49.5267 48.0733 -1155.5 Orientation: 0.0182682 0.0713726 0.0407367 0.99645 Time: 1035866109611
Position: 49.0467 48.49 -1154.54 Orientation: 0.0136675 0.0696378 0.0386358 0.99673 Time: 1035962275121
Position: 49.4633 49.9367 -1154.73 Orientation: 0.0096341 0.0670386 0.0362362 0.997046 Time: 1036082762840
Position: 52.0833 51.5667 -1156.2 Orientation: 0.00583363 0.0635699 0.0348684 0.997351 Time: 1036205392540
Position: 56.6733 51.73 -1155.17 Orientation: 0.00346695 0.0646719 0.0332027 0.997348 Time: 1036299203417
Position: 63.9133 52.3467 -1151.25 Orientation: 0.00373364 0.0692724 0.0308025 0.997115 Time: 1036422463135
Position: 70.5767 53.0833 -1148.07 Orientation: 0.00243343 0.0741362 0.0296012 0.996806 Time: 1036517450850
Position: 81.4133 53.7833 -1143.42 Orientation: 0.000900021 0.072635 0.0245339 0.997056 Time: 1036634646436
Position: 90.9767 54.5367 -1139.9 Orientation: -0.00130006 0.074337 0.0223344 0.996982 Time: 1036728334293
Position: 102.37 54.6 -1135.64 Orientation: -0.00200009 0.0751033 0.0161007 0.997044 Time: 1036846003898
Position: 111.293 54.4 -1132.27 Orientation: -0.00133342 0.0783052 0.0112007 0.996866 Time: 1036940924697
Position: 125.833 54.8333 -1126.59 Orientation: -0.00533345 0.0812684 0.00680015 0.996655 Time: 1037057649549
Position: 136.877 52.9 -1121.02 Orientation: -0.00430031 0.0817726 0.00250018 0.996639 Time: 1037178838034
Position: 146.173 51.04 -1115.94 Orientation: -0.00396685 0.0845372 0.000266679 0.996412 Time: 1037274283757
Position: 157.54 49.19 -1109.48 Orientation: -0.00350037 0.0903096 -0.00210022 0.995905 Time: 1037395237969
Position: 162.667 46.5467 -1105.29 Orientation: 0.00163346 0.0929404 -0.00746723 0.995642 Time: 1037488018430
Position: 167.383 41.3867 -1099.63 Orientation: 0.00890029 0.0937031 -0.0110337 0.995499 Time: 1037613221024
Position: 167.397 36.8467 -1096.35 Orientation: 0.0126669 0.093468 -0.0109668 0.995481 Time: 1037708166865
Position: 162.587 30.71 -1093.17 Orientation: 0.0184672 0.090736 -0.00900027 0.995663 Time: 1037825698534
Position: 156.83 27.0167 -1092.15 Orientation: 0.0195346 0.0921725 -0.00653375 0.99553 Time: 1037921166973
Position: 149.603 23.9533 -1091.95 Orientation: 0.0193349 0.093641 -0.00266688 0.995415 Time: 1038043018181
Position: 141.863 20.5933 -1092.16 Orientation: 0.0192012 0.0917392 0.0010334 0.995597 Time: 1038138855408
Position: 132.2 16.71 -1093.12 Orientation: 0.0190676 0.0870043 0.00433355 0.996016 Time: 1038261614012
Position: 124.993 13.5933 -1094.35 Orientation: 0.0182011 0.0841719 0.00676709 0.996262 Time: 1038357800869
Position: 116.327 9.84333 -1096.22 Orientation: 0.0163673 0.0809365 0.00960037 0.996539 Time: 1038479680677
Position: 108.857 6.68667 -1098.52 Orientation: 0.0132014 0.0801417 0.0135347 0.996604 Time: 1038575135568
Position: 97.6933 0.96 -1103 Orientation: 0.0120336 0.0732017 0.0156004 0.997123 Time: 1038697807415
Position: 92.9933 -1.81333 -1105.71 Orientation: 0.0111671 0.0719364 0.0166007 0.997209 Time: 1038791949312
Position: 86.12 -6.96667 -1110.69 Orientation: 0.0121671 0.0640022 0.0147005 0.997767 Time: 1038911701919
Position: 80.7933 -10.9667 -1113.77 Orientation: 0.0148679 0.0574049 0.0104676 0.998185 Time: 1039008222532
Position: 74.4467 -15.7933 -1116.24 Orientation: 0.0175006 0.0542351 0.00923363 0.998332 Time: 1039129219439
Position: 68.46 -20.1167 -1117.88 Orientation: 0.0175675 0.0504359 0.0106005 0.998517 Time: 1039224152417
Position: 61.98 -25.26 -1118.87 Orientation: 0.0175012 0.0506036 0.013801 0.99847 Time: 1039343598772
Position: 58.8767 -29.6867 -1118.23 Orientation: 0.0168343 0.0545364 0.0171343 0.998223 Time: 1039469165912
Position: 57.5433 -33.14 -1116.35 Orientation: 0.0204004 0.0559678 0.0165337 0.998087 Time: 1039566212407
Position: 57.02 -37.1267 -1111.97 Orientation: 0.0237682 0.0593038 0.0178678 0.997797 Time: 1039684605904
Position: 59.8967 -38.34 -1106.55 Orientation: 0.0228355 0.0669063 0.0202019 0.997293 Time: 1039783238939
Position: 64.17 -39.0167 -1097.5 Orientation: 0.0246012 0.0694702 0.0180676 0.997117 Time: 1039904317951
Position: 68.5033 -39.16 -1090.35 Orientation: 0.0261674 0.0717353 0.0154671 0.99696 Time: 1039998862436
Position: 76.52 -39.07 -1080.59 Orientation: 0.0317683 0.0709703 0.0104339 0.996918 Time: 1040120925338
Position: 85.7933 -38.3467 -1070.79 Orientation: 0.0378016 0.0720697 0.0039335 0.996675 Time: 1040218357452
Position: 96.1133 -37.0067 -1060.69 Orientation: 0.0435352 0.0757033 -0.00246677 0.996176 Time: 1040334891684
Position: 108.173 -36.52 -1047.62 Orientation: 0.051903 0.0816714 -0.00986724 0.995258 Time: 1040457303806
Position: 114.083 -36.9067 -1038.2 Orientation: 0.0575379 0.0831399 -0.0112676 0.994812 Time: 1040555601306
Position: 119.4 -38.0333 -1027.47 Orientation: 0.063905 0.0883069 -0.00773394 0.994011 Time: 1040680459743
Position: 121.997 -41.1367 -1018.68 Orientation: 0.0714029 0.0877035 -0.00463352 0.993573 Time: 1040775663530
Position: 121.7 -46.5733 -1007.6 Orientation: 0.0858725 0.083039 -0.00316688 0.992835 Time: 1040895462663
Position: 119.427 -48.6067 -1003.03 Orientation: 0.0920742 0.0834402 -0.00210017 0.992248 Time: 1040988918573
Position: 110.743 -52.3467 -997.703 Orientation: 0.102406 0.0832378 -0.00100005 0.991254 Time: 1041112469080
Position: 100.2 -55.7033 -996.827 Orientation: 0.109008 0.0821725 0.00190013 0.990637 Time: 1041210766443
Position: 86.8667 -58.6 -997.16 Orientation: 0.111504 0.0805696 0.0105337 0.990436 Time: 1041333121091
Position: 72.5833 -59.8833 -999.257 Orientation: 0.107606 0.0769713 0.022268 0.990959 Time: 1041449881248
Position: 62.89 -60.2833 -1001.86 Orientation: 0.105973 0.0737046 0.027135 0.991262 Time: 1041543198128
Position: 54.2633 -60.1233 -1004.61 Orientation: 0.105706 0.0724038 0.0306016 0.991286 Time: 1041665811270
Position: 42.7167 -59.6467 -1007.82 Orientation: 0.102407 0.0672043 0.0346689 0.991864 Time: 1041782839362
Position: 31.8033 -59.5667 -1011.41 Orientation: 0.0999073 0.0652714 0.0385361 0.992105 Time: 1041879295659
Position: 16.68 -60.35 -1016.77 Orientation: 0.101073 0.0574035 0.0413359 0.992361 Time: 1041998714373
Position: 5.82333 -61.1667 -1020.56 Orientation: 0.100004 0.0541689 0.048202 0.992341 Time: 1042094214559
Position: -4.04667 -63.0633 -1024.29 Orientation: 0.101237 0.0538688 0.0545022 0.991907 Time: 1042215306434
Position: -13.3133 -64.0367 -1028.08 Orientation: 0.100407 0.0483366 0.0576039 0.992101 Time: 1042310076707
Position: -20.2133 -65.7233 -1030.89 Orientation: 0.0995409 0.0472369 0.0630714 0.991908 Time: 1042408380913
Position: -25.1933 -69.87 -1032.65 Orientation: 0.103974 0.0454699 0.0685716 0.991171 Time: 1042530394004
Position: -26.1033 -74.0533 -1031.65 Orientation: 0.104542 0.0549043 0.0753059 0.990144 Time: 1042651803488
Position: -23.1233 -77.5567 -1027.93 Orientation: 0.104037 0.0607686 0.0802692 0.989465 Time: 1042750088536
Position: -16.0067 -79.6467 -1022.15 Orientation: 0.106073 0.061637 0.0778046 0.989392 Time: 1042867316280
Position: -8.21667 -79.8733 -1017.79 Orientation: 0.108202 0.0653347 0.0743683 0.989188 Time: 1042963616852
Position: 5.66667 -79.6633 -1010.85 Orientation: 0.111543 0.0667061 0.0679062 0.98919 Time: 1043082521589
Position: 20.3533 -78.3367 -1004.48 Orientation: 0.112677 0.0713064 0.0626389 0.989088 Time: 1043177819933
Position: 39.04 -77.0633 -995.59 Orientation: 0.117507 0.0755045 0.0514697 0.988859 Time: 1043297272447
Position: 52.0167 -76.6367 -988.54 Orientation: 0.121912 0.0759744 0.0428377 0.988701 Time: 1043392882927
Position: 63.4867 -76.4067 -981.663 Orientation: 0.12361 0.0812065 0.0386698 0.988246 Time: 1043513216426
Position: 74.6367 -76.5433 -973.557 Orientation: 0.126537 0.0860361 0.0332344 0.987665 Time: 1043635061613
Position: 81.6433 -77.65 -966.66 Orientation: 0.131275 0.0875388 0.0285018 0.987062 Time: 1043729597751
Position: 89.4167 -78.95 -956.767 Orientation: 0.134043 0.0905729 0.0254017 0.986501 Time: 1043846543328
Position: 94.64 -81.24 -947.687 Orientation: 0.13828 0.0915752 0.0225688 0.985892 Time: 1043964572279
Position: 97.2567 -83.5333 -941.487 Orientation: 0.142177 0.0935402 0.0217349 0.985172 Time: 1044061921057
Position: 97.2833 -86.26 -935.123 Orientation: 0.146638 0.0939361 0.022534 0.984462 Time: 1044157916335
Position: 91.9933 -89.67 -930.46 Orientation: 0.149773 0.0943709 0.0267012 0.983844 Time: 1044275248079
Position: 83.97 -91.91 -928.987 Orientation: 0.150072 0.0936699 0.0311678 0.983734 Time: 1044369775869
Position: 71.58 -93.6967 -929.317 Orientation: 0.150038 0.090636 0.0359011 0.983862 Time: 1044490280010
Position: 62.3533 -94.38 -930.6 Orientation: 0.149347 0.0880745 0.0388701 0.984087 Time: 1044589752978
Position: 54.5933 -94.3 -932.62 Orientation: 0.147412 0.0851405 0.0418035 0.984517 Time: 1044707942171
Position: 46.0333 -93.92 -935.257 Orientation: 0.14458 0.0822409 0.0446708 0.985057 Time: 1044833918330
Position: 38.6967 -93.77 -937.747 Orientation: 0.142579 0.0803068 0.0466373 0.985417 Time: 1044928163405
Position: 28.01 -93.4167 -941.677 Orientation: 0.139377 0.0776727 0.0502372 0.985909 Time: 1045044226492
Position: 19.0333 -94.1967 -944.787 Orientation: 0.138376 0.0743385 0.0535037 0.986135 Time: 1045160490324
Position: 11.0233 -93.95 -947.833 Orientation: 0.136078 0.0729058 0.0562045 0.986412 Time: 1045257349346
Position: 3.3 -93.2667 -950.667 Orientation: 0.133206 0.0685028 0.0581357 0.987008 Time: 1045354801713
Position: -5.01333 -93.4867 -953.82 Orientation: 0.132239 0.0628027 0.0599359 0.987409 Time: 1045477285129
Position: -11.76 -93.17 -956.517 Orientation: 0.130437 0.0602351 0.0623018 0.987662 Time: 1045575491767
Position: -21.5633 -94.4667 -959.6 Orientation: 0.131678 0.0564717 0.0653725 0.987521 Time: 1045697074492
Position: -29.3067 -94.5833 -961.34 Orientation: 0.130909 0.0578709 0.0679049 0.987372 Time: 1045819182825
Position: -36.2267 -95.0167 -962.21 Orientation: 0.132236 0.0552679 0.0687015 0.987289 Time: 1045917825577
Position: -44.52 -95.13 -962.97 Orientation: 0.131014 0.0564059 0.0740078 0.987004 Time: 1046036664219
Position: -50.4 -96.5667 -962.683 Orientation: 0.131941 0.0551034 0.0769714 0.986727 Time: 1046135844621
Position: -58.95 -99.78 -961.657 Orientation: 0.132872 0.0529021 0.0817366 0.986339 Time: 1046258387700
Position: -63.65 -102.113 -960.547 Orientation: 0.131874 0.0520694 0.0852712 0.986219 Time: 1046352894690
Position: -65.25 -104.41 -957.96 Orientation: 0.13131 0.0538707 0.0878066 0.985974 Time: 1046475631947
Position: -63.61 -106.473 -954.34 Orientation: 0.13311 0.0543375 0.0874068 0.985743 Time: 1046573924931
Position: -60.34 -108.02 -949.94 Orientation: 0.137177 0.0549374 0.0852729 0.985339 Time: 1046671782623
Position: -52.7367 -108 -943.593 Orientation: 0.138145 0.0613052 0.0838405 0.984951 Time: 1046791311631
Position: -43.85 -108.13 -938.2 Orientation: 0.141481 0.0628062 0.0792411 0.984764 Time: 1046911928939
Position: -36.27 -108.483 -934.653 Orientation: 0.145739 0.0647027 0.0755699 0.984308 Time: 1047006197825
Position: -26.6233 -107.937 -929.743 Orientation: 0.148174 0.065003 0.0708033 0.984279 Time: 1047131293546
Position: -18.5167 -106.21 -925.25 Orientation: 0.144041 0.0661036 0.0674703 0.985053 Time: 1047228080042
Position: -8.54333 -104.16 -919.833 Orientation: 0.140947 0.0691065 0.0603057 0.985759 Time: 1047349917703
Position: -2.53 -102.957 -916.037 Orientation: 0.140475 0.0696375 0.0569034 0.985992 Time: 1047447163712
Position: 4.16 -102.6 -911.563 Orientation: 0.142047 0.0716734 0.0544385 0.98576 Time: 1047567337928
Position: 10.11 -102.277 -907.07 Orientation: 0.143781 0.0739072 0.051605 0.985496 Time: 1047661214763
Position: 15.92 -102.263 -902.107 Orientation: 0.146042 0.0748044 0.0484028 0.985258 Time: 1047782602763
Position: 20.1867 -102.887 -897.11 Orientation: 0.149776 0.0778049 0.0463696 0.984563 Time: 1047879431406
Position: 24.0133 -103.717 -890.287 Orientation: 0.151309 0.0809379 0.0453692 0.984122 Time: 1048002642409
Position: 25.0133 -104.88 -885.67 Orientation: 0.153475 0.0822045 0.0452358 0.983688 Time: 1048096810443
Position: 23.9233 -106.697 -880.933 Orientation: 0.156274 0.0835708 0.0470023 0.983049 Time: 1048222022479
Position: 20.87 -108.387 -877.567 Orientation: 0.157846 0.0819065 0.0489039 0.982845 Time: 1048318988784
Position: 14.87 -111.41 -874.187 Orientation: 0.159678 0.0819059 0.0536039 0.982304 Time: 1048443059699
Position: 9.14 -113.723 -872.147 Orientation: 0.161143 0.0794716 0.0566369 0.982094 Time: 1048539374365
Position: 1.99667 -115.82 -870.483 Orientation: 0.161648 0.0767069 0.0607055 0.981988 Time: 1048659308698
Position: -3.63667 -116.8 -869.91 Orientation: 0.161341 0.0751369 0.0640697 0.981946 Time: 1048754388917
Position: -11.8133 -118.133 -869.903 Orientation: 0.160941 0.0708034 0.0678366 0.982081 Time: 1048875187267
Position: -18.74 -119.4 -870.413 Orientation: 0.160871 0.0692017 0.0718018 0.981925 Time: 1048974524625
Position: -27.84 -120.39 -871.557 Orientation: 0.15975 0.0668069 0.0758744 0.981967 Time: 1049096546612
Position: -34.37 -120.77 -872.557 Orientation: 0.158405 0.0643689 0.0786027 0.982133 Time: 1049192002324
Position: -41.7733 -121.087 -873.947 Orientation: 0.157813 0.0612382 0.0816732 0.982178 Time: 1049310669504
Position: -48.23 -121.327 -874.88 Orientation: 0.156007 0.0585361 0.0850373 0.982346 Time: 1049430870952
Position: -54.8467 -121.84 -875.83 Orientation: 0.155179 0.0564378 0.088307 0.982312 Time: 1049526929725
Position: -63.4267 -122.477 -877.563 Orientation: 0.153348 0.0531052 0.0928758 0.982364 Time: 1049646113345
Position: -69.9233 -123.167 -878.84 Orientation: 0.154114 0.049071 0.094975 0.982253 Time: 1049741786087
Position: -77.89 -123.997 -880.657 Orientation: 0.155506 0.044735 0.098737 0.98187 Time: 1049860304384
Position: -83.48 -124.917 -882.613 Orientation: 0.155912 0.0420033 0.101508 0.981643 Time: 1049956356862
Position: -91.1833 -127.78 -886.28 Orientation: 0.158973 0.0376683 0.107938 0.980642 Time: 1050084053530
Position: -93.7633 -128.647 -888.153 Orientation: 0.159639 0.0353346 0.110204 0.980368 Time: 1050180943614
Position: -96.3467 -128.457 -892.363 Orientation: 0.156138 0.0381346 0.114237 0.980365 Time: 1050298584346
Position: -96.52 -128.66 -896.07 Orientation: 0.15514 0.0377351 0.114472 0.980512 Time: 1050396147966
Position: -94.1133 -129.467 -901.12 Orientation: 0.154175 0.0375354 0.11604 0.980488 Time: 1050513973159
Position: -90.23 -130.29 -906.57 Orientation: 0.155081 0.0388702 0.116344 0.980257 Time: 1050611556347
Position: -84.6 -129.09 -914.56 Orientation: 0.152411 0.0404029 0.116708 0.98057 Time: 1050732130003
Position: -79.7667 -128.157 -920.873 Orientation: 0.15151 0.0417027 0.115508 0.980797 Time: 1050828434954
Position: -72.7167 -125.863 -931.8 Orientation: 0.148473 0.0414352 0.112305 0.981645 Time: 1050953917526
Position: -68.49 -124.223 -940.133 Orientation: 0.145878 0.0415699 0.111009 0.982175 Time: 1051052446287
Position: -62.8667 -122.88 -949.097 Orientation: 0.143078 0.0426368 0.108876 0.98278 Time: 1051172391157
Position: -59 -121.09 -956.64 Orientation: 0.138975 0.0429359 0.10794 0.983459 Time: 1051275691993
Position: -55.44 -122.943 -965.7 Orientation: 0.138814 0.0423375 0.108644 0.98343 Time: 1051395946124
Position: -53.3633 -126.413 -971.443 Orientation: 0.139241 0.0434357 0.111639 0.982986 Time: 1051492457432
Position: -52.4933 -130.42 -978.057 Orientation: 0.139242 0.0440694 0.11594 0.98246 Time: 1051618272939
Position: -50.6933 -135.05 -983.12 Orientation: 0.140941 0.0451357 0.119973 0.981685 Time: 1051712284836
Position: -47.8267 -142.913 -989.287 Orientation: 0.146208 0.0466691 0.126273 0.980051 Time: 1051833194302
Position: -46.66 -147.13 -993.74 Orientation: 0.149112 0.0483039 0.13051 0.978979 Time: 1051930866162
Position: -45 -152.427 -1000.67 Orientation: 0.153108 0.0479691 0.134173 0.977883 Time: 1052053050443
Position: -44.4033 -156.077 -1006.96 Orientation: 0.156472 0.0467016 0.137605 0.976934 Time: 1052148699239
Position: -41.0333 -158.557 -1013.11 Orientation: 0.161043 0.0437026 0.137642 0.976325 Time: 1052269100748
Position: -36.01 -159.183 -1017.32 Orientation: 0.16368 0.0432369 0.137111 0.975981 Time: 1052365117237
Position: -27.7 -156.34 -1022.68 Orientation: 0.165815 0.0392368 0.133045 0.976353 Time: 1052485632735
Position: -20.68 -149.447 -1027.77 Orientation: 0.163008 0.0382352 0.126906 0.977682 Time: 1052582134601
Position: -14.77 -140.787 -1033.87 Orientation: 0.156881 0.0370701 0.121145 0.979458 Time: 1052702955393
Position: -8.45333 -131.157 -1042.47 Orientation: 0.149179 0.0364031 0.113643 0.981583 Time: 1052823435586
Position: -2.59 -124.42 -1049.52 Orientation: 0.142808 0.0361019 0.110039 0.982952 Time: 1052918074217
Position: 5.27667 -118.23 -1058.14 Orientation: 0.138441 0.0353687 0.104339 0.984224 Time: 1053040716507
Position: 10.6067 -113.74 -1064.7 Orientation: 0.131848 0.0390375 0.102278 0.985206 Time: 1053139793456
Position: 15.93 -110.76 -1071.59 Orientation: 0.128676 0.0398695 0.0995737 0.985869 Time: 1053235974702
Position: 20.9467 -109.82 -1080.16 Orientation: 0.126877 0.0365696 0.0970745 0.986479 Time: 1053356290001
Position: 24.9267 -109.92 -1087.15 Orientation: 0.123244 0.04007 0.0989749 0.986615 Time: 1053454398249
Position: 27.3433 -112.17 -1093.56 Orientation: 0.123543 0.0370696 0.0998079 0.986611 Time: 1053572501095
Position: 29.76 -118.4 -1101.87 Orientation: 0.127377 0.0362695 0.103141 0.98581 Time: 1053694874080
Position: 32.39 -124.32 -1106.92 Orientation: 0.130341 0.0390024 0.10804 0.984793 Time: 1053791198463
Position: 35.6567 -134.377 -1110.52 Orientation: 0.142173 0.0378683 0.110638 0.98291 Time: 1053907180675
Position: 38.3133 -140.417 -1112.15 Orientation: 0.147105 0.0410679 0.11577 0.981464 Time: 1054005412355
Position: 41.2267 -148.673 -1114.19 Orientation: 0.154507 0.0431685 0.122305 0.979441 Time: 1054123498095
Position: 42.4133 -155.457 -1115.69 Orientation: 0.161878 0.041603 0.125309 0.977938 Time: 1054216247356
Position: 43.2333 -161.997 -1118.6 Orientation: 0.168448 0.0391367 0.130245 0.976284 Time: 1054335050146
Position: 42.87 -166.203 -1120.88 Orientation: 0.17588 0.0394697 0.130877 0.974874 Time: 1054429693294
Position: 44.1733 -169.687 -1122.08 Orientation: 0.180517 0.038637 0.133346 0.973725 Time: 1054553918976
Position: 45.91 -173.017 -1123.47 Orientation: 0.188086 0.0402708 0.135214 0.971967 Time: 1054675391681
Position: 47.71 -176.897 -1125.22 Orientation: 0.194577 0.0369686 0.138074 0.970417 Time: 1054768788065
Position: 49.06 -180.853 -1128.13 Orientation: 0.196583 0.032936 0.143212 0.969413 Time: 1054888254400
Position: 50.4933 -183.053 -1130.89 Orientation: 0.199576 0.0320682 0.14534 0.968513 Time: 1054987214212
Position: 52.6 -184.593 -1133.77 Orientation: 0.199956 0.0324036 0.149817 0.967741 Time: 1055106500737
Position: 55.29 -185.057 -1135.61 Orientation: 0.197775 0.0340681 0.151473 0.967874 Time: 1055204702311
Position: 58.33 -184.7 -1137.3 Orientation: 0.193308 0.0326013 0.155806 0.968139 Time: 1055326897540
Position: 59.4567 -184.003 -1139.83 Orientation: 0.193442 0.0274012 0.153907 0.968577 Time: 1055422341073
Position: 62.37 -180.387 -1145.01 Orientation: 0.188051 0.0265691 0.153314 0.969756 Time: 1055539337555
Position: 63.8933 -176.127 -1148.59 Orientation: 0.18455 0.0224354 0.150614 0.970955 Time: 1055635056276
Position: 66.3933 -167.457 -1151.66 Orientation: 0.177477 0.023968 0.145008 0.973088 Time: 1055755310271
Position: 68.54 -156.8 -1153.55 Orientation: 0.165819 0.0272032 0.141216 0.975614 Time: 1055876144336
Position: 68.5933 -149.343 -1154.91 Orientation: 0.160817 0.0292364 0.136214 0.977102 Time: 1055976854489
Position: 68.9833 -139.683 -1155.39 Orientation: 0.153139 0.0290012 0.129605 0.979239 Time: 1056071170038
Position: 69.79 -125.853 -1154.79 Orientation: 0.14361 0.0307021 0.118775 0.982001 Time: 1056200398509
Position: 69.87 -114.16 -1154.06 Orientation: 0.135714 0.0337369 0.112712 0.983737 Time: 1056296102726
Position: 69.87 -99.94 -1152.56 Orientation: 0.126144 0.0393032 0.102875 0.98588 Time: 1056412545684
Position: 69.51 -86.92 -1150.98 Orientation: 0.117408 0.0424028 0.0948729 0.987632 Time: 1056507863323
Position: 68.7667 -74.86 -1149.89 Orientation: 0.110842 0.0441369 0.0876737 0.988979 Time: 1056607268281
Position: 67.3633 -60.42 -1148.6 Orientation: 0.103142 0.0432371 0.0789402 0.990586 Time: 1056734414435
Position: 65.4233 -49.9467 -1147.29 Orientation: 0.0980412 0.0403032 0.0739393 0.991613 Time: 1056853910191
Position: 63.3433 -42.11 -1145.84 Orientation: 0.0942714 0.0387019 0.0711036 0.99225 Time: 1056953967746
Position: 60.1167 -30.3267 -1142.53 Orientation: 0.0887711 0.0349018 0.0660033 0.99325 Time: 1057076253427
Position: 58.17 -25.24 -1140.06 Orientation: 0.0879708 0.0329015 0.0630696 0.99358 Time: 1057171077341
Position: 54.0867 -17.37 -1131.76 Orientation: 0.0882721 0.0324687 0.0626372 0.993595 Time: 1057288470253
Position: 49.4067 -12.2733 -1122.51 Orientation: 0.0889016 0.0342006 0.0641345 0.993385 Time: 1057405087411
Position: 44.81 -9.17333 -1113.94 Orientation: 0.0920694 0.034001 0.0657686 0.992996 Time: 1057500157367
Position: 40.3567 -7.10333 -1105.35 Orientation: 0.0947386 0.0342352 0.0665037 0.992688 Time: 1057620277667
Position: 36.7833 -5.56 -1097.24 Orientation: 0.0969758 0.0363701 0.0670396 0.99236 Time: 1057715917568
Position: 31.6633 -4.67 -1087.64 Orientation: 0.0995694 0.0367343 0.0674685 0.992061 Time: 1057837531083
Position: 28.02 -4.47667 -1080.42 Orientation: 0.10234 0.0347356 0.0682378 0.991798 Time: 1057935827488
Position: 24.4633 -4.47 -1071.83 Orientation: 0.104339 0.035302 0.068904 0.991524 Time: 1058055977209
Position: 21.1133 -3.94 -1064.56 Orientation: 0.105444 0.0345034 0.0684734 0.991465 Time: 1058154554550
Position: 16.78 -3.76 -1056.04 Orientation: 0.108107 0.0323021 0.0683044 0.991264 Time: 1058273421519
Position: 13.17 -3.35 -1050.2 Orientation: 0.109974 0.0311021 0.068738 0.991067 Time: 1058368609569
Position: 7.97333 -1.02667 -1041.43 Orientation: 0.110835 0.0310338 0.0686011 0.990983 Time: 1058485336336
Position: 4.37667 0.75 -1035.37 Orientation: 0.110341 0.0301688 0.0685049 0.991071 Time: 1058578748595
Position: 1.8 2.34667 -1027.99 Orientation: 0.111876 0.0307358 0.0680388 0.990914 Time: 1058699762333
Position: 0.476667 3.48 -1020.33 Orientation: 0.114177 0.0327029 0.0675726 0.99062 Time: 1058799653900
Position: -0.19 5.07333 -1012.21 Orientation: 0.116074 0.0348022 0.0665709 0.990396 Time: 1058899118521
Position: -2.39333 6.88667 -1002.81 Orientation: 0.117574 0.0341021 0.0658041 0.990295 Time: 1059025978676
Position: -2.46 8.07 -995.98 Orientation: 0.117905 0.0381351 0.0657364 0.990112 Time: 1059124116756
Position: -1.57333 9.28333 -990.807 Orientation: 0.118843 0.0390032 0.0640052 0.99008 Time: 1059219063281
Position: 1.23333 11.0667 -979.527 Orientation: 0.121277 0.0412368 0.0615386 0.989851 Time: 1059342845870
Position: 6.54333 10.53 -969.957 Orientation: 0.125442 0.0416029 0.057904 0.989536 Time: 1059435502900
Position: 13.8467 11.0267 -957.81 Orientation: 0.126509 0.0446365 0.0537371 0.989503 Time: 1059554623573
Position: 23.37 10.83 -945 Orientation: 0.129913 0.0535055 0.048305 0.988902 Time: 1059671989664
Position: 31.2567 10.4767 -936.233 Orientation: 0.131374 0.0565364 0.0444691 0.98872 Time: 1059766114182
Position: 40.1567 9.28333 -926.653 Orientation: 0.134072 0.0619023 0.0397681 0.988237 Time: 1059860967655
Position: 49.72 6.71667 -914.963 Orientation: 0.140076 0.0661046 0.0333357 0.987369 Time: 1059979752518
Position: 57.0567 4.10333 -905.173 Orientation: 0.142946 0.0708728 0.0293692 0.986753 Time: 1060097751091
Position: 63.07 1.72667 -896.65 Orientation: 0.144645 0.0755729 0.0273356 0.986215 Time: 1060196880587
Position: 70.8733 -0.576667 -887.577 Orientation: 0.146107 0.0831707 0.0250679 0.985448 Time: 1060312640980
Position: 78.2433 -2.94 -878.17 Orientation: 0.148373 0.088337 0.0216342 0.984741 Time: 1060405900249
Position: 86.0067 -6.86 -866.12 Orientation: 0.152577 0.0956396 0.0175011 0.983497 Time: 1060524866428
Position: 89.1 -9.67 -859.04 Orientation: 0.15391 0.100006 0.0171011 0.982862 Time: 1060620009731
Position: 90.8033 -15.15 -850.233 Orientation: 0.158236 0.101935 0.0167336 0.981983 Time: 1060739944201
Position: 89.0367 -20.8967 -843.527 Orientation: 0.161745 0.104107 0.019368 0.981135 Time: 1060859794513
Position: 83.0367 -25.3533 -840.907 Orientation: 0.162576 0.105106 0.0239347 0.98079 Time: 1060956136958
Position: 69.21 -29.9233 -841.757 Orientation: 0.160341 0.106005 0.0315681 0.980845 Time: 1061076651088
Position: 58.48 -32.99 -843.36 Orientation: 0.159813 0.103408 0.0354028 0.981078 Time: 1061171332140
Position: 41.3233 -37.4167 -846.157 Orientation: 0.162009 0.098872 0.0371687 0.98112 Time: 1061289946636
Position: 22.8867 -41.5333 -849.497 Orientation: 0.159375 0.0952385 0.0419023 0.98172 Time: 1061406587878
Position: 7.57333 -44.2867 -852.667 Orientation: 0.156346 0.0914072 0.0469037 0.982345 Time: 1061507243841
Position: -6.06667 -46.8333 -855.943 Orientation: 0.153009 0.0879384 0.0502029 0.983023 Time: 1061606936578
Position: -21.4533 -49.7867 -860.25 Orientation: 0.14915 0.0862095 0.0550728 0.983509 Time: 1061728078536
Position: -33.3667 -53.05 -864.117 Orientation: 0.148248 0.0808744 0.0574722 0.983961 Time: 1061825603840
Position: -47.3167 -54.9533 -869.457 Orientation: 0.144216 0.0746748 0.06094 0.984841 Time: 1061947029745
Position: -56.8733 -56.7867 -873.293 Orientation: 0.144311 0.0716388 0.0621714 0.984976 Time: 1062044296144
Position: -69.0267 -58.4867 -877.903 Orientation: 0.142145 0.0647385 0.0635717 0.985679 Time: 1062162606715
Position: -79.1767 -58.47 -882.29 Orientation: 0.137178 0.0625052 0.0657721 0.986382 Time: 1062260510248
Position: -89.6333 -59.0033 -887.903 Orientation: 0.133143 0.0594376 0.0680382 0.986971 Time: 1062381568186
Position: -96.0733 -59.1733 -891.307 Orientation: 0.130542 0.0576707 0.0702382 0.987269 Time: 1062476935089
Position: -101.143 -59.6367 -894.587 Orientation: 0.130339 0.0582694 0.0736368 0.987013 Time: 1062596754064
Position: -105.99 -60.7433 -896.98 Orientation: 0.130376 0.0528038 0.0755388 0.987172 Time: 1062695320731
Position: -111.83 -61.35 -899.96 Orientation: 0.129111 0.0485043 0.079007 0.987287 Time: 1062817849852
Position: -115.43 -61.77 -902.027 Orientation: 0.127873 0.0464023 0.0802374 0.98745 Time: 1062911660319
Position: -118.007 -60.2267 -904.167 Orientation: 0.119478 0.050738 0.0895083 0.987491 Time: 1063036292694
Position: -118.65 -60.1367 -903.967 Orientation: 0.120278 0.0462044 0.0908421 0.987495 Time: 1063130923800
Position: -120.63 -59.3167 -901.733 Orientation: 0.116772 0.0319682 0.0964381 0.987948 Time: 1063248115418
Position: -120.763 -59.2667 -901.38 Orientation: 0.116875 0.0299687 0.0967731 0.987966 Time: 1063343792266
Position: -120.403 -59.39 -901.847 Orientation: 0.117807 0.0320019 0.0957391 0.987892 Time: 1063463731251
Position: -120.9 -59.2433 -901.19 Orientation: 0.116773 0.0289348 0.0970382 0.987983 Time: 1063557299509
Position: -120.313 -59.39 -902.08 Orientation: 0.117776 0.0355362 0.096041 0.987746 Time: 1063677115337
Position: -121.003 -59.14 -901.11 Orientation: 0.11644 0.0303684 0.097939 0.98789 Time: 1063797266152
Position: -120.367 -59.3567 -901.987 Orientation: 0.117245 0.0347701 0.0964428 0.987797 Time: 1063894621909
Position: -120.753 -59.2833 -901.39 Orientation: 0.116877 0.0303693 0.0971416 0.987918 Time: 1063988958531
Position: -120.483 -59.3767 -901.84 Orientation: 0.117344 0.0329029 0.0967419 0.98782 Time: 1064108094530
Position: -120.31 -59.55 -902.037 Orientation: 0.117476 0.0329027 0.0963078 0.987847 Time: 1064202895730
Position: -120.723 -59.3867 -901.4 Orientation: 0.116709 0.0300357 0.0975077 0.987911 Time: 1064324078330
Position: -120.367 -59.48 -901.99 Orientation: 0.117136 0.0329342 0.0969358 0.987825 Time: 1064439867186
Position: -120.327 -59.4367 -902.02 Orientation: 0.117378 0.0325698 0.0967425 0.987827 Time: 1064537041491
Position: -120.587 -59.3733 -901.667 Orientation: 0.116905 0.0313348 0.0975378 0.987845 Time: 1064633057433
Position: -120.21 -59.5033 -902.21 Orientation: 0.117408 0.0337358 0.0965403 0.987804 Time: 1064752551956
Position: -120.583 -59.39 -901.697 Orientation: 0.11684 0.0313685 0.0974724 0.987858 Time: 1064869473450
Position: -120.4 -59.4667 -901.973 Orientation: 0.116978 0.0334699 0.0972427 0.987795 Time: 1064988732606
Position: -120.287 -59.4933 -902.113 Orientation: 0.117641 0.0329688 0.0966061 0.987796 Time: 1065085953300
Position: -120.357 -59.46 -901.98 Orientation: 0.117406 0.0320017 0.0966385 0.987853 Time: 1065204731459
Position: -120.287 -59.48 -902.1 Orientation: 0.117306 0.0326684 0.0965385 0.987852 Time: 1065303180716
Position: -120.357 -59.4467 -902.05 Orientation: 0.117176 0.0336027 0.0971079 0.987781 Time: 1065400745430
Position: -120.34 -59.4567 -902.027 Orientation: 0.117301 0.033067 0.0968344 0.987811 Time: 1065518958159
Position: -120.267 -59.46 -902.07 Orientation: 0.117608 0.0320354 0.0962728 0.987863 Time: 1065639052596
Position: -120.35 -59.4267 -902.037 Orientation: 0.117238 0.0332014 0.0969039 0.987807 Time: 1065733329966
Position: -120.287 -59.44 -902.093 Orientation: 0.117339 0.0333015 0.0967044 0.987811 Time: 1065858112046
Position: -120.307 -59.44 -902.04 Orientation: 0.117272 0.0327014 0.0966708 0.987842 Time: 1065953632211
