Position: -113.057 -98.1733 -916.877 Orientation: 0.137142 0.0374357 0.104973 0.984262 Time: 945940681393
Position: -113.057 -98.1767 -916.867 Orientation: 0.136877 0.0376695 0.105108 0.984275 Time: 946037053533
Position: -113.05 -98.18 -916.83 Orientation: 0.13684 0.0370685 0.105005 0.984314 Time: 946157208181
Position: -113.05 -98.1833 -916.85 Orientation: 0.136678 0.0374365 0.105075 0.984315 Time: 946253968950
Position: -113.057 -98.1733 -916.853 Orientation: 0.136872 0.0377016 0.105104 0.984275 Time: 946384811604
Position: -113.047 -98.18 -916.827 Orientation: 0.137004 0.0366677 0.104803 0.984328 Time: 946480602031
Position: -113.047 -98.1833 -916.83 Orientation: 0.137006 0.0364682 0.104738 0.984342 Time: 946600727941
Position: -113.057 -98.1767 -916.867 Orientation: 0.136812 0.03757 0.105109 0.984288 Time: 946698856305
Position: -113.06 -98.1767 -916.863 Orientation: 0.136909 0.0377357 0.105173 0.984261 Time: 946827039444
Position: -113.05 -98.1867 -916.853 Orientation: 0.136737 0.0370678 0.105003 0.984329 Time: 946921674107
Position: -113.06 -98.17 -916.86 Orientation: 0.13681 0.0377695 0.105175 0.984274 Time: 947025530931
Position: -113.067 -98.17 -916.857 Orientation: 0.136608 0.0383022 0.105406 0.984256 Time: 947148244240
Position: -113.057 -98.1733 -916.843 Orientation: 0.136643 0.0376027 0.105174 0.984303 Time: 947243662732
Position: -113.05 -98.1833 -916.853 Orientation: 0.137006 0.0369348 0.104904 0.984307 Time: 947348035722
Position: -113.047 -98.1767 -916.827 Orientation: 0.136974 0.0362686 0.104739 0.984354 Time: 947467504930
Position: -113.047 -98.18 -916.837 Orientation: 0.137078 0.037303 0.104942 0.984279 Time: 947588222543
Position: -113.057 -98.18 -916.84 Orientation: 0.136637 0.0372344 0.10507 0.984329 Time: 947683538677
Position: -113.05 -98.18 -916.823 Orientation: 0.136739 0.0373683 0.105071 0.98431 Time: 947806499123
Position: -113.067 -98.1833 -916.86 Orientation: 0.136775 0.0376355 0.105106 0.984291 Time: 947903940816
Position: -113.05 -98.1833 -916.847 Orientation: 0.136937 0.0367677 0.104869 0.984327 Time: 948024215199
Position: -113.053 -98.18 -916.83 Orientation: 0.136671 0.0372011 0.105036 0.984329 Time: 948121485567
Position: -113.057 -98.1667 -916.817 Orientation: 0.136672 0.0371682 0.104938 0.984341 Time: 948244421382
Position: -113.12 -98.07 -916.72 Orientation: 0.136904 0.0367011 0.104903 0.98433 Time: 948339823999
Position: -113.207 -98.0067 -916.673 Orientation: 0.136609 0.0381359 0.105374 0.984266 Time: 948459241481
Position: -113.243 -98.0533 -916.727 Orientation: 0.13674 0.0389686 0.105372 0.984216 Time: 948554229196
Position: -113.24 -98.0433 -916.6 Orientation: 0.136712 0.0380034 0.105076 0.984289 Time: 948676755991
Position: -113.26 -98.06 -916.64 Orientation: 0.136711 0.0390699 0.105375 0.984215 Time: 948775692404
Position: -113.297 -98.0667 -916.63 Orientation: 0.136609 0.0389026 0.105407 0.984233 Time: 948869392439
Position: -113.313 -98.17 -916.637 Orientation: 0.136778 0.0366697 0.104609 0.98438 Time: 948991691393
Position: -113.167 -98.3567 -916.71 Orientation: 0.13458 0.0370038 0.102744 0.984867 Time: 949086778455
Position: -113.627 -98.3033 -915.363 Orientation: 0.119574 0.0388689 0.0941055 0.987591 Time: 949211624576
Position: -114.907 -103.47 -913.433 Orientation: 0.125172 0.0330681 0.0776033 0.988542 Time: 949307575518
Position: -116.943 -113.33 -909.35 Orientation: 0.142077 0.0315356 0.0737053 0.986604 Time: 949428429699
Position: -116.997 -119.023 -902.943 Orientation: 0.143207 0.0343351 0.083671 0.985552 Time: 949522996763
Position: -117.53 -127.83 -893.28 Orientation: 0.151276 0.0346688 0.0864387 0.984094 Time: 949644262153
Position: -117.53 -132.82 -887.56 Orientation: 0.156505 0.0356012 0.0888029 0.983032 Time: 949739236593
Position: -119.073 -137.927 -880.92 Orientation: 0.162811 0.0363358 0.093973 0.9815 Time: 949857313302
Position: -121.293 -143.593 -876.31 Orientation: 0.170042 0.0360352 0.0970385 0.979985 Time: 949953128908
Position: -122.22 -151.327 -873.093 Orientation: 0.178642 0.0370352 0.103238 0.977782 Time: 950071148964
Position: -121.427 -156.433 -873.543 Orientation: 0.183505 0.0384678 0.109337 0.976162 Time: 950169644611
Position: -117.573 -159.98 -877.623 Orientation: 0.186619 0.0427709 0.119245 0.97423 Time: 950290843906
Position: -113.75 -161.41 -881.21 Orientation: 0.187116 0.0446039 0.122211 0.973685 Time: 950388053106
Position: -108.21 -164.243 -888.057 Orientation: 0.19048 0.0441698 0.124442 0.972769 Time: 950507796271
Position: -103.463 -166.347 -894.713 Orientation: 0.191945 0.0455028 0.125174 0.972326 Time: 950607425786
Position: -97.6067 -167.863 -902.457 Orientation: 0.191281 0.0457701 0.128276 0.97204 Time: 950730739693
Position: -92.9 -170.67 -912.813 Orientation: 0.19221 0.0433689 0.128907 0.971884 Time: 950846385960
Position: -90.6733 -172.46 -920.537 Orientation: 0.192846 0.0411693 0.128341 0.971928 Time: 950944903091
Position: -88.85 -173.14 -925.92 Orientation: 0.192615 0.039603 0.12731 0.972175 Time: 951038512401
Position: -86.0967 -173.227 -931.753 Orientation: 0.190384 0.0397703 0.125912 0.972789 Time: 951165936617
Position: -83.6833 -173.15 -936.983 Orientation: 0.18782 0.0421377 0.124246 0.973402 Time: 951263808676
Position: -81.7967 -173.673 -941.24 Orientation: 0.187142 0.0415018 0.121472 0.97391 Time: 951364988742
Position: -80.23 -174.21 -945.237 Orientation: 0.186414 0.0407698 0.119909 0.974274 Time: 951462938665
Position: -78.01 -174.76 -950.487 Orientation: 0.18605 0.042637 0.120277 0.974218 Time: 951588600910
Position: -76.8567 -174.653 -953.16 Orientation: 0.185307 0.0420349 0.120405 0.97437 Time: 951685523563
Position: -74.6067 -173.973 -959.337 Orientation: 0.182284 0.0417373 0.119545 0.975059 Time: 951810370643
Position: -71.8367 -173.597 -963.74 Orientation: 0.180316 0.0434038 0.119277 0.975385 Time: 951907134149
Position: -68.11 -173.45 -968.653 Orientation: 0.180213 0.0417363 0.116308 0.975835 Time: 952026360601
Position: -65.7667 -172.687 -973.243 Orientation: 0.178109 0.0427688 0.114572 0.976382 Time: 952120636876
Position: -64.0167 -171.853 -979.02 Orientation: 0.175609 0.0431022 0.113172 0.976983 Time: 952243051187
Position: -62.6433 -172.53 -982.67 Orientation: 0.173712 0.0413362 0.111708 0.977567 Time: 952340541596
Position: -61.4033 -173.953 -985.847 Orientation: 0.173012 0.0411029 0.112574 0.977601 Time: 952460105362
Position: -59.6 -174.88 -988.917 Orientation: 0.171545 0.039736 0.117541 0.977332 Time: 952557381477
Position: -57.3667 -176.91 -993.87 Orientation: 0.174273 0.0367346 0.117804 0.976935 Time: 952682913858
Position: -55.23 -178.193 -998.08 Orientation: 0.174881 0.0333027 0.12001 0.976681 Time: 952779306388
Position: -52.63 -179.873 -1004.26 Orientation: 0.176741 0.0278346 0.122472 0.976211 Time: 952897124877
Position: -49.6033 -180.087 -1010.12 Orientation: 0.17121 0.0283017 0.127608 0.976526 Time: 953016664695
Position: -46.83 -180.557 -1015.53 Orientation: 0.169113 0.0307024 0.129444 0.976577 Time: 953111871493
Position: -43.47 -181.227 -1020.58 Orientation: 0.168982 0.0284358 0.129311 0.976686 Time: 953233868848
Position: -40.0233 -181.947 -1025.71 Orientation: 0.166874 0.0283012 0.129639 0.977009 Time: 953330303388
Position: -35.41 -183.68 -1032.74 Orientation: 0.16588 0.0263688 0.129544 0.977245 Time: 953449453892
Position: -32.13 -184.923 -1037.8 Orientation: 0.16554 0.0249677 0.131539 0.977073 Time: 953544886205
Position: -29.51 -187.33 -1043.96 Orientation: 0.169244 0.0185012 0.131175 0.97663 Time: 953665149915
Position: -25.48 -188.17 -1047.67 Orientation: 0.168116 0.0169016 0.129879 0.977027 Time: 953763597667
Position: -19.53 -189.24 -1051.84 Orientation: 0.16781 0.0178011 0.129908 0.97706 Time: 953885154529
Position: -16.0967 -190.293 -1055.46 Orientation: 0.170078 0.0180345 0.127375 0.976997 Time: 953982098256
Position: -12.8133 -190.87 -1061.81 Orientation: 0.169815 0.015368 0.124011 0.977521 Time: 954105973076
Position: -9.55333 -191.543 -1066.52 Orientation: 0.168014 0.0151679 0.124177 0.977815 Time: 954199283524
Position: -4.98333 -193.22 -1072.1 Orientation: 0.168708 0.0177009 0.124206 0.977649 Time: 954320188474
Position: -0.883333 -192.36 -1076.68 Orientation: 0.165483 0.0201353 0.124912 0.978063 Time: 954415520345
Position: 5.30667 -192.77 -1081.77 Orientation: 0.166208 0.0182676 0.121706 0.978381 Time: 954537634152
Position: 9.63 -193.21 -1085.12 Orientation: 0.164913 0.0194015 0.120909 0.978677 Time: 954634345659
Position: 16.0933 -194.883 -1088.79 Orientation: 0.164339 0.020734 0.120204 0.978833 Time: 954756122289
Position: 21.33 -195.76 -1091.81 Orientation: 0.162815 0.0232354 0.120011 0.979055 Time: 954850741625
Position: 27.7533 -196.927 -1095.46 Orientation: 0.161973 0.025601 0.118338 0.979339 Time: 954968801640
Position: 36.3333 -198.523 -1098.74 Orientation: 0.160612 0.0298023 0.117809 0.979508 Time: 955087725398
Position: 42.7833 -201.557 -1101.62 Orientation: 0.161504 0.0368676 0.117503 0.979158 Time: 955186171371
Position: 48 -204.903 -1105.18 Orientation: 0.163905 0.0388013 0.117937 0.978632 Time: 955306929215
Position: 52.1867 -206.827 -1108.94 Orientation: 0.16354 0.0417018 0.118205 0.978541 Time: 955402701305
Position: 56.15 -209.23 -1113.65 Orientation: 0.162946 0.0443033 0.118642 0.978473 Time: 955522189671
Position: 57.4967 -210.293 -1118.93 Orientation: 0.162012 0.0458034 0.118809 0.978539 Time: 955621141000
Position: 58.6167 -209.26 -1124.53 Orientation: 0.157915 0.046371 0.118178 0.979258 Time: 955716681828
Position: 60.47 -208.127 -1131.34 Orientation: 0.154477 0.0491034 0.115141 0.980035 Time: 955838296164
Position: 62.67 -207.43 -1134.91 Orientation: 0.154208 0.0533028 0.112606 0.980152 Time: 955933534024
Position: 64.1967 -205.073 -1138.72 Orientation: 0.153775 0.0504695 0.110106 0.980654 Time: 956054573215
Position: 65.04 -199.403 -1142.09 Orientation: 0.150044 0.0487368 0.105708 0.981803 Time: 956174078960
Position: 66.2533 -192.53 -1143.69 Orientation: 0.144477 0.0489034 0.10154 0.983069 Time: 956268761518
Position: 66.0067 -184.96 -1144.43 Orientation: 0.140044 0.0463367 0.0975405 0.984239 Time: 956388987186
Position: 65.43 -182.15 -1144.29 Orientation: 0.139606 0.045502 0.0965042 0.984442 Time: 956483853932
Position: 64.8833 -177.903 -1144.23 Orientation: 0.137881 0.0476382 0.0949763 0.984733 Time: 956601259844
Position: 64.1 -173.327 -1144.35 Orientation: 0.136737 0.0440346 0.0928693 0.985261 Time: 956696257138
Position: 63.89 -166.27 -1144.89 Orientation: 0.131779 0.0445376 0.0898419 0.986194 Time: 956816832846
Position: 63.8867 -159.527 -1145.01 Orientation: 0.126973 0.0464355 0.0871374 0.98698 Time: 956914207213
Position: 63.4833 -148.647 -1145.93 Orientation: 0.119408 0.0486364 0.0847053 0.988029 Time: 957035130089
Position: 63.16 -141.46 -1146.75 Orientation: 0.115402 0.0448009 0.0807017 0.989021 Time: 957132102142
Position: 63.5033 -131.557 -1147.54 Orientation: 0.106802 0.0486344 0.076735 0.990121 Time: 957251886633
Position: 63.0867 -122.18 -1148.4 Orientation: 0.09854 0.0487366 0.0737383 0.9912 Time: 957346996957
Position: 63.02 -112.223 -1148.9 Orientation: 0.0889376 0.0538026 0.0719034 0.99198 Time: 957466782406
Position: 63.78 -103.447 -1147.86 Orientation: 0.0822024 0.057935 0.0676353 0.992629 Time: 957582712893
Position: 64.02 -99.6533 -1147.12 Orientation: 0.0793364 0.0594023 0.0657025 0.992905 Time: 957676441255
Position: 63.27 -90.9633 -1146.68 Orientation: 0.0701049 0.0639712 0.0617377 0.99357 Time: 957796021579
Position: 62.6667 -84.54 -1146.75 Orientation: 0.0639361 0.0637694 0.0535023 0.994476 Time: 957889776762
Position: 63.6367 -75.7333 -1146.99 Orientation: 0.0543705 0.0670714 0.0452698 0.995237 Time: 958012820817
Position: 64.55 -68.5167 -1146.47 Orientation: 0.04797 0.0646712 0.0403362 0.995936 Time: 958107678806
Position: 65.4533 -61.4767 -1146.25 Orientation: 0.0402355 0.0653369 0.0363687 0.996388 Time: 958227894484
Position: 65.57 -54.08 -1146.38 Orientation: 0.0292358 0.0678058 0.0341696 0.996685 Time: 958324643760
Position: 64.6267 -46.1933 -1145.47 Orientation: 0.0162675 0.0695704 0.0302016 0.996987 Time: 958445269826
Position: 63.8233 -38.5733 -1144.13 Orientation: 0.00300023 0.0685719 0.0244019 0.997343 Time: 958563191220
Position: 63.9233 -31.64 -1144.12 Orientation: -0.00603362 0.0683699 0.0179342 0.997481 Time: 958658865742
Position: 64.11 -24.34 -1144.14 Orientation: -0.0157013 0.0682058 0.011201 0.997485 Time: 958779682565
Position: 63.53 -19.31 -1144.07 Orientation: -0.0210684 0.0682057 0.00806734 0.997416 Time: 958878474474
Position: 62.84 -13.6733 -1143.78 Orientation: -0.0272011 0.0685027 0.00396682 0.997272 Time: 958976579848
Position: 61.4067 -6.48667 -1143.87 Orientation: -0.0359353 0.0738706 0.00013334 0.99662 Time: 959100980961
Position: 60.6433 -0.923333 -1143.3 Orientation: -0.0457044 0.0746405 -0.00130012 0.996162 Time: 959193815064
Position: 58.3733 4.88667 -1141.72 Orientation: -0.05367 0.0776715 -0.00286685 0.995529 Time: 959311521343
Position: 55.41 9.59 -1139.01 Orientation: -0.0581007 0.082001 -0.00710009 0.994912 Time: 959427440882
Position: 52.7233 12.1267 -1135.42 Orientation: -0.0585702 0.0794048 -0.00723377 0.995094 Time: 959524235862
Position: 47.7567 15.6467 -1128.58 Orientation: -0.0579361 0.0763703 -0.00540025 0.99538 Time: 959643510345
Position: 44.4067 17.1233 -1123.72 Orientation: -0.0551382 0.07584 -0.00373366 0.995587 Time: 959738290745
Position: 40.6933 16.1033 -1120.02 Orientation: -0.0299365 0.0653403 -0.0168018 0.997272 Time: 959857051387
Position: 42.45 21.2267 -1116.05 Orientation: -0.0353691 0.0787387 -0.0115341 0.996201 Time: 959953399991
Position: 41.0733 25.1133 -1113.17 Orientation: -0.0370354 0.0786044 -0.00760042 0.996189 Time: 960070317379
Position: 38.9267 27.2433 -1109.35 Orientation: -0.0379686 0.0823042 0 0.995884 Time: 960162272138
Position: 31.27 28.1467 -1102.73 Orientation: -0.0344031 0.0779737 0.00313362 0.996357 Time: 960280741034
Position: 27.46 29.43 -1098.87 Orientation: -0.0288029 0.0730074 0.00530054 0.996901 Time: 960377280942
Position: 23.1033 30.92 -1093.23 Orientation: -0.0161348 0.0645393 0.0135346 0.997693 Time: 960501352541
Position: 19.1733 33.64 -1088.56 Orientation: -0.00140012 0.0615387 0.0208018 0.997887 Time: 960597602892
Position: 14.5567 38.26 -1085.44 Orientation: 0.0109008 0.0672381 0.0318022 0.99717 Time: 960721852795
Position: 12.19 41.1033 -1080.81 Orientation: 0.0247345 0.0709033 0.0398685 0.996379 Time: 960815799145
Position: 8.04 44.8667 -1073.74 Orientation: 0.0386372 0.0731074 0.0560057 0.995 Time: 960934068664
Position: 5.73333 43.5467 -1070 Orientation: 0.0532707 0.0711054 0.0641716 0.993976 Time: 961029799017
Position: 4.64667 40.7067 -1069.54 Orientation: 0.0665065 0.0726071 0.0773409 0.992131 Time: 961150002380
Position: 4.00667 35.23 -1070.7 Orientation: 0.0838737 0.0711393 0.0896409 0.989883 Time: 961244996115
Position: 1.48667 27.3167 -1073.63 Orientation: 0.100576 0.0709402 0.10561 0.986762 Time: 961363415339
Position: -0.323333 19.08 -1077.3 Orientation: 0.113711 0.0679731 0.119745 0.983926 Time: 961459689363
Position: -0.123333 8.12667 -1082.36 Orientation: 0.132809 0.0642377 0.137409 0.979466 Time: 961579342350
Position: 0.256667 1.28667 -1085.82 Orientation: 0.14414 0.0590693 0.14974 0.976377 Time: 961697574784
Position: 1.58333 -7.49 -1089.06 Orientation: 0.159715 0.0538052 0.158549 0.972861 Time: 961795570549
Position: 3.02667 -14.64 -1092.92 Orientation: 0.172184 0.048905 0.165684 0.969799 Time: 961891552827
Position: 5.04667 -20.66 -1098.84 Orientation: 0.177111 0.0521367 0.176511 0.966828 Time: 962011364550
Position: 5.29667 -29.54 -1104.01 Orientation: 0.189605 0.0480013 0.185272 0.963027 Time: 962105076080
Position: 6.16 -43.59 -1110.37 Orientation: 0.207877 0.0357684 0.194709 0.957912 Time: 962227926505
Position: 7.47333 -52.7967 -1114.89 Orientation: 0.214485 0.035403 0.203917 0.954547 Time: 962327507442
Position: 7.86333 -63.0433 -1117.31 Orientation: 0.22402 0.0329029 0.212419 0.950584 Time: 962426428666
Position: 6.75333 -73.6267 -1117.86 Orientation: 0.235978 0.0301014 0.219444 0.946178 Time: 962547618519
Position: 6.26333 -82.61 -1117.03 Orientation: 0.242882 0.0312687 0.227181 0.94256 Time: 962667633314
Position: 5.25667 -89.8467 -1115.95 Orientation: 0.250285 0.0329358 0.233684 0.93897 Time: 962761886053
Position: 4.70667 -97.5033 -1111.46 Orientation: 0.257855 0.0366698 0.23792 0.935714 Time: 962883035812
Position: 3.53333 -103.24 -1107.08 Orientation: 0.261131 0.0401048 0.239562 0.934244 Time: 962979046006
Position: -0.363333 -110.7 -1102.59 Orientation: 0.266359 0.0410373 0.241257 0.93229 Time: 963101777789
Position: -2.64 -115.463 -1098.67 Orientation: 0.269321 0.0417699 0.244452 0.930572 Time: 963199507945
Position: -4.48 -121.827 -1092.52 Orientation: 0.276153 0.0443032 0.246784 0.927833 Time: 963317599158
Position: -6.05333 -125.42 -1087.33 Orientation: 0.281086 0.0472032 0.24795 0.925896 Time: 963410474861
Position: -8.18333 -126.283 -1079.79 Orientation: 0.283548 0.0487358 0.247646 0.925147 Time: 963530787560
Position: -11.0633 -126.827 -1073.41 Orientation: 0.288845 0.0501686 0.245876 0.923903 Time: 963649774402
Position: -13.0233 -125.82 -1068.75 Orientation: 0.290049 0.0502695 0.24488 0.923785 Time: 963744848874
Position: -15.6167 -121.837 -1063.23 Orientation: 0.290464 0.0511721 0.241993 0.924365 Time: 963868323844
Position: -16.2933 -116.03 -1059.96 Orientation: 0.289053 0.0533703 0.238216 0.925663 Time: 963968615262
Position: -15.43 -107.94 -1057.8 Orientation: 0.285716 0.0560699 0.23278 0.92792 Time: 964066215828
Position: -13.7733 -94.9067 -1056.82 Orientation: 0.279385 0.0570037 0.224348 0.93186 Time: 964185552710
Position: -13.83 -84.4633 -1057.33 Orientation: 0.274951 0.0562035 0.217014 0.934959 Time: 964282949383
Position: -14.5667 -73.38 -1058.24 Orientation: 0.269948 0.0526695 0.209711 0.938283 Time: 964404215183
Position: -14.83 -66.0533 -1058.92 Orientation: 0.267019 0.0492701 0.204448 0.940465 Time: 964497664251
Position: -14.63 -55.6633 -1059.8 Orientation: 0.261944 0.0498354 0.197041 0.943439 Time: 964616715546
Position: -15.1333 -42.3433 -1061.27 Orientation: 0.253557 0.0507048 0.188318 0.947457 Time: 964739057057
Position: -15.6033 -33.0167 -1061.91 Orientation: 0.24709 0.0531051 0.183418 0.949992 Time: 964833681184
Position: -16.4 -23.76 -1061.97 Orientation: 0.240588 0.0528046 0.178649 0.952583 Time: 964951352158
Position: -17.2567 -16.78 -1062.52 Orientation: 0.236783 0.053737 0.175512 0.954066 Time: 965048564504
Position: -18.6533 -7.93667 -1064.02 Orientation: 0.230377 0.0529024 0.171674 0.956376 Time: 965174982935
Position: -19.7833 -1.67333 -1065.11 Orientation: 0.225787 0.0511379 0.168749 0.958086 Time: 965271211939
Position: -21.4833 7.44667 -1066 Orientation: 0.219422 0.0497717 0.16455 0.960364 Time: 965388656029
Position: -22.85 13.5733 -1066.07 Orientation: 0.215575 0.0495686 0.16224 0.961638 Time: 965481830457
Position: -24.9533 20.4 -1065.73 Orientation: 0.211579 0.0485695 0.160176 0.962922 Time: 965602285882
Position: -25.9233 25.78 -1064.65 Orientation: 0.206881 0.0505701 0.159411 0.963966 Time: 965698327139
Position: -27.16 33.2433 -1061.96 Orientation: 0.203378 0.0512694 0.156908 0.965085 Time: 965823041072
Position: -27.7667 37.2367 -1059.92 Orientation: 0.202782 0.0507372 0.155245 0.965507 Time: 965919612590
Position: -30.0167 43.6267 -1055.22 Orientation: 0.202681 0.0491034 0.151977 0.966133 Time: 966039882321
Position: -32.32 47.1233 -1051.68 Orientation: 0.201646 0.0500032 0.151176 0.966429 Time: 966136790058
Position: -34.5567 50.46 -1047.4 Orientation: 0.20184 0.0512684 0.150472 0.966432 Time: 966256273498
Position: -36.7633 53.2733 -1044.01 Orientation: 0.201821 0.0493717 0.149415 0.966698 Time: 966351945694
Position: -39.4167 55.3833 -1039.8 Orientation: 0.20348 0.0486699 0.149343 0.966397 Time: 966477803622
Position: -41.2367 56.4 -1036.85 Orientation: 0.205413 0.0482697 0.149443 0.965993 Time: 966575067421
Position: -43.43 56.98 -1033.6 Orientation: 0.207943 0.0463356 0.149007 0.965613 Time: 966692685164
Position: -46.45 57.0967 -1028.84 Orientation: 0.210579 0.0452694 0.149876 0.964958 Time: 966809387847
Position: -49.1767 57.2833 -1024.25 Orientation: 0.212879 0.0453026 0.150275 0.96439 Time: 966903582565
Position: -53.9533 57.4 -1017.89 Orientation: 0.215447 0.0435027 0.150543 0.96386 Time: 967025144490
Position: -58.4267 57.8667 -1011.8 Orientation: 0.216486 0.047671 0.152514 0.96312 Time: 967146703131
Position: -60.87 58 -1006.79 Orientation: 0.218273 0.0499349 0.152971 0.962529 Time: 967242177591
Position: -63.0867 58.5167 -1000.54 Orientation: 0.220273 0.0540681 0.153337 0.961792 Time: 967339585074
Position: -65.89 60.1 -991.66 Orientation: 0.222326 0.0556066 0.152818 0.961314 Time: 967472705181
Position: -69.3267 60.7433 -984.113 Orientation: 0.224786 0.0565048 0.152446 0.960749 Time: 967588797687
Position: -72.93 60.6 -978.68 Orientation: 0.226708 0.0549019 0.152172 0.960434 Time: 967684530778
Position: -76.69 59.8633 -974.063 Orientation: 0.227609 0.0543687 0.152472 0.960203 Time: 967780869665
Position: -81.3233 59.82 -967.883 Orientation: 0.227115 0.0540036 0.15421 0.960063 Time: 967901410890
Position: -84.3 59.5933 -961.263 Orientation: 0.227049 0.0550037 0.154777 0.959931 Time: 967997966671
Position: -87.29 59.3 -952.833 Orientation: 0.226921 0.0567387 0.155415 0.959757 Time: 968122049080
Position: -89.16 59.18 -947.15 Orientation: 0.227547 0.0587034 0.156243 0.959356 Time: 968243890436
Position: -91.2567 58.63 -941.723 Orientation: 0.229514 0.060537 0.156743 0.958692 Time: 968338799193
Position: -93.7667 57.8933 -934.99 Orientation: 0.231784 0.060938 0.156212 0.958207 Time: 968458327380
Position: -96.44 56.7467 -928.607 Orientation: 0.23168 0.0635704 0.158676 0.957656 Time: 968554783541
Position: -99.4067 52.2833 -918.963 Orientation: 0.236623 0.0647729 0.161115 0.955958 Time: 968676018278
Position: -101.087 47.1633 -911.763 Orientation: 0.243152 0.0646717 0.163179 0.953974 Time: 968772718017
Position: -101.55 42.6 -907.3 Orientation: 0.246809 0.0675025 0.167806 0.952035 Time: 968870000426
Position: -102.097 35.8333 -904.817 Orientation: 0.254388 0.0645721 0.170214 0.949813 Time: 968989899043
Position: -102.763 29.8067 -905.58 Orientation: 0.258445 0.0627029 0.174608 0.948044 Time: 969109564345
Position: -102.16 24.6067 -908.447 Orientation: 0.261357 0.0614723 0.177683 0.946754 Time: 969204168630
Position: -99.8 18.0533 -914.65 Orientation: 0.26529 0.0569718 0.179216 0.945652 Time: 969324462855
Position: -95.9767 13.5733 -919.8 Orientation: 0.267788 0.0545378 0.179815 0.944977 Time: 969420589912
Position: -91.8433 9.15 -925.6 Orientation: 0.269251 0.0545369 0.182078 0.944128 Time: 969541024537
Position: -90.2467 5.28667 -931.793 Orientation: 0.268517 0.0512698 0.183945 0.944158 Time: 969638064874
Position: -88.9333 2.21667 -937.273 Orientation: 0.265453 0.0509038 0.185847 0.944671 Time: 969735024885
Position: -86.1867 -2.6 -941.853 Orientation: 0.265363 0.0503056 0.187988 0.944305 Time: 969858349192
Position: -83.8233 -6.26667 -944.143 Orientation: 0.266385 0.0507035 0.187813 0.944031 Time: 969954486923
Position: -82.46 -12.64 -945.267 Orientation: 0.27002 0.0506371 0.193081 0.941937 Time: 970076529299
Position: -82.04 -18.8 -943.717 Orientation: 0.274356 0.0513042 0.196316 0.939977 Time: 970174455137
Position: -83.4767 -25.6967 -938.84 Orientation: 0.278095 0.0514053 0.199987 0.938097 Time: 970297753992
Position: -84.9133 -31.4767 -932.93 Orientation: 0.281393 0.0521383 0.203319 0.936355 Time: 970393504051
Position: -86.0767 -36.9033 -926.213 Orientation: 0.285659 0.052338 0.204852 0.934717 Time: 970493364965
Position: -87.28 -43.33 -917.87 Orientation: 0.293115 0.0509026 0.20411 0.932648 Time: 970616638777
Position: -87.1333 -48.0367 -911.623 Orientation: 0.296758 0.0538712 0.206151 0.930878 Time: 970709994930
Position: -86.4 -56.6467 -901.843 Orientation: 0.30557 0.05634 0.207791 0.92751 Time: 970830711312
Position: -85.6433 -62.7367 -894.613 Orientation: 0.310191 0.0591381 0.209683 0.925374 Time: 970926718496
Position: -83.8467 -70.0467 -885.623 Orientation: 0.315997 0.0632728 0.21192 0.922622 Time: 971046830586
Position: -81.84 -77.73 -876.75 Orientation: 0.320622 0.0668047 0.215415 0.919965 Time: 971165401019
Position: -80.2033 -82.4967 -871.237 Orientation: 0.32416 0.0700057 0.217018 0.918108 Time: 971259351338
Position: -77.7567 -86.58 -865.667 Orientation: 0.328301 0.0717742 0.21829 0.916197 Time: 971357128977
Position: -73.7467 -87.7333 -859.847 Orientation: 0.331293 0.0734058 0.217384 0.915205 Time: 971479388657
Position: -70.3833 -86.3333 -856.483 Orientation: 0.332258 0.0728053 0.214716 0.915533 Time: 971573341029
Position: -66.8733 -81.8233 -853.607 Orientation: 0.331959 0.0710056 0.210016 0.916872 Time: 971692869352
Position: -64.0567 -77.1633 -851.643 Orientation: 0.331163 0.0696395 0.206118 0.918149 Time: 971788753242
Position: -58.98 -70.2133 -848.757 Orientation: 0.329567 0.0701071 0.20082 0.91986 Time: 971912186201
Position: -55.1133 -63.3433 -846.567 Orientation: 0.326217 0.0707703 0.196277 0.921981 Time: 972007392588
Position: -50.28 -52.7633 -844.387 Orientation: 0.320196 0.0715399 0.189951 0.925351 Time: 972129022934
Position: -45.8967 -43.8867 -842.14 Orientation: 0.313355 0.0721718 0.18538 0.928566 Time: 972226549059
Position: -40.2833 -32.6333 -839.93 Orientation: 0.306251 0.0719708 0.178177 0.932354 Time: 972350942645
Position: -37.2733 -21.59 -839.507 Orientation: 0.298514 0.0721701 0.171575 0.936078 Time: 972446228401
Position: -32.9067 -8.60333 -841.387 Orientation: 0.289164 0.0687407 0.162951 0.940801 Time: 972569504403
Position: -30.53 0.22 -844.91 Orientation: 0.283426 0.066006 0.157181 0.94372 Time: 972665528145
Position: -27.6533 8.62333 -849.363 Orientation: 0.275163 0.0654071 0.15415 0.946702 Time: 972784959858
Position: -25.1667 16.27 -855.237 Orientation: 0.266948 0.0619034 0.151042 0.949786 Time: 972880308013
Position: -22.9433 23.4933 -862.813 Orientation: 0.257413 0.0564696 0.148941 0.953082 Time: 972996454709
Position: -19.76 28.13 -869.397 Orientation: 0.251223 0.0543717 0.14678 0.955189 Time: 973092797975
Position: -15.11 31.52 -876.18 Orientation: 0.24362 0.0528043 0.145912 0.957377 Time: 973214129597
Position: -11.7533 30.9133 -880.75 Orientation: 0.241914 0.0494362 0.145042 0.958121 Time: 973307887243
Position: -5.26333 28.84 -885.757 Orientation: 0.239016 0.0492033 0.14501 0.958865 Time: 973425481859
Position: 0.27 25.7033 -886.887 Orientation: 0.238989 0.0491712 0.144913 0.958888 Time: 973524320431
Position: 7.76333 20.6833 -885.49 Orientation: 0.240855 0.049171 0.143379 0.958652 Time: 973644187711
Position: 14.3833 15.8833 -883.41 Orientation: 0.242477 0.053769 0.14374 0.957942 Time: 973743270681
Position: 21.33 10.36 -879.77 Orientation: 0.24581 0.0557023 0.142006 0.95724 Time: 973864003621
Position: 25.5733 5.5 -876.133 Orientation: 0.248481 0.0552366 0.141475 0.956656 Time: 973957499625
Position: 31.68 -3.43 -869.05 Orientation: 0.254556 0.0580719 0.141046 0.954953 Time: 974079792695
Position: 35.36 -10.9233 -862.803 Orientation: 0.258412 0.0616363 0.143374 0.953346 Time: 974174836241
Position: 38.11 -21.0533 -856.24 Orientation: 0.265186 0.0640714 0.146344 0.95087 Time: 974297541614
Position: 39.2867 -30.3533 -851.74 Orientation: 0.270856 0.0633387 0.148313 0.949014 Time: 974394012827
Position: 40.1867 -40.04 -847.89 Orientation: 0.275294 0.0644397 0.152315 0.947027 Time: 974489966506
Position: 39.9833 -53.5233 -844.137 Orientation: 0.283162 0.0646733 0.157949 0.943763 Time: 974616712672
Position: 39.0767 -60.0967 -842.59 Orientation: 0.286352 0.0656042 0.161544 0.942127 Time: 974709129955
Position: 37.09 -72.8233 -841.143 Orientation: 0.293025 0.0684059 0.168515 0.938648 Time: 974826474973
Position: 33.4967 -81.05 -841.967 Orientation: 0.295515 0.06727 0.174542 0.936846 Time: 974922821250
Position: 29.1367 -89.24 -844.957 Orientation: 0.298429 0.0646062 0.179751 0.935124 Time: 975046873828
Position: 25.2967 -93.3267 -848.987 Orientation: 0.298259 0.063572 0.184049 0.934412 Time: 975141600311
Position: 21.03 -95.86 -855.2 Orientation: 0.296034 0.0603068 0.187721 0.934606 Time: 975261702412
Position: 16.57 -97.7767 -862.867 Orientation: 0.294525 0.0567049 0.190983 0.934647 Time: 975379423059
Position: 12.1933 -99.18 -869.767 Orientation: 0.291696 0.053872 0.195219 0.934827 Time: 975479142753
Position: 7.55333 -100.11 -877.39 Orientation: 0.288692 0.0502377 0.198917 0.935182 Time: 975573358955
Position: 2.83 -99.9967 -886.61 Orientation: 0.285762 0.0453046 0.201121 0.935862 Time: 975692701995
Position: -0.2 -97.7033 -894.387 Orientation: 0.281477 0.0420016 0.202107 0.937101 Time: 975787999929
Position: -2.39333 -93.7767 -902.447 Orientation: 0.276163 0.036904 0.200989 0.939136 Time: 975909666265
Position: -2.02333 -88.1433 -909.743 Orientation: 0.270284 0.0337355 0.198646 0.941461 Time: 976005950963
Position: 3.26 -78.59 -916.823 Orientation: 0.262421 0.0324692 0.193115 0.944874 Time: 976129913225
Position: 10.7367 -71.0267 -919 Orientation: 0.259248 0.0298684 0.184844 0.947487 Time: 976227105867
Position: 21.6133 -62.4433 -918.79 Orientation: 0.258089 0.0293692 0.174115 0.949848 Time: 976350098470
Position: 31.5967 -55.17 -916.933 Orientation: 0.256185 0.0324356 0.166079 0.951701 Time: 976445997549
Position: 45.4833 -47.3067 -912.737 Orientation: 0.256181 0.0369687 0.156342 0.953185 Time: 976566306964
Position: 54.15 -43.3 -909.73 Orientation: 0.257016 0.0409025 0.151009 0.953659 Time: 976660499082
Position: 68.9167 -38.1833 -904.497 Orientation: 0.259456 0.0466041 0.142913 0.953985 Time: 976793868377
Position: 78.9633 -34.5567 -901.447 Orientation: 0.262321 0.0487372 0.135511 0.954175 Time: 976888843366
Position: 85.74 -29.9267 -899.903 Orientation: 0.261614 0.0515028 0.130274 0.954952 Time: 976984902275
Position: 93.5467 -22.6 -900.1 Orientation: 0.257812 0.0569359 0.123506 0.956576 Time: 977109084579
Position: 99.71 -13.07 -903.357 Orientation: 0.251747 0.0616701 0.11694 0.958721 Time: 977232507959
Position: 101.373 -4.64333 -907.92 Orientation: 0.244614 0.0633703 0.11304 0.960922 Time: 977332508862
Position: 98.9433 4.05333 -916.143 Orientation: 0.238285 0.0609046 0.109842 0.96304 Time: 977451419347
Position: 93.97 10.8 -924.983 Orientation: 0.230425 0.0603066 0.111145 0.964839 Time: 977549378027
Position: 83.8667 17.8767 -938.013 Orientation: 0.221746 0.05667 0.114573 0.96669 Time: 977674429137
Position: 75.45 23.08 -947.963 Orientation: 0.214386 0.052138 0.116944 0.96832 Time: 977772337871
Position: 66.7067 28.0067 -958.487 Orientation: 0.206019 0.0494379 0.119844 0.969922 Time: 977891034882
Position: 60.0233 30.61 -966.593 Orientation: 0.199483 0.0475707 0.12251 0.971048 Time: 977985930229
Position: 54.1467 31.2233 -974.253 Orientation: 0.194347 0.0440032 0.124242 0.972037 Time: 978106192707
Position: 48.25 30.17 -981.927 Orientation: 0.190943 0.0382686 0.124806 0.972882 Time: 978205984380
Position: 42.8367 27.5367 -989.717 Orientation: 0.185515 0.0336027 0.127077 0.97381 Time: 978304575131
Position: 38.0533 20.2667 -998.127 Orientation: 0.18174 0.0265343 0.130638 0.974269 Time: 978422571240
Position: 37.01 11.7133 -1000.89 Orientation: 0.179751 0.0238356 0.13418 0.974227 Time: 978540452129
Position: 38.2067 2.58667 -1000.61 Orientation: 0.180805 0.0259674 0.137871 0.973461 Time: 978638087043
Position: 41.27 -7.03333 -997.78 Orientation: 0.183081 0.0284355 0.140844 0.972541 Time: 978754719937
Position: 47.46 -16.99 -992.053 Orientation: 0.186219 0.0322366 0.141948 0.971666 Time: 978854102179
Position: 54.6333 -28.1033 -984.35 Orientation: 0.192974 0.0359014 0.141806 0.970239 Time: 978949956374
Position: 66.6167 -42.0633 -971.413 Orientation: 0.201981 0.0421029 0.14011 0.968401 Time: 979071478615
Position: 78.61 -54.02 -958.79 Orientation: 0.211549 0.0467368 0.13641 0.966672 Time: 979190456152
Position: 89.99 -63.46 -947.46 Orientation: 0.220816 0.0537038 0.132343 0.964801 Time: 979283747990
Position: 101.143 -72.3167 -935.517 Orientation: 0.228254 0.0621055 0.129978 0.962886 Time: 979404432350
Position: 110.15 -83.1467 -925.01 Orientation: 0.238647 0.0656372 0.127774 0.960423 Time: 979502606009
Position: 119.157 -96.7133 -914.78 Orientation: 0.252183 0.0697713 0.125275 0.956996 Time: 979625521844
Position: 123.18 -106.877 -910.31 Orientation: 0.259477 0.0743029 0.128272 0.954305 Time: 979720779136
Position: 121.773 -118.05 -909.49 Orientation: 0.265327 0.0765745 0.135614 0.951497 Time: 979842644576
Position: 113.95 -126.587 -913.377 Orientation: 0.269527 0.0726407 0.141748 0.949729 Time: 979937412797
Position: 102.33 -133.02 -921.92 Orientation: 0.269219 0.0666047 0.151411 0.948767 Time: 980057495876
Position: 94.0367 -136.213 -929.557 Orientation: 0.267228 0.0614731 0.157817 0.948633 Time: 980151664594
Position: 81.5233 -138.68 -942.703 Orientation: 0.262984 0.0524035 0.165444 0.949063 Time: 980276502916
Position: 72.89 -139.633 -953.173 Orientation: 0.259981 0.0456024 0.170109 0.949417 Time: 980374102524
Position: 63.7767 -139.01 -966.12 Orientation: 0.252379 0.040302 0.175209 0.95078 Time: 980492734125
Position: 53.5667 -137.47 -982.45 Orientation: 0.246119 0.0295022 0.17938 0.952039 Time: 980614779785
Position: 48.46 -133.973 -993.67 Orientation: 0.237788 0.022202 0.18025 0.954187 Time: 980711633607
Position: 46.02 -130.32 -1001.71 Orientation: 0.232222 0.0179017 0.180017 0.955691 Time: 980807426498
Position: 48.9067 -122.993 -1007.51 Orientation: 0.225385 0.016068 0.175415 0.958213 Time: 980926288129
Position: 58.2067 -112.827 -1008.32 Orientation: 0.220217 0.0192348 0.165546 0.961108 Time: 981042856297
Position: 69.6267 -103.06 -1005.41 Orientation: 0.217253 0.0262357 0.155114 0.963355 Time: 981138497841
Position: 82.97 -93.25 -1000.29 Orientation: 0.215282 0.0347359 0.142977 0.965404 Time: 981232822010
Position: 97.1933 -84.2267 -994.23 Orientation: 0.214777 0.0430354 0.129773 0.967046 Time: 981353189857
Position: 114.64 -73.1233 -986.267 Orientation: 0.21491 0.0518357 0.113672 0.96861 Time: 981471942837
Position: 126 -65.7633 -981.907 Orientation: 0.213751 0.057638 0.103808 0.969645 Time: 981566306554
Position: 136.473 -57.8867 -979.187 Orientation: 0.210619 0.0660392 0.0951085 0.970687 Time: 981682726386
Position: 142.39 -52.9467 -977.993 Orientation: 0.209016 0.0669385 0.0887401 0.971574 Time: 981779513018
Position: 149.393 -46.28 -977.623 Orientation: 0.205686 0.0701064 0.0811741 0.972723 Time: 981899831876
Position: 153.173 -39.87 -978.467 Orientation: 0.200849 0.0696388 0.0752392 0.974243 Time: 981995004737
Position: 156.293 -31.0933 -981.017 Orientation: 0.19315 0.0713395 0.070206 0.976051 Time: 982112279828
Position: 156.233 -25.0067 -984.093 Orientation: 0.187948 0.0687719 0.0670051 0.977475 Time: 982210046109
Position: 154.633 -19.5533 -987.94 Orientation: 0.182377 0.0650369 0.0650035 0.97892 Time: 982328442207
Position: 151.203 -13.3 -993.233 Orientation: 0.174779 0.0642713 0.0657714 0.980304 Time: 982447845046
Position: 147.057 -9.48333 -998.53 Orientation: 0.170118 0.0619399 0.066807 0.981203 Time: 982543321422
Position: 140.807 -3.51333 -1006.79 Orientation: 0.159905 0.0613686 0.0705022 0.982697 Time: 982664364991
Position: 137.35 -0.143333 -1013.32 Orientation: 0.153045 0.0602713 0.0725389 0.983709 Time: 982759090928
Position: 134.377 2.40333 -1020.55 Orientation: 0.146708 0.057403 0.0742372 0.984719 Time: 982855920529
Position: 132 4.02667 -1029.79 Orientation: 0.139938 0.0520351 0.0751359 0.985933 Time: 982979939033
Position: 132.217 3.15667 -1039.62 Orientation: 0.132009 0.04747 0.0754053 0.987236 Time: 983105370426
Position: 133.59 0.936667 -1044.34 Orientation: 0.130139 0.0473353 0.0747365 0.987541 Time: 983201204095
Position: 138.533 -4.21667 -1052.28 Orientation: 0.126744 0.0457704 0.0739727 0.988114 Time: 983324972864
Position: 143.253 -8.41667 -1056.45 Orientation: 0.125011 0.0454707 0.0739065 0.988353 Time: 983419842347
Position: 149.863 -12.3633 -1058.95 Orientation: 0.122173 0.0444691 0.0711706 0.988954 Time: 983537763877
Position: 157.533 -15.0933 -1058.11 Orientation: 0.118776 0.0427365 0.0679051 0.989674 Time: 983635776884
Position: 169.823 -21.09 -1053.9 Orientation: 0.121209 0.0439365 0.0626712 0.989672 Time: 983756202204
Position: 176.277 -24.2367 -1050.49 Orientation: 0.122674 0.0444692 0.0596034 0.989657 Time: 983851460727
Position: 187.577 -30.46 -1042.53 Orientation: 0.128572 0.0500022 0.0550024 0.98891 Time: 983974997823
Position: 194.243 -33.8667 -1035.46 Orientation: 0.133274 0.0560698 0.0514029 0.988156 Time: 984070947260
Position: 198.85 -35.8867 -1026.02 Orientation: 0.136406 0.0553024 0.045902 0.988043 Time: 984196278485
Position: 201.147 -36.5233 -1017.34 Orientation: 0.13887 0.055268 0.042401 0.987858 Time: 984291140578
Position: 202.143 -35.4167 -1005.62 Orientation: 0.137773 0.0589361 0.0412686 0.987847 Time: 984411454236
Position: 200.327 -34.9967 -997.067 Orientation: 0.138277 0.0594379 0.0413698 0.987742 Time: 984505917573
Position: 196.737 -34.4467 -987.057 Orientation: 0.137803 0.0610348 0.0418677 0.98769 Time: 984627980339
Position: 193.927 -34.4767 -979.663 Orientation: 0.137602 0.0610343 0.0434674 0.987649 Time: 984722637855
Position: 189.883 -34.5 -969.113 Orientation: 0.136878 0.0645388 0.046604 0.987384 Time: 984844080317
Position: 183.73 -34.6633 -956.723 Orientation: 0.138809 0.0650373 0.049103 0.986961 Time: 984964751405
Position: 177.46 -33.8633 -946.98 Orientation: 0.138305 0.0672024 0.0533019 0.986668 Time: 985063918532
Position: 169.983 -34.14 -935.8 Orientation: 0.138975 0.0696042 0.0571368 0.986193 Time: 985180552384
Position: 163.163 -35.2067 -926.607 Orientation: 0.140644 0.0708054 0.0615047 0.985608 Time: 985279243304
Position: 155.8 -36.3067 -918.48 Orientation: 0.144343 0.0686047 0.0640377 0.985067 Time: 985377942570
Position: 147.453 -36.0367 -911.89 Orientation: 0.146136 0.0658345 0.0671678 0.984784 Time: 985498276754
Position: 138.82 -35.72 -907.103 Orientation: 0.148041 0.0640698 0.0714368 0.984315 Time: 985592939744
Position: 125.027 -34.7933 -903.583 Orientation: 0.147712 0.0589716 0.0776065 0.984216 Time: 985711871438
Position: 113.943 -34.1667 -904.04 Orientation: 0.146579 0.0529712 0.0818403 0.984383 Time: 985805643863
Position: 102.013 -33.08 -907.41 Orientation: 0.143173 0.0489021 0.0859704 0.984743 Time: 985926811412
Position: 94.7633 -32.7367 -911.363 Orientation: 0.140709 0.0450694 0.088472 0.98506 Time: 986023596813
Position: 86.0967 -32.98 -918.477 Orientation: 0.137374 0.0393353 0.0931046 0.985349 Time: 986142904001
Position: 80.72 -33.47 -926.053 Orientation: 0.134675 0.0368021 0.0958389 0.985557 Time: 986237456011
Position: 75 -33.79 -937.543 Orientation: 0.129144 0.0351028 0.100008 0.985945 Time: 986358667622
Position: 72.7467 -32.59 -947.597 Orientation: 0.122241 0.0337353 0.102739 0.986592 Time: 986454035209
Position: 71.8333 -30.2567 -959.493 Orientation: 0.115842 0.0306024 0.102308 0.987511 Time: 986574585602
Position: 72.61 -24.01 -972.613 Orientation: 0.104739 0.0280349 0.100072 0.989055 Time: 986668813572
Position: 74.6433 -13.9733 -988.627 Orientation: 0.0904734 0.0231017 0.094107 0.991173 Time: 986791602829
Position: 77.05 -3.27 -1001.66 Orientation: 0.0777367 0.0216343 0.0869038 0.992943 Time: 986885872400
Position: 81.0133 11.9467 -1017.63 Orientation: 0.0606698 0.0264347 0.0784707 0.994717 Time: 987008338847
Position: 84.0367 21.5433 -1028.96 Orientation: 0.0504022 0.0286012 0.0726031 0.995676 Time: 987115416783
Position: 87.03 29.4933 -1040.11 Orientation: 0.0420374 0.0291028 0.0676732 0.996397 Time: 987208694252
Position: 90.53 37.2767 -1052.9 Orientation: 0.0312686 0.0301352 0.0625706 0.997095 Time: 987327278643
Position: 94.0833 42.5 -1063.86 Orientation: 0.0235344 0.0263678 0.0576692 0.99771 Time: 987425784827
Position: 98.31 47.4 -1078.88 Orientation: 0.0150674 0.0229345 0.0510693 0.998318 Time: 987550768063
Position: 100.98 49.06 -1087.4 Orientation: 0.0103005 0.0226012 0.0477025 0.998553 Time: 987650674956
Position: 104.05 50.8 -1096.94 Orientation: 0.00490003 0.0217001 0.0435002 0.998806 Time: 987748927709
Position: 107.423 50.9 -1107.3 Orientation: -0.00166674 0.0179342 0.0397685 0.999047 Time: 987866286958
Position: 109.833 49.4867 -1116.16 Orientation: -0.00636684 0.0166338 0.037801 0.999127 Time: 987962085321
Position: 111.437 45.71 -1126.4 Orientation: -0.0104672 0.0166342 0.0370686 0.999119 Time: 988091357719
Position: 113.2 41.65 -1134.28 Orientation: -0.0150009 0.0159342 0.0366021 0.99909 Time: 988185687910
Position: 114.91 33.4967 -1142.32 Orientation: -0.0175013 0.0148011 0.0364027 0.999074 Time: 988304087565
Position: 114.467 25.6167 -1145.97 Orientation: -0.0172671 0.0150671 0.0385677 0.998993 Time: 988399204184
Position: 113.087 18.0367 -1146.8 Orientation: -0.0169011 0.015801 0.0416028 0.998866 Time: 988522401776
Position: 111.457 10.32 -1144.36 Orientation: -0.0133343 0.0141343 0.0433697 0.99887 Time: 988620823802
Position: 109.34 3.22667 -1137.82 Orientation: -0.00823372 0.0138007 0.0452355 0.998847 Time: 988740880470
Position: 106.107 -1.97 -1129.47 Orientation: -0.00206684 0.011901 0.0471372 0.998815 Time: 988837655061
Position: 100.577 -7.20667 -1116.41 Orientation: 0.00753373 0.0094005 0.0491359 0.998719 Time: 988957200764
Position: 95.99 -9.78333 -1105.79 Orientation: 0.014667 0.00666683 0.0505679 0.998591 Time: 989053710977
Position: 89.7233 -12.4967 -1093.32 Orientation: 0.0243014 0.00423358 0.0529697 0.998291 Time: 989175568480
Position: 84.6567 -14.4333 -1084.49 Orientation: 0.0316351 0.00233346 0.054903 0.997988 Time: 989270106670
Position: 76.6067 -17.47 -1072.14 Orientation: 0.0417693 0.00333354 0.0592704 0.997362 Time: 989389961908
Position: 69.1133 -20.4833 -1061.49 Orientation: 0.0504021 0.00440018 0.0638693 0.996675 Time: 989486166417
Position: 59.6967 -25.7467 -1048.01 Orientation: 0.0636049 0.0102341 0.0721722 0.995309 Time: 989605854161
Position: 53.0633 -30.55 -1039.05 Orientation: 0.0752382 0.0113007 0.0777717 0.994064 Time: 989702196196
Position: 47.1167 -35.65 -1031.51 Orientation: 0.0847712 0.0118006 0.0831711 0.992853 Time: 989820931113
Position: 41.8067 -41.7933 -1026.37 Orientation: 0.0945701 0.0117671 0.0878031 0.991569 Time: 989917089643
Position: 36.94 -48.4833 -1024.36 Orientation: 0.100206 0.012034 0.0928052 0.990556 Time: 990044416428
Position: 33.7067 -52.6267 -1026.45 Orientation: 0.100144 0.0141681 0.0959432 0.990235 Time: 990143978207
Position: 30.6333 -58.2767 -1033.01 Orientation: 0.0993391 0.010934 0.097639 0.990191 Time: 990263539099
Position: 30.0233 -61.6667 -1039.15 Orientation: 0.0964695 0.0109003 0.0981029 0.99043 Time: 990358990158
Position: 31.07 -64.3267 -1045.02 Orientation: 0.0919043 0.00976712 0.0967045 0.991013 Time: 990457882782
Position: 33.9967 -66.3267 -1052.71 Orientation: 0.0862045 0.00956716 0.0936715 0.991818 Time: 990579106982
Position: 36.7667 -67.6567 -1060.38 Orientation: 0.0795054 0.00903394 0.0909728 0.992633 Time: 990674509874
Position: 39.5267 -69.6367 -1068.18 Orientation: 0.0741705 0.00783374 0.0880712 0.993318 Time: 990792926908
Position: 42.3033 -72.2133 -1078.86 Orientation: 0.0658364 0.00606694 0.0850706 0.994179 Time: 990909475097
Position: 43.2733 -74.94 -1086.97 Orientation: 0.0572018 0.00620019 0.0840693 0.994797 Time: 991003963477
Position: 43.0767 -79.4267 -1094.4 Orientation: 0.0523048 0.00446708 0.0842745 0.995059 Time: 991098327057
Position: 43.19 -85.97 -1100.65 Orientation: 0.0480376 0.0011001 0.0842075 0.995289 Time: 991220337275
Position: 44.42 -91.3 -1103.98 Orientation: 0.0449035 0.000500039 0.0829065 0.995545 Time: 991338521268
Position: 45.0467 -96.39 -1106.22 Orientation: 0.041169 0.0036002 0.082638 0.995722 Time: 991433984096
Position: 46.2167 -101.603 -1106.9 Orientation: 0.0405677 0.00353343 0.0808688 0.995893 Time: 991530774697
Position: 46.7733 -108.917 -1105.51 Orientation: 0.0402707 0.00480048 0.0808747 0.995899 Time: 991650486252
Position: 46.3033 -114.917 -1103.14 Orientation: 0.0420029 0.0028002 0.0816724 0.99577 Time: 991766833695
Position: 44.69 -120.813 -1100.29 Orientation: 0.0437696 0.0019668 0.0832388 0.995566 Time: 991864565492
Position: 42.2033 -127.35 -1095.68 Orientation: 0.0479023 -0.000866708 0.0847708 0.995248 Time: 991985827461
Position: 40.3033 -131.97 -1091 Orientation: 0.0512045 -0.00236688 0.086241 0.994955 Time: 992079572517
Position: 37.7067 -135.787 -1086.35 Orientation: 0.0553354 -0.00573355 0.0875699 0.994604 Time: 992178057216
Position: 34.18 -139.487 -1079.27 Orientation: 0.0590698 -0.00630034 0.0901715 0.994153 Time: 992301936279
Position: 30.44 -142.41 -1071.99 Orientation: 0.0638389 -0.00766734 0.0930081 0.993587 Time: 992419648853
Position: 26.4167 -144.117 -1065.45 Orientation: 0.0673365 -0.00846707 0.0958379 0.993081 Time: 992536833492
Position: 21.7967 -145.473 -1059.26 Orientation: 0.0718708 -0.0093672 0.098539 0.99249 Time: 992632502404
Position: 16.0833 -145.947 -1051.4 Orientation: 0.0767387 -0.0107341 0.101607 0.991802 Time: 992752677303
Position: 11.9367 -145.56 -1045.57 Orientation: 0.0806688 -0.0122003 0.103669 0.99126 Time: 992848581445
Position: 8.1 -144.63 -1040.56 Orientation: 0.0831043 -0.0148008 0.105305 0.990851 Time: 992945015301
Position: 2.47333 -142.77 -1033.27 Orientation: 0.0869056 -0.0144343 0.107474 0.990297 Time: 993068531734
Position: -2.45333 -140.78 -1026.93 Orientation: 0.0892022 -0.0145337 0.109603 0.989858 Time: 993165446997
Position: -8.43667 -138.317 -1019.62 Orientation: 0.0932393 -0.0131675 0.112641 0.989164 Time: 993287848856
Position: -13.95 -136.753 -1013.45 Orientation: 0.0988381 -0.0156341 0.115272 0.988281 Time: 993386075062
Position: -21.3 -134.793 -1005.84 Orientation: 0.105705 -0.0149007 0.120306 0.986981 Time: 993504679842
Position: -26.8333 -133.733 -1000.13 Orientation: 0.113105 -0.0160674 0.124572 0.985612 Time: 993601581422
Position: -33.6033 -132.263 -993.41 Orientation: 0.121307 -0.0164009 0.130041 0.983923 Time: 993726287144
Position: -39.1533 -131.047 -987.57 Orientation: 0.12874 -0.0150008 0.134607 0.982386 Time: 993821665130
Position: -43.54 -128.77 -980.57 Orientation: 0.137409 -0.0123008 0.139509 0.980563 Time: 993942668195
Position: -46.2633 -125.857 -976.137 Orientation: 0.14258 -0.011301 0.14238 0.979424 Time: 994041752534
Position: -49.21 -119.477 -970.407 Orientation: 0.148142 -0.00800047 0.146042 0.978091 Time: 994161666614
Position: -52.02 -113.6 -967.93 Orientation: 0.153339 -0.0105337 0.147139 0.977101 Time: 994256749023
Position: -54.6067 -105.513 -966.09 Orientation: 0.154749 -0.0081675 0.150215 0.976433 Time: 994375599434
Position: -56.46 -97.9967 -965.2 Orientation: 0.156082 -0.00680068 0.151515 0.97603 Time: 994470429096
Position: -57.6933 -87.39 -964.89 Orientation: 0.155841 -0.00710035 0.152274 0.975949 Time: 994592707113
Position: -57.0733 -79.2467 -965.597 Orientation: 0.154344 -0.00570039 0.152244 0.9762 Time: 994693533170
Position: -55.8167 -69.0867 -967.65 Orientation: 0.152678 -0.00490036 0.150711 0.976704 Time: 994817884473
Position: -54.55 -62.1433 -969.803 Orientation: 0.150213 -0.00373365 0.149679 0.97725 Time: 994910952301
Position: -52.2133 -51.9833 -973.863 Orientation: 0.144848 -0.00130013 0.147715 0.978365 Time: 995032418164
Position: -50.0233 -43.6 -978.09 Orientation: 0.14051 -0.000633378 0.14501 0.979402 Time: 995131914122
Position: -46.8067 -32.36 -984.8 Orientation: 0.134309 0.00183345 0.141176 0.98083 Time: 995249699906
Position: -44.5867 -24.38 -990.29 Orientation: 0.129911 0.00213351 0.137945 0.981881 Time: 995346547022
Position: -42.5733 -15.2733 -997.14 Orientation: 0.122805 0.00140006 0.134505 0.983273 Time: 995466026904
Position: -41.16 -9.84333 -1002.02 Orientation: 0.119044 0.000766737 0.132379 0.984024 Time: 995563021399
Position: -39.8867 -4.18667 -1008.07 Orientation: 0.115506 -0.00166675 0.12984 0.984783 Time: 995663367691
Position: -37.5333 2.89 -1015.41 Orientation: 0.10951 -0.0022002 0.127378 0.985788 Time: 995783507012
Position: -34.9433 8.28667 -1022.03 Orientation: 0.105107 -0.00193346 0.125075 0.986562 Time: 995877413404
Position: -31.6033 13.83 -1031.21 Orientation: 0.0997751 -0.00136678 0.122144 0.987484 Time: 995996997970
Position: -29.42 17.1633 -1038.35 Orientation: 0.0966733 0.00130009 0.120442 0.988001 Time: 996093933624
Position: -27.4733 19.7767 -1045.36 Orientation: 0.0917031 0.00200007 0.119404 0.9886 Time: 996211137010
Position: -24.8 22.17 -1051.89 Orientation: 0.0864032 0.00493351 0.119104 0.989103 Time: 996308238241
Position: -20.3567 24.55 -1058.74 Orientation: 0.082174 0.00730065 0.116244 0.989789 Time: 996425905110
Position: -14.1033 26.9033 -1066.32 Orientation: 0.0762354 0.00720019 0.112236 0.990727 Time: 996542150880
Position: -10.79 27.57 -1070.25 Orientation: 0.0732398 0.00766735 0.11011 0.991188 Time: 996636992310
Position: -3.09333 29.25 -1078.52 Orientation: 0.0671043 0.00716712 0.10484 0.992197 Time: 996756561960
Position: 3.61333 29.5167 -1084.6 Orientation: 0.0633043 0.00580039 0.0998734 0.992967 Time: 996852310240
Position: 11.5 30.7833 -1091.52 Orientation: 0.0584692 0.00720031 0.0931373 0.993909 Time: 996971020935
Position: 18.6933 33.0067 -1097.22 Orientation: 0.0524692 0.0112339 0.0871708 0.994747 Time: 997066208712
Position: 27.4133 36.4067 -1105.04 Orientation: 0.0441365 0.0149344 0.0791723 0.995771 Time: 997191123939
Position: 31.93 37.87 -1109.51 Orientation: 0.0408038 0.0171016 0.075107 0.996194 Time: 997288975062
Position: 37.7967 40.8433 -1115.79 Orientation: 0.0339025 0.0251685 0.0701719 0.996641 Time: 997406151490
Position: 41.69 43.9367 -1121.95 Orientation: 0.0291673 0.0279006 0.0641681 0.997122 Time: 997499109435
Position: 45.3567 47.93 -1129.3 Orientation: 0.0214012 0.0313684 0.05807 0.99759 Time: 997616467041
Position: 46.8767 49.1167 -1134.87 Orientation: 0.0208673 0.0327677 0.0537351 0.997799 Time: 997734820170
Position: 47.2833 49.7633 -1140.19 Orientation: 0.0189012 0.0332021 0.0511032 0.997962 Time: 997832003917
Position: 46.3767 49.8667 -1145.61 Orientation: 0.0160683 0.0343702 0.0505385 0.998001 Time: 997952687731
Position: 46.24 49.04 -1148.34 Orientation: 0.0183013 0.0398028 0.0483367 0.99787 Time: 998049427290
Position: 47.2067 48.6367 -1150.72 Orientation: 0.0206346 0.0457696 0.0441361 0.997763 Time: 998172631861
Position: 47.99 48.1567 -1152.43 Orientation: 0.019301 0.053736 0.0404353 0.997549 Time: 998267071799
Position: 49.04 47.7567 -1154.53 Orientation: 0.0185338 0.0689349 0.0414009 0.996589 Time: 998391669690
Position: 49.1 47.82 -1154.66 Orientation: 0.0178003 0.0675012 0.0410007 0.996717 Time: 998487427412
Position: 48.92 47.9033 -1154.55 Orientation: 0.0177346 0.068805 0.0415697 0.996606 Time: 998605289416
Position: 48.9567 48.0367 -1154.82 Orientation: 0.0184674 0.0707029 0.042035 0.99644 Time: 998700018363
Position: 49.21 48.02 -1155.09 Orientation: 0.0184346 0.0696713 0.0415694 0.996533 Time: 998821853972
Position: 49.14 48.12 -1155.12 Orientation: 0.0184672 0.0713022 0.0420346 0.996398 Time: 998919302370
Position: 49.13 48.12 -1154.99 Orientation: 0.0189014 0.0689053 0.0416032 0.996576 Time: 999037686972
Position: 49.1167 48.1133 -1155.11 Orientation: 0.0185672 0.0721353 0.0422345 0.996327 Time: 999155828681
Position: 49.1233 48.12 -1155.21 Orientation: 0.0188349 0.0737396 0.0427036 0.996185 Time: 999249557727
Position: 49.15 48.11 -1155.13 Orientation: 0.0184007 0.0732361 0.0425349 0.996237 Time: 999371119653
Position: 49.17 48.1133 -1155.13 Orientation: 0.018701 0.0701703 0.0417688 0.996485 Time: 999464892762
Position: 49.21 48.1033 -1155.01 Orientation: 0.0189671 0.0653347 0.0406675 0.996854 Time: 999584691895
Position: 49.1867 48.1 -1155 Orientation: 0.0189017 0.066206 0.0408371 0.996791 Time: 999681597170
Position: 49.23 48.0867 -1155 Orientation: 0.0189346 0.064771 0.0404693 0.996899 Time: 999800988241
Position: 49.2567 48.0767 -1155.03 Orientation: 0.018735 0.0641389 0.0402368 0.996953 Time: 999896993509
Position: 49.1967 48.0967 -1155.02 Orientation: 0.0182676 0.0669034 0.0409687 0.996751 Time: 999991091753
Position: 49.2233 48.0967 -1155 Orientation: 0.0187682 0.0659056 0.0407368 0.996817 Time: 1000114727923
Position: 49.1967 48.1067 -1155.05 Orientation: 0.0187672 0.0666352 0.0409345 0.996761 Time: 1000232764948
Position: 49.23 48.0833 -1155.1 Orientation: 0.0191349 0.0662389 0.0408368 0.996784 Time: 1000326673393
Position: 49.2133 48.24 -1154.98 Orientation: 0.0191019 0.0642065 0.0404374 0.996934 Time: 1000442934899
Position: 49.2 48.1933 -1155.02 Orientation: 0.0187676 0.0660031 0.0406686 0.996814 Time: 1000537552731
Position: 49.43 48.2233 -1155.34 Orientation: 0.0191677 0.0668704 0.0405022 0.996755 Time: 1000655396399
Position: 49.1467 48.28 -1154.98 Orientation: 0.0188673 0.0661021 0.0408346 0.996798 Time: 1000752354084
Position: 49.0933 48.2233 -1154.91 Orientation: 0.0184338 0.0658351 0.0407678 0.996827 Time: 1000874759363
Position: 49.2433 48.15 -1155.09 Orientation: 0.0185682 0.0660386 0.0407033 0.996814 Time: 1000971082651
Position: 49.35 48.2167 -1155.23 Orientation: 0.0190342 0.065503 0.0405685 0.996846 Time: 1001089040444
Position: 49.2967 48.1567 -1155.19 Orientation: 0.0186682 0.0668723 0.0408368 0.996751 Time: 1001188895748
Position: 49.2533 48.2667 -1155.14 Orientation: 0.0191012 0.0647375 0.0405026 0.996897 Time: 1001311288575
Position: 49.2133 48.1467 -1155.13 Orientation: 0.0185347 0.067805 0.0412364 0.996674 Time: 1001405933776
Position: 49.2933 48.1333 -1155.21 Orientation: 0.0191012 0.066604 0.0408358 0.99676 Time: 1001526012202
Position: 49.31 48.1933 -1155.18 Orientation: 0.0186682 0.0660054 0.04067 0.996815 Time: 1001625316582
Position: 49.2533 48.2533 -1155.13 Orientation: 0.0187007 0.0651692 0.0406016 0.996872 Time: 1001746242878
Position: 49.14 48.3133 -1155.03 Orientation: 0.0187673 0.0664688 0.0411013 0.996765 Time: 1001840215229
Position: 49.1833 48.2533 -1155.13 Orientation: 0.0189013 0.0677714 0.0412362 0.996669 Time: 1001960768496
Position: 49.2533 48.2133 -1155.11 Orientation: 0.0190009 0.0654032 0.0406687 0.996849 Time: 1002059718319
Position: 49.26 48.23 -1155.18 Orientation: 0.0188009 0.0668034 0.0409021 0.99675 Time: 1002183670045
Position: 49.22 48.21 -1155.06 Orientation: 0.0190013 0.063771 0.0403361 0.996968 Time: 1002278407613
Position: 49.1767 48.2167 -1155.07 Orientation: 0.0183343 0.067237 0.0411023 0.996721 Time: 1002399010553
Position: 49.2067 48.2167 -1155.12 Orientation: 0.0190352 0.0661064 0.0408039 0.996796 Time: 1002496987570
