Position: -120.39 -59.41 -902.08 Orientation: 0.117114 0.0351041 0.0973114 0.987716 Time: 1149825348220
Position: -120.36 -59.4233 -902.01 Orientation: 0.117503 0.0327007 0.0966021 0.987822 Time: 1149702442647
Position: -120.363 -59.4267 -901.997 Orientation: 0.117305 0.0328013 0.0966371 0.987839 Time: 1149920435144
Position: -120.36 -59.43 -902.013 Orientation: 0.117506 0.0323348 0.0964712 0.987846 Time: 1150043243285
Position: -120.37 -59.4133 -902.003 Orientation: 0.117175 0.0336023 0.0969066 0.987801 Time: 1150138539988
Position: -120.37 -59.4167 -902.023 Orientation: 0.11694 0.0336352 0.096972 0.987821 Time: 1150259634189
Position: -120.367 -59.4233 -902.01 Orientation: 0.117239 0.0327682 0.096638 0.987847 Time: 1150353636781
Position: -120.363 -59.42 -901.993 Orientation: 0.117336 0.0329674 0.0967022 0.987823 Time: 1150472547950
Position: -120.587 -59.28 -901.573 Orientation: 0.116839 0.029868 0.0974044 0.987911 Time: 1150591786991
Position: -120.32 -59.6 -902.053 Orientation: 0.117345 0.03397 0.0969429 0.987764 Time: 1150690254995
Position: -120.52 -59.4167 -901.77 Orientation: 0.117003 0.0317008 0.0971691 0.987858 Time: 1150786410241
Position: -120.477 -59.4533 -901.847 Orientation: 0.117306 0.031535 0.0969052 0.987853 Time: 1150905001064
Position: -120.71 -59.3833 -901.59 Orientation: 0.116743 0.0305692 0.097608 0.987881 Time: 1151026884567
Position: -120.583 -59.4167 -901.767 Orientation: 0.117041 0.0313354 0.097173 0.987865 Time: 1151127844045
Position: -120.59 -59.37 -901.693 Orientation: 0.117137 0.0307676 0.0972695 0.987862 Time: 1151256790212
Position: -120.46 -59.34 -901.88 Orientation: 0.117104 0.0319012 0.0972036 0.987836 Time: 1151374906195
Position: -120.3 -59.4267 -902.113 Orientation: 0.117441 0.0327023 0.09654 0.987835 Time: 1151468501409
Position: -120.743 -59.3233 -901.53 Orientation: 0.11691 0.0302691 0.097508 0.987881 Time: 1151589977125
Position: -120.44 -59.4233 -901.967 Orientation: 0.117206 0.0334685 0.0967053 0.987821 Time: 1151713096717
Position: -120.797 -59.3167 -901.463 Orientation: 0.116611 0.0313362 0.0974421 0.987889 Time: 1151809191753
Position: -120.547 -59.3633 -901.923 Orientation: 0.117012 0.0350037 0.0969102 0.987771 Time: 1151930919804
Position: -120.73 -59.2833 -901.727 Orientation: 0.116878 0.0339034 0.0971764 0.987799 Time: 1152028866853
Position: -120.7 -59.28 -901.863 Orientation: 0.116809 0.0361361 0.0973741 0.987709 Time: 1152152189792
Position: -120.76 -59.2433 -901.817 Orientation: 0.117009 0.0361361 0.0974741 0.987675 Time: 1152250751806
Position: -120.71 -59.26 -901.78 Orientation: 0.116908 0.0332022 0.0967064 0.987865 Time: 1152373018192
Position: -120.693 -59.3133 -901.78 Orientation: 0.117039 0.032235 0.0963383 0.987918 Time: 1152491394447
Position: -120.817 -59.2933 -901.803 Orientation: 0.117438 0.0316346 0.0961705 0.987906 Time: 1152588104586
Position: -121.143 -59.19 -901.167 Orientation: 0.116776 0.028669 0.0971412 0.98798 Time: 1152683753244
Position: -121.47 -58.98 -900.723 Orientation: 0.115943 0.0264688 0.0977413 0.988081 Time: 1152804179659
Position: -121.507 -58.8767 -900.683 Orientation: 0.113741 0.0283353 0.0958732 0.988468 Time: 1152899696950
Position: -121.61 -58.58 -899.94 Orientation: 0.105707 0.0289019 0.0903061 0.989866 Time: 1153024248863
Position: -120.677 -58.3133 -900.827 Orientation: 0.105343 0.0368699 0.087941 0.989853 Time: 1153124033966
Position: -120.18 -58.92 -901.41 Orientation: 0.104606 0.0368021 0.0842381 0.990256 Time: 1153251128531
Position: -119.417 -58.83 -901.603 Orientation: 0.0998058 0.0382022 0.085105 0.990624 Time: 1153346186992
Position: -117.727 -60.1467 -902.85 Orientation: 0.0975062 0.0382691 0.0857388 0.990796 Time: 1153467465656
Position: -116.423 -61.31 -904.64 Orientation: 0.0968074 0.0380029 0.0841731 0.991009 Time: 1153567628853
Position: -114.15 -62.48 -906.56 Orientation: 0.0953697 0.0407013 0.0802692 0.991365 Time: 1153687314545
Position: -111.67 -62.83 -907.637 Orientation: 0.0895738 0.0450702 0.0807397 0.991679 Time: 1153784154546
Position: -109.753 -64.16 -909.903 Orientation: 0.0866426 0.0475718 0.0801086 0.991873 Time: 1153901701130
Position: -108.483 -65.5 -912.463 Orientation: 0.0860409 0.0474375 0.0798403 0.991954 Time: 1153999096435
Position: -107.273 -66.33 -914.79 Orientation: 0.0839043 0.0488358 0.0800707 0.99205 Time: 1154096267045
Position: -105.66 -66.86 -917.87 Orientation: 0.0815416 0.0504718 0.0771078 0.9924 Time: 1154217227415
Position: -104.127 -67.27 -920.287 Orientation: 0.0787044 0.0537697 0.0753709 0.992589 Time: 1154315150517
Position: -102.05 -67.9067 -923.673 Orientation: 0.0774684 0.0551012 0.0725683 0.992822 Time: 1154435692015
Position: -100.487 -67.8733 -927.03 Orientation: 0.0751379 0.05367 0.0723711 0.993094 Time: 1154556861205
Position: -98.2867 -67.5433 -929.663 Orientation: 0.0720714 0.0565037 0.0719047 0.993198 Time: 1154652576643
Position: -95.0833 -67.2933 -932.557 Orientation: 0.0717026 0.0544687 0.0686359 0.99357 Time: 1154771891220
Position: -93.87 -66.86 -934.41 Orientation: 0.0707728 0.054738 0.0677058 0.993686 Time: 1154869248619
Position: -91.53 -65.9133 -938.297 Orientation: 0.0668705 0.05807 0.0658704 0.99389 Time: 1154986174491
Position: -90.29 -65.85 -940.947 Orientation: 0.0642367 0.0598698 0.0659368 0.993953 Time: 1155085111041
Position: -90.1933 -66.76 -943.86 Orientation: 0.063271 0.0603708 0.0656712 0.994002 Time: 1155183651571
Position: -89.1433 -67.3633 -947.243 Orientation: 0.0616052 0.0600717 0.0647721 0.994183 Time: 1155304491384
Position: -87.4767 -67.7767 -949.607 Orientation: 0.0612036 0.0589701 0.062937 0.994392 Time: 1155401270764
Position: -84.8867 -67.5033 -952.697 Orientation: 0.0595025 0.0606692 0.0605359 0.994542 Time: 1155523755686
Position: -83.0333 -67.1933 -954.777 Orientation: 0.0576687 0.0605021 0.0587354 0.994768 Time: 1155622230806
Position: -82.4533 -67.4133 -956.103 Orientation: 0.0577363 0.0599698 0.057803 0.994851 Time: 1155718694493
Position: -80.95 -67.9633 -959.21 Orientation: 0.0555382 0.0582384 0.0565049 0.995154 Time: 1155846154698
Position: -80.6367 -68.7733 -961.217 Orientation: 0.055602 0.0569687 0.056302 0.995235 Time: 1155942686258
Position: -79.3033 -69.35 -963.787 Orientation: 0.0536372 0.0575042 0.0552373 0.995372 Time: 1156061991804
Position: -78.3567 -69.9567 -965.48 Orientation: 0.054302 0.0591355 0.054702 0.99527 Time: 1156157664000
Position: -77.45 -71.4733 -967.36 Orientation: 0.056335 0.058535 0.0540349 0.995229 Time: 1156277229818
Position: -76.01 -71.4433 -969.21 Orientation: 0.0547693 0.0615696 0.0543693 0.995115 Time: 1156373054729
Position: -74.9333 -71.1067 -971 Orientation: 0.0541705 0.061671 0.0538371 0.99517 Time: 1156491776509
Position: -74.0433 -70.3033 -973.16 Orientation: 0.052969 0.0605027 0.053769 0.99531 Time: 1156610369247
Position: -73.6 -70.35 -974.873 Orientation: 0.0529024 0.0606027 0.0537024 0.995311 Time: 1156707423405
Position: -72.6167 -70.09 -976.893 Orientation: 0.0527036 0.0608042 0.053237 0.995335 Time: 1156831419741
Position: -71.3033 -69.7 -978.57 Orientation: 0.0517708 0.0625049 0.0526042 0.995312 Time: 1156949794490
Position: -70.3733 -69.3533 -980.16 Orientation: 0.0505702 0.0619044 0.0514703 0.99547 Time: 1157045255950
Position: -69.69 -69.2567 -982.033 Orientation: 0.049404 0.061305 0.0505374 0.995614 Time: 1157165472176
Position: -68.9833 -69.3667 -984.19 Orientation: 0.0472349 0.0632355 0.0505017 0.9956 Time: 1157263507351
Position: -67.86 -69.2467 -987.25 Orientation: 0.0447343 0.062068 0.049201 0.995854 Time: 1157385179023
Position: -66.71 -69.0667 -989.307 Orientation: 0.0435358 0.0605035 0.0474027 0.996091 Time: 1157480431663
Position: -65.4267 -69.1233 -991.167 Orientation: 0.0425679 0.0608017 0.0464013 0.996162 Time: 1157599278926
Position: -64.1733 -69.1067 -992.497 Orientation: 0.0417015 0.0608021 0.0456016 0.996235 Time: 1157693301361
Position: -63.16 -68.8 -994.32 Orientation: 0.0399008 0.0613012 0.0447009 0.996319 Time: 1157816607742
Position: -62.5567 -68.7167 -996.233 Orientation: 0.0375366 0.061272 0.0445372 0.99642 Time: 1157933703434
Position: -61.8867 -68.51 -998.217 Orientation: 0.0360353 0.0606366 0.0436357 0.996554 Time: 1158051682438
Position: -60.9967 -68.0633 -999.95 Orientation: 0.0343678 0.0623021 0.0431015 0.996534 Time: 1158149874707
Position: -59.8367 -68.0233 -1001.57 Orientation: 0.034303 0.0615388 0.0422037 0.996622 Time: 1158243686816
Position: -58.1367 -67.1833 -1004.33 Orientation: 0.0314344 0.0614687 0.0411014 0.996767 Time: 1158370107983
Position: -57.3167 -66.7967 -1005.75 Orientation: 0.0304345 0.0612024 0.0405016 0.996839 Time: 1158465180266
Position: -55.18 -66.04 -1008.56 Orientation: 0.0289345 0.0610357 0.0393682 0.996939 Time: 1158583305827
Position: -53.3267 -65.4267 -1010.9 Orientation: 0.0276358 0.0619723 0.0383701 0.996957 Time: 1158679070117
Position: -51.5933 -64.9233 -1014.21 Orientation: 0.0253352 0.0619045 0.037036 0.997073 Time: 1158794858699
Position: -50.4967 -64.9967 -1017.04 Orientation: 0.0236008 0.0618356 0.0366013 0.997136 Time: 1158892514413
Position: -49.12 -65.26 -1020.3 Orientation: 0.0213338 0.0603679 0.0363008 0.997288 Time: 1159017842216
Position: -48.1533 -65.1133 -1021.93 Orientation: 0.0202681 0.061171 0.0360359 0.997271 Time: 1159115139268
Position: -44.9567 -64.3533 -1024.64 Orientation: 0.018368 0.0593376 0.0335358 0.997505 Time: 1159237694937
Position: -42.4267 -64.15 -1026.65 Orientation: 0.0179013 0.0580709 0.031969 0.99764 Time: 1159330477040
Position: -39.4533 -63.9667 -1029.35 Orientation: 0.0163669 0.058401 0.0308005 0.997684 Time: 1159449411334
Position: -36.8167 -64.06 -1031.47 Orientation: 0.0146681 0.0596392 0.0299029 0.997664 Time: 1159545464223
Position: -34.2667 -63.7333 -1033.33 Orientation: 0.0125004 0.0596353 0.0285676 0.997733 Time: 1159662882314
Position: -31.57 -63.6533 -1034.85 Orientation: 0.0111005 0.0582028 0.0269013 0.997881 Time: 1159758972013
Position: -27.3167 -63.6533 -1036.31 Orientation: 0.00923411 0.0582049 0.0249354 0.99795 Time: 1159879602458
Position: -24.0233 -63.6767 -1037.28 Orientation: 0.00870013 0.0578342 0.023367 0.998015 Time: 1159974334142
Position: -20.4533 -63.9233 -1038.75 Orientation: 0.00793367 0.0585691 0.0220343 0.998009 Time: 1160095587079
Position: -16.4967 -63.74 -1040.22 Orientation: 0.00640004 0.056467 0.0188335 0.998206 Time: 1160217394225
Position: -14.2633 -63.78 -1040.91 Orientation: 0.00586693 0.0552025 0.0171008 0.998311 Time: 1160314326594
Position: -9.49667 -63.9133 -1042.03 Orientation: 0.00510028 0.0539697 0.0146341 0.998422 Time: 1160431864558
Position: -5.51667 -64.4033 -1042.14 Orientation: 0.00376682 0.0585357 0.0144339 0.998174 Time: 1160531275674
Position: -1.33333 -64.9967 -1041.6 Orientation: 0.00443359 0.0574033 0.0129341 0.998257 Time: 1160628364179
Position: 3.92667 -65.4333 -1040.26 Orientation: 0.00386699 0.0567047 0.0115343 0.998317 Time: 1160748103376
Position: 9.27 -65.36 -1038.66 Orientation: 0.00330008 0.0569014 0.00990025 0.998325 Time: 1160865965107
Position: 13.0833 -64.7333 -1037.64 Orientation: 0.00156677 0.0565036 0.00856722 0.998364 Time: 1160961799186
Position: 19.1067 -64.3633 -1035.68 Orientation: 0.000866724 0.0584039 0.00730048 0.998266 Time: 1161081561235
Position: 24.08 -64.03 -1033.95 Orientation: 0.000800022 0.0586016 0.00636684 0.998261 Time: 1161177199494
Position: 30.19 -63.4667 -1031.55 Orientation: 0.00183343 0.0594697 0.00463357 0.998218 Time: 1161296201251
Position: 36.31 -63.2333 -1028.5 Orientation: 0.00466676 0.0599679 0.00186671 0.998188 Time: 1161417064875
Position: 41.3933 -62.97 -1026.02 Orientation: 0.0063337 0.0619703 0.000400023 0.998058 Time: 1161534103504
Position: 46.3033 -62.3733 -1023.55 Orientation: 0.00713356 0.062302 -0.00103337 0.998031 Time: 1161630002309
Position: 50.7567 -61.7267 -1021.56 Orientation: 0.00840071 0.0612052 -0.0031336 0.998085 Time: 1161725504548
Position: 55.7933 -61.38 -1019.86 Orientation: 0.00963362 0.0623018 -0.00540016 0.997996 Time: 1161843181953
Position: 59.69 -61.22 -1018.94 Orientation: 0.0113008 0.0606043 -0.00730052 0.998071 Time: 1161963184843
Position: 62.6867 -60.8 -1018.83 Orientation: 0.0108002 0.0619678 -0.00836682 0.997985 Time: 1162056999552
Position: 66.9033 -59.8833 -1018.52 Orientation: 0.00923374 0.060436 -0.0102004 0.998077 Time: 1162176972337
Position: 70.71 -59.42 -1017.42 Orientation: 0.00920078 0.0600384 -0.0117677 0.998084 Time: 1162274154305
Position: 76.48 -58.9 -1015.5 Orientation: 0.00960036 0.0595689 -0.0146672 0.99807 Time: 1162397040446
Position: 82.33 -58.45 -1014.1 Orientation: 0.0100336 0.0621352 -0.0175672 0.997863 Time: 1162494934400
Position: 89.4433 -59.0133 -1012.96 Orientation: 0.012067 0.0637019 -0.021534 0.997664 Time: 1162621926197
Position: 94.2767 -58.9667 -1013.27 Orientation: 0.0129339 0.0638697 -0.0242345 0.99758 Time: 1162717382183
Position: 98.42 -58.9 -1014.31 Orientation: 0.0132342 0.0629706 -0.0270017 0.997562 Time: 1162815152569
Position: 102.377 -58.2767 -1016.53 Orientation: 0.0124672 0.0618692 -0.0293679 0.997574 Time: 1162940151406
Position: 105.713 -57.55 -1019.13 Orientation: 0.00976718 0.0617033 -0.0314017 0.997553 Time: 1163038781294
Position: 108.433 -56.9633 -1023.58 Orientation: 0.00746702 0.0599362 -0.0334349 0.997614 Time: 1163165175504
Position: 110.1 -56.16 -1026.71 Orientation: 0.00500014 0.0613017 -0.0340009 0.997527 Time: 1163264004496
Position: 112.697 -55.4367 -1031.87 Orientation: 0.00183344 0.0576366 -0.0359353 0.997689 Time: 1163388099495
Position: 114.43 -54.83 -1035.69 Orientation: -0.000133337 0.0574347 -0.0371676 0.997657 Time: 1163486089512
Position: 117.657 -53.7133 -1041.58 Orientation: -0.00396683 0.058269 -0.0387682 0.99754 Time: 1163607878184
Position: 120.277 -52.95 -1046.88 Orientation: -0.0076338 0.0574702 -0.0405358 0.997495 Time: 1163704017146
Position: 124.16 -51.83 -1054.1 Orientation: -0.0115341 0.0550369 -0.0436028 0.997465 Time: 1163826999897
Position: 127.157 -51.0433 -1059 Orientation: -0.0146343 0.0569372 -0.0454698 0.997234 Time: 1163925996657
Position: 130.317 -50.6633 -1064.79 Orientation: -0.0175016 0.0580387 -0.0476044 0.997025 Time: 1164043930640
Position: 132.733 -50.0567 -1069.98 Orientation: -0.0213002 0.0593673 -0.0489005 0.99681 Time: 1164139681246
Position: 134.75 -49.63 -1075.27 Orientation: -0.0249015 0.0592037 -0.0504031 0.996662 Time: 1164261424213
Position: 136.533 -49.42 -1078.5 Orientation: -0.0268021 0.0609381 -0.051004 0.996477 Time: 1164357251039
Position: 140.15 -49.0467 -1083.09 Orientation: -0.0285343 0.0608354 -0.0535685 0.996301 Time: 1164476810016
Position: 144.093 -47.5167 -1087.64 Orientation: -0.0327342 0.061435 -0.0561348 0.995994 Time: 1164600093955
Position: 147.543 -46.9533 -1091.13 Orientation: -0.0345693 0.0611713 -0.0585378 0.995809 Time: 1164695226721
Position: 151.863 -46.4433 -1095.57 Orientation: -0.0370344 0.0641686 -0.0608018 0.995396 Time: 1164812958042
Position: 154.477 -46.5333 -1098.87 Orientation: -0.0379345 0.0633353 -0.0621686 0.995331 Time: 1164911534288
Position: 156.587 -46.6633 -1102.51 Orientation: -0.0394676 0.0625348 -0.0632015 0.995257 Time: 1165031432905
Position: 156.893 -46.9333 -1106.67 Orientation: -0.0417369 0.0631721 -0.0638055 0.995086 Time: 1165126878491
Position: 155.233 -47.19 -1111.55 Orientation: -0.0439699 0.0647381 -0.0630047 0.99494 Time: 1165245756133
Position: 152.477 -47.7467 -1114.98 Orientation: -0.0461363 0.0654043 -0.0608706 0.994931 Time: 1165343550741
Position: 148.223 -48.4833 -1118.63 Orientation: -0.0487375 0.0642722 -0.058005 0.995052 Time: 1165470587011
Position: 145.01 -49.0267 -1120.92 Orientation: -0.0492677 0.064268 -0.0563678 0.995121 Time: 1165568443197
Position: 141.223 -49.3467 -1123.33 Orientation: -0.0505029 0.0667705 -0.0540364 0.995023 Time: 1165691810883
Position: 137.653 -49.7833 -1125.38 Orientation: -0.0517043 0.0655721 -0.0526377 0.995116 Time: 1165787325437
Position: 132.16 -50.9233 -1128.38 Orientation: -0.0523382 0.0636059 -0.0510714 0.995292 Time: 1165912613968
Position: 128.98 -51.13 -1130.59 Orientation: -0.0547035 0.0650042 -0.0493032 0.995164 Time: 1166009277033
Position: 125.597 -51.9 -1132.29 Orientation: -0.0550701 0.0624039 -0.0482364 0.995362 Time: 1166105993055
Position: 120.233 -53.0133 -1134.83 Orientation: -0.0552363 0.0604366 -0.0465692 0.995554 Time: 1166228006694
Position: 116.16 -53.6 -1136.13 Orientation: -0.0555368 0.058837 -0.0459362 0.995662 Time: 1166323016304
Position: 112.923 -53.9667 -1136.9 Orientation: -0.0561042 0.0607379 -0.04467 0.995574 Time: 1166445359047
Position: 109.69 -54.4967 -1136.96 Orientation: -0.0548038 0.0583708 -0.0443364 0.995803 Time: 1166563313283
Position: 107.327 -54.88 -1136.98 Orientation: -0.0547692 0.0590694 -0.0439687 0.99578 Time: 1166662201527
Position: 103.977 -55.3867 -1137.99 Orientation: -0.0552017 0.0615686 -0.0426013 0.995664 Time: 1166788211760
Position: 101.07 -55.8433 -1139.16 Orientation: -0.0557047 0.0610051 -0.0415035 0.995717 Time: 1166880729759
Position: 97.16 -56.5867 -1140.79 Orientation: -0.0564708 0.0605711 -0.0397362 0.995773 Time: 1167003055396
Position: 94.1967 -57.06 -1142.07 Orientation: -0.0567385 0.0580053 -0.0385368 0.995957 Time: 1167097449492
Position: 91.11 -57.3633 -1143.21 Orientation: -0.0557697 0.0576365 -0.037102 0.996088 Time: 1167214840352
Position: 88.5767 -57.3067 -1144.37 Orientation: -0.0562024 0.0578691 -0.0355015 0.996108 Time: 1167310355864
Position: 85.4233 -57.0833 -1145.45 Orientation: -0.0570019 0.0573019 -0.0344345 0.996133 Time: 1167434298695
Position: 83.3433 -57.39 -1145.67 Orientation: -0.0571049 0.0568716 -0.0334362 0.996186 Time: 1167530192300
Position: 80.5333 -58.4567 -1145.97 Orientation: -0.055937 0.0578371 -0.0313354 0.996265 Time: 1167648692807
Position: 77.6333 -60.1967 -1145.99 Orientation: -0.0547698 0.0560698 -0.0294017 0.99649 Time: 1167767932805
Position: 75.93 -61.41 -1145.99 Orientation: -0.055603 0.0561697 -0.0276682 0.996488 Time: 1167863380171
Position: 74.5433 -62.63 -1146.79 Orientation: -0.0564706 0.0569373 -0.0261685 0.996436 Time: 1167964840352
Position: 73.0567 -64.8933 -1148.15 Orientation: -0.0557367 0.0548367 -0.0249015 0.996627 Time: 1168091497982
Position: 73.0167 -66.9133 -1149.34 Orientation: -0.0553369 0.0542035 -0.0244016 0.996697 Time: 1168185666015
Position: 71.64 -71.2567 -1150.41 Orientation: -0.0521363 0.0514029 -0.022768 0.997056 Time: 1168308602787
Position: 70.67 -73.58 -1151.42 Orientation: -0.0524045 0.0507044 -0.0224019 0.997086 Time: 1168407651821
Position: 69.3967 -74.9833 -1153.04 Orientation: -0.0537017 0.0529351 -0.0209673 0.996932 Time: 1168503902172
Position: 67.38 -78.0367 -1155.29 Orientation: -0.0545709 0.0531708 -0.0190682 0.996911 Time: 1168623113433
Position: 67.3467 -80.84 -1156.4 Orientation: -0.0544035 0.0527701 -0.0178345 0.996964 Time: 1168741466563
Position: 67.19 -83.6733 -1156.94 Orientation: -0.0534689 0.0520688 -0.0164674 0.997075 Time: 1168837777808
Position: 66.54 -87.41 -1157.9 Orientation: -0.0524041 0.0498039 -0.0145011 0.997278 Time: 1168956020916
Position: 64.89 -91.7333 -1158.98 Orientation: -0.049637 0.0480036 -0.0120009 0.997541 Time: 1169075275009
Position: 63.95 -94.4967 -1160.04 Orientation: -0.0487378 0.046771 -0.010701 0.997659 Time: 1169169722474
Position: 63.67 -97.5967 -1161.4 Orientation: -0.0488373 0.048704 -0.00863404 0.997581 Time: 1169289275977
Position: 63.3833 -100.013 -1161.92 Orientation: -0.0474033 0.0471366 -0.00726718 0.997737 Time: 1169386161819
Position: 64.14 -103.04 -1161.72 Orientation: -0.0453046 0.0457047 -0.00710073 0.997902 Time: 1169504266033
Position: 64.7167 -104.71 -1161.88 Orientation: -0.0447343 0.0436676 -0.00660015 0.998022 Time: 1169599470915
Position: 65.4233 -107.247 -1162.5 Orientation: -0.0441032 0.0448365 -0.00556707 0.998005 Time: 1169718844061
Position: 65.2533 -109.963 -1162.88 Orientation: -0.0431356 0.0433023 -0.00456691 0.99812 Time: 1169815589641
Position: 64.6267 -113.23 -1163.59 Orientation: -0.0422019 0.043802 -0.00243344 0.998146 Time: 1169939195842
Position: 64.0233 -115.573 -1164.91 Orientation: -0.0425355 0.0418688 -0.00106672 0.998217 Time: 1170034460387
Position: 63.35 -118.33 -1166.35 Orientation: -0.0424032 0.0430032 0.000700052 0.998174 Time: 1170154003215
Position: 63.79 -120.653 -1166.75 Orientation: -0.0408363 0.0437698 0.00170012 0.998205 Time: 1170252309610
Position: 64.0267 -124.62 -1167.32 Orientation: -0.0391358 0.0438694 0.00390025 0.998263 Time: 1170369528323
Position: 63.45 -127.98 -1168.08 Orientation: -0.0378678 0.0432346 0.00590017 0.99833 Time: 1170485735230
Position: 62.6733 -131.103 -1168.27 Orientation: -0.0360351 0.0424687 0.00806706 0.998415 Time: 1170585099683
Position: 62.0133 -134.577 -1167.7 Orientation: -0.0329345 0.0424015 0.010567 0.998502 Time: 1170683305089
Position: 61.4633 -137.62 -1166.76 Orientation: -0.0302354 0.0384026 0.0118675 0.998734 Time: 1170800703474
Position: 61.03 -139.667 -1166.11 Orientation: -0.0287688 0.0405363 0.0134677 0.998673 Time: 1170894824434
Position: 60.7467 -142.357 -1164.79 Orientation: -0.0275361 0.0383705 0.0153682 0.998766 Time: 1171017841669
Position: 60.02 -144.6 -1163.26 Orientation: -0.0246349 0.0368024 0.0176011 0.998864 Time: 1171111788430
Position: 59.64 -146.55 -1160.52 Orientation: -0.0210671 0.0399009 0.0196004 0.998789 Time: 1171238550333
Position: 59.41 -147.417 -1156.93 Orientation: -0.017768 0.040403 0.0208682 0.998807 Time: 1171356464748
Position: 58.8467 -147.963 -1154.35 Orientation: -0.0147677 0.0403361 0.0219349 0.998836 Time: 1171450557382
Position: 57.22 -148.697 -1150.44 Orientation: -0.0121005 0.0391016 0.0239677 0.998874 Time: 1171566648657
Position: 55.16 -149.37 -1147.18 Orientation: -0.00986728 0.0406692 0.0269017 0.998762 Time: 1171661968486
Position: 53.39 -149.89 -1143.14 Orientation: -0.00703371 0.0395688 0.0284349 0.998787 Time: 1171758682046
Position: 50.8833 -150.63 -1138.31 Orientation: -0.00456702 0.0420033 0.0314691 0.998611 Time: 1171881053799
Position: 48.0267 -151.053 -1133.12 Orientation: -0.00156675 0.0411356 0.0335685 0.998588 Time: 1172003866319
Position: 46.9667 -151.3 -1130.57 Orientation: -0.000166677 0.0416692 0.0347687 0.998526 Time: 1172100895162
Position: 44.9733 -152.12 -1125.81 Orientation: 0.00376683 0.0404684 0.0364016 0.99851 Time: 1172218436683
Position: 43.6233 -152.763 -1122.15 Orientation: 0.00760042 0.0384355 0.0367687 0.998555 Time: 1172316593921
Position: 41.6033 -154.017 -1117.31 Orientation: 0.0129003 0.0373009 0.039901 0.998424 Time: 1172434669398
Position: 38.9233 -155.077 -1113.35 Orientation: 0.0169676 0.0350353 0.0436025 0.99829 Time: 1172528204814
Position: 36.26 -156.27 -1108.54 Orientation: 0.022002 0.0323029 0.0457041 0.99819 Time: 1172653045599
Position: 34.61 -156.763 -1105.12 Orientation: 0.0245023 0.0350367 0.0480713 0.997928 Time: 1172749613559
Position: 31.87 -157.823 -1100.28 Orientation: 0.028401 0.036968 0.0511684 0.997601 Time: 1172872678004
Position: 29.9567 -158.617 -1097.02 Orientation: 0.0312681 0.0367683 0.0533024 0.997411 Time: 1172969608594
Position: 27.71 -159.8 -1093.64 Orientation: 0.0342024 0.0377027 0.055904 0.997138 Time: 1173090036924
Position: 25.5367 -160.53 -1090.65 Orientation: 0.0364353 0.0365686 0.0579031 0.996987 Time: 1173191401727
Position: 22.7933 -161.513 -1085.96 Orientation: 0.0393362 0.037436 0.0613378 0.996639 Time: 1173307858232
Position: 21.05 -161.873 -1082.17 Orientation: 0.0427025 0.0384689 0.0629704 0.996359 Time: 1173407294664
Position: 19.1967 -162.027 -1077.74 Orientation: 0.0460043 0.0405038 0.0646061 0.996027 Time: 1173527926615
Position: 17.4767 -162.257 -1074.33 Orientation: 0.0477347 0.0382011 0.0657352 0.995962 Time: 1173623239191
Position: 14.9933 -162.447 -1069.59 Orientation: 0.0513021 0.0383016 0.0673361 0.995674 Time: 1173742770115
Position: 12.2967 -162.177 -1065.77 Orientation: 0.0531043 0.0383031 0.0692722 0.995447 Time: 1173836475214
Position: 8.68 -161.767 -1060.72 Orientation: 0.0563369 0.0383024 0.0717046 0.995097 Time: 1173953194044
Position: 5.52333 -161.83 -1055.85 Orientation: 0.0598021 0.0376013 0.0738026 0.994768 Time: 1174078444806
Position: 3.35 -161.85 -1052.2 Orientation: 0.0623027 0.0403684 0.0764033 0.994309 Time: 1174173630530
Position: 0.436667 -161.937 -1047.02 Orientation: 0.066272 0.0390698 0.0780063 0.99398 Time: 1174298282748
Position: -1.82 -162.273 -1042.94 Orientation: 0.0701388 0.038803 0.0798729 0.993577 Time: 1174393763913
Position: -4.32333 -162.76 -1037.9 Orientation: 0.0751052 0.0385027 0.0822057 0.993035 Time: 1174519270158
Position: -6.65667 -163.037 -1034.31 Orientation: 0.0776064 0.0378365 0.0836402 0.992749 Time: 1174614772259
Position: -9.3 -162.97 -1030.4 Orientation: 0.0803039 0.0387019 0.0854374 0.992348 Time: 1174732367423
Position: -10.7033 -161.89 -1027.36 Orientation: 0.0816048 0.0390023 0.085105 0.992258 Time: 1174828251997
Position: -11.4467 -158.567 -1025.06 Orientation: 0.0805695 0.0403681 0.0841696 0.992368 Time: 1174952859056
Position: -11.49 -155.84 -1024.71 Orientation: 0.079505 0.0399025 0.0831052 0.992562 Time: 1175050016256
Position: -10.93 -150.807 -1025.41 Orientation: 0.0773045 0.0397356 0.0805046 0.992957 Time: 1175171047373
Position: -9.85667 -145.997 -1026.62 Orientation: 0.0738381 0.0392692 0.0781051 0.993431 Time: 1175267796648
Position: -9.02667 -139.923 -1028.6 Orientation: 0.0705038 0.0394688 0.0752374 0.993887 Time: 1175390803483
Position: -8.87 -134.37 -1030.66 Orientation: 0.0663395 0.0416705 0.0742402 0.994158 Time: 1175486544784
Position: -8.78333 -125.907 -1034.3 Orientation: 0.0596383 0.0423369 0.0715727 0.99475 Time: 1175607028946
Position: -8.54 -118.37 -1037.28 Orientation: 0.0530703 0.0442697 0.0692714 0.995201 Time: 1175701790324
Position: -7.45333 -109.177 -1039.81 Orientation: 0.0474692 0.0472025 0.0657702 0.995587 Time: 1175827126749
Position: -6.66 -102.507 -1041.33 Orientation: 0.0436364 0.0464033 0.0631378 0.99597 Time: 1175920533944
Position: -5.45667 -93.28 -1043.31 Orientation: 0.0379695 0.0494704 0.0601046 0.996242 Time: 1176038770894
Position: -5.02667 -85.63 -1045.25 Orientation: 0.0350011 0.0485349 0.0572352 0.996566 Time: 1176134210186
Position: -4.57 -75.1933 -1048.09 Orientation: 0.0293346 0.0487355 0.0535357 0.996944 Time: 1176256584539
Position: -4.55 -67.5767 -1049.79 Orientation: 0.0255685 0.0504037 0.0515037 0.997072 Time: 1176354090958
Position: -4.82333 -59.12 -1051.4 Orientation: 0.0239678 0.0472355 0.0479022 0.997447 Time: 1176474124775
Position: -4.95333 -52.84 -1052.39 Orientation: 0.0213676 0.0497355 0.0466354 0.997444 Time: 1176568722901
Position: -4.46667 -44.4367 -1053.92 Orientation: 0.0168348 0.0474709 0.0425705 0.997823 Time: 1176687647754
Position: -4.63333 -37.93 -1056.25 Orientation: 0.0129337 0.0479682 0.0408013 0.997931 Time: 1176781530199
Position: -4.55 -29.0167 -1059.61 Orientation: 0.00733352 0.0447345 0.0368343 0.998293 Time: 1176907405780
Position: -4.23333 -22.48 -1061.37 Orientation: 0.00363358 0.0433029 0.034269 0.998467 Time: 1177001673845
Position: -4.45667 -16.2 -1062.87 Orientation: -0.000833375 0.0433355 0.0319349 0.99855 Time: 1177122180995
Position: -5.46333 -10.87 -1064.34 Orientation: -0.00343356 0.040936 0.030202 0.998699 Time: 1177215868853
Position: -6.47667 -5.69667 -1065.7 Orientation: -0.00680051 0.0415031 0.0285355 0.998708 Time: 1177335465186
Position: -6.56 1.38667 -1067.08 Orientation: -0.0135012 0.0417369 0.0252355 0.998719 Time: 1177452041565
Position: -7.08 5.46 -1068 Orientation: -0.0161003 0.0438009 0.0241005 0.99862 Time: 1177546650365
Position: -7.15667 10.5567 -1069.31 Orientation: -0.0184342 0.0422687 0.0225344 0.998682 Time: 1177669102581
Position: -6.62 14.7 -1069.78 Orientation: -0.0204007 0.0425681 0.020934 0.998666 Time: 1177787116617
Position: -6.31333 18.1367 -1069.23 Orientation: -0.0211675 0.0434018 0.0196341 0.99864 Time: 1177883532683
Position: -6.02667 21.77 -1067.77 Orientation: -0.0212678 0.0435024 0.0185344 0.998655 Time: 1177980123085
Position: -6.28667 25.2933 -1064.52 Orientation: -0.0203346 0.0447362 0.0180011 0.99863 Time: 1178100972751
Position: -6.42 26.65 -1061.71 Orientation: -0.0186002 0.0439005 0.0174002 0.998711 Time: 1178196111127
Position: -7.08667 27.9633 -1057.07 Orientation: -0.0150673 0.0410683 0.0164673 0.998907 Time: 1178318233145
Position: -9.27 28.8133 -1052.96 Orientation: -0.0124672 0.0391017 0.0172341 0.999009 Time: 1178412486568
Position: -12.89 28.8333 -1047.94 Orientation: -0.00936696 0.0389679 0.0199006 0.998998 Time: 1178532111365
Position: -15.15 28.63 -1043.19 Orientation: -0.00736696 0.0401016 0.0213675 0.99894 Time: 1178626815544
Position: -17.6067 27.7733 -1036.31 Orientation: -0.00203349 0.0396697 0.0231684 0.998942 Time: 1178748163039
Position: -19.6633 26.6533 -1030.47 Orientation: 0.00323355 0.0388026 0.0248017 0.998934 Time: 1178867166438
Position: -20.9667 26.2567 -1024.92 Orientation: 0.00653365 0.0392352 0.0255679 0.998881 Time: 1178963156517
Position: -22.9767 26.2167 -1019.63 Orientation: 0.00956716 0.0407354 0.0273014 0.998751 Time: 1179086355067
Position: -25.12 26.47 -1015.63 Orientation: 0.0121005 0.038035 0.0280012 0.998811 Time: 1179182926995
Position: -27.3367 26.7467 -1009.76 Orientation: 0.0144674 0.0374687 0.0296349 0.998754 Time: 1179300120392
Position: -29.8333 25.92 -1005.65 Orientation: 0.0179669 0.0373005 0.0304004 0.99868 Time: 1179398121631
Position: -32.7233 26.7633 -1003.48 Orientation: 0.0178673 0.036768 0.0303678 0.998702 Time: 1179518087573
Position: -34.3 27.2533 -1002.94 Orientation: 0.0177014 0.0361029 0.0309358 0.998712 Time: 1179616541346
Position: -34.55 27.3833 -1003.26 Orientation: 0.0208673 0.0327677 0.0340677 0.998664 Time: 1179737790042
Position: -36.43 25.6333 -1003.21 Orientation: 0.0345357 0.0255351 0.0410028 0.998235 Time: 1179833528742
Position: -35.97 25.66 -1003.03 Orientation: 0.0448697 0.0199347 0.0452697 0.997767 Time: 1179956414883
Position: -33.7333 26.6267 -1004.16 Orientation: 0.0567702 0.0240015 0.0577036 0.996429 Time: 1180053951134
Position: -32.8 26.37 -1004.55 Orientation: 0.0734048 0.0230348 0.0657709 0.994864 Time: 1180173444016
Position: -32.32 26.91 -1004.86 Orientation: 0.0764067 0.0207018 0.0658058 0.994687 Time: 1180292882845
Position: -31.4367 26.8967 -1005.52 Orientation: 0.0762728 0.0217351 0.0642052 0.99478 Time: 1180389860372
Position: -31.23 27.45 -1006.6 Orientation: 0.0720712 0.0208013 0.0665042 0.994962 Time: 1180493146566
Position: -30.5233 27.0433 -1007.98 Orientation: 0.0715733 0.0224021 0.0655727 0.995025 Time: 1180595453522
Position: -28.31 26.5933 -1010.02 Orientation: 0.0737051 0.0225349 0.0650378 0.994902 Time: 1180719149628
Position: -26.0867 25.94 -1011.67 Orientation: 0.0764044 0.0207679 0.0662372 0.994658 Time: 1180815942829
Position: -22.7267 26.75 -1014.81 Orientation: 0.0727389 0.0231684 0.0647716 0.994976 Time: 1180935037365
Position: -19.5367 27.6167 -1019.4 Orientation: 0.0674698 0.0241011 0.0634029 0.995413 Time: 1181054588268
Position: -17.4567 27.95 -1023.89 Orientation: 0.0653365 0.0218677 0.0606029 0.995781 Time: 1181152613727
Position: -14.18 28.9067 -1029.57 Orientation: 0.0608031 0.0243679 0.0582363 0.996151 Time: 1181270040712
Position: -12.3833 29.1533 -1033.82 Orientation: 0.0584044 0.0246685 0.0573043 0.996342 Time: 1181362185955
Position: -8.59 30.0333 -1039.36 Orientation: 0.053436 0.0268013 0.055236 0.996682 Time: 1181479082953
Position: -5.56 30.3267 -1043.95 Orientation: 0.0504044 0.0236021 0.0527713 0.997054 Time: 1181576625362
Position: -2.67 30.8033 -1048.89 Orientation: 0.047568 0.023634 0.0508015 0.997295 Time: 1181672433578
Position: 1.18333 31.3 -1054.93 Orientation: 0.0438363 0.0231682 0.0483033 0.997601 Time: 1181794635100
Position: 4.26 31.7333 -1059.3 Orientation: 0.0414026 0.0234348 0.0462363 0.997797 Time: 1181893393893
Position: 8.27 32.6333 -1064.71 Orientation: 0.0376025 0.0236016 0.0435029 0.998066 Time: 1182018177889
Position: 11.4867 32.6767 -1068.85 Orientation: 0.034169 0.0260351 0.0425696 0.99817 Time: 1182117882941
Position: 14.55 32.25 -1073.26 Orientation: 0.0321343 0.0254674 0.0415013 0.998297 Time: 1182240777292
Position: 18.27 32.2633 -1077.9 Orientation: 0.0294009 0.0279009 0.0395012 0.998397 Time: 1182335774175
Position: 23.86 32 -1083.95 Orientation: 0.0261352 0.0275687 0.0357359 0.998639 Time: 1182453143823
Position: 27.8567 31.9833 -1088.63 Orientation: 0.0227339 0.0290008 0.0334676 0.99876 Time: 1182550044171
Position: 31.7667 31.6833 -1094.2 Orientation: 0.0185678 0.0316019 0.0316352 0.998827 Time: 1182672032632
Position: 34.7867 31.21 -1098.95 Orientation: 0.0150343 0.0328688 0.0299686 0.998897 Time: 1182767782964
Position: 37.9967 30.53 -1103.76 Orientation: 0.0117002 0.0346007 0.0287006 0.998921 Time: 1182888792734
Position: 40.9267 30.0233 -1108.53 Orientation: 0.00816687 0.0339008 0.0271007 0.999024 Time: 1182985535441
Position: 45.3933 28.7167 -1113.87 Orientation: 0.00443363 0.0369358 0.0261017 0.998967 Time: 1183105742225
Position: 49.1033 27.7567 -1117.66 Orientation: 0.00133337 0.0386009 0.0243339 0.998957 Time: 1183223420725
Position: 51.38 26.9633 -1121.47 Orientation: -0.00196673 0.0381013 0.0232675 0.999001 Time: 1183316137691
Position: 54.3767 26.1633 -1125.36 Orientation: -0.00566709 0.0386696 0.0213349 0.999008 Time: 1183434814450
Position: 57.2667 25.0667 -1128.99 Orientation: -0.0086336 0.0385012 0.0195006 0.999031 Time: 1183531183443
Position: 60.34 24.07 -1132.73 Orientation: -0.0122007 0.0404022 0.017601 0.998954 Time: 1183629763521
Position: 63.86 21.8167 -1137.18 Orientation: -0.0152342 0.0400356 0.0158676 0.998956 Time: 1183753008460
Position: 67.5133 20.8133 -1139.87 Orientation: -0.0188007 0.0418349 0.0147672 0.998838 Time: 1183847895049
Position: 74.7 20.3067 -1141.29 Orientation: -0.0231683 0.0428364 0.0123009 0.998738 Time: 1183967564319
Position: 83.39 19.6967 -1140.64 Orientation: -0.022135 0.0433699 0.00893399 0.998774 Time: 1184065880703
Position: 97.8967 20.31 -1138.45 Orientation: -0.0208685 0.0459708 0.00190017 0.998723 Time: 1184190489952
Position: 105.863 20.6967 -1136.83 Orientation: -0.0209349 0.0490371 -0.00170013 0.998576 Time: 1184289369165
Position: 117.29 20.1967 -1134 Orientation: -0.0177349 0.0473708 -0.00803404 0.998688 Time: 1184386394176
Position: 131.763 20.4567 -1131.16 Orientation: -0.0202009 0.0477356 -0.0147674 0.998547 Time: 1184504972272
Position: 143.38 19.4233 -1128.38 Orientation: -0.0198673 0.0502348 -0.0187672 0.998363 Time: 1184621282494
Position: 152.363 18.0833 -1125.37 Orientation: -0.0198347 0.0507702 -0.0220349 0.99827 Time: 1184716906522
Position: 161.397 16.98 -1122.29 Orientation: -0.0193345 0.0504697 -0.0262682 0.998193 Time: 1184835021273
Position: 170.083 15.9233 -1119.71 Orientation: -0.0191336 0.0532009 -0.0300005 0.99795 Time: 1184928257279
Position: 180.323 14.39 -1116.97 Orientation: -0.0189344 0.0560697 -0.0344019 0.997654 Time: 1185049254733
Position: 186.537 13.1533 -1114.37 Orientation: -0.0192344 0.0586367 -0.0356687 0.997457 Time: 1185169188107
Position: 189.06 11.7367 -1110.77 Orientation: -0.0183339 0.0547684 -0.0364345 0.997666 Time: 1185264424737
Position: 189.89 10.6967 -1106.23 Orientation: -0.0156671 0.0587349 -0.0352676 0.997527 Time: 1185360635130
Position: 188.953 9.09333 -1097.35 Orientation: -0.0131676 0.0580375 -0.0323023 0.997705 Time: 1185481120797
Position: 185.55 7.85667 -1085.98 Orientation: -0.0073002 0.0577016 -0.0287341 0.997894 Time: 1185600588636
Position: 182.87 7.47 -1076.42 Orientation: -0.00236679 0.0585364 -0.0257013 0.997952 Time: 1185696746483
Position: 181.15 7.24667 -1065.71 Orientation: 0.00410018 0.0580692 -0.0242344 0.99801 Time: 1185790806822
Position: 180.89 7.45333 -1055.51 Orientation: 0.00966715 0.0620031 -0.0236012 0.99775 Time: 1185911715466
Position: 180.48 7.74333 -1045.92 Orientation: 0.0132673 0.0611029 -0.0229011 0.997781 Time: 1186006705781
Position: 179.203 7.32 -1035.07 Orientation: 0.0194677 0.0614034 -0.0216345 0.997689 Time: 1186131854869
Position: 177.117 6.92 -1025.78 Orientation: 0.0245682 0.0633039 -0.0198679 0.997494 Time: 1186231227807
Position: 172.357 6.16 -1014.31 Orientation: 0.0303695 0.0648393 -0.0168015 0.997292 Time: 1186348870591
Position: 167.813 4.99 -1003.8 Orientation: 0.0354356 0.0652041 -0.0126008 0.997163 Time: 1186467157763
Position: 164.88 4.02 -994.493 Orientation: 0.0410032 0.0658051 -0.00953407 0.996944 Time: 1186563756786
Position: 162.253 2.88667 -984.897 Orientation: 0.0477354 0.0661029 -0.00730032 0.996644 Time: 1186683201226
Position: 159.453 2.52667 -975.153 Orientation: 0.0520045 0.0684725 -0.0047004 0.996286 Time: 1186780702171
Position: 155.933 2.10667 -965.423 Orientation: 0.0575343 0.0695345 -0.00203337 0.995917 Time: 1186877120153
Position: 150.393 0.54 -953.38 Orientation: 0.0654394 0.0695732 0.00200019 0.995426 Time: 1186997020959
Position: 144.69 0.46 -944.41 Orientation: 0.0695045 0.0700712 0.00626707 0.995098 Time: 1187116398894
Position: 139.963 -0.11 -936.867 Orientation: 0.0739704 0.0701368 0.00906712 0.99475 Time: 1187213397632
Position: 135.81 -0.443333 -929.17 Orientation: 0.0784691 0.0698355 0.011767 0.994398 Time: 1187336355477
Position: 131.5 -0.01 -922.22 Orientation: 0.0812037 0.07157 0.014934 0.994012 Time: 1187432526187
Position: 127.74 0.04 -915.5 Orientation: 0.0853388 0.0716379 0.0168677 0.99363 Time: 1187526699967
Position: 121.99 0.11 -905.523 Orientation: 0.0903073 0.0730059 0.0209684 0.993013 Time: 1187649436404
Position: 117.37 0.876667 -897.007 Orientation: 0.0942083 0.0735064 0.0236354 0.992554 Time: 1187768746602
Position: 113.07 1.51667 -890.617 Orientation: 0.0958741 0.0755059 0.026302 0.992177 Time: 1187862268744
Position: 108.353 1.64 -884.493 Orientation: 0.0991392 0.0726709 0.0278683 0.992025 Time: 1187984680866
Position: 105.777 2.01667 -878.053 Orientation: 0.101504 0.0744029 0.0296678 0.991605 Time: 1188078544427
Position: 103.51 2.3 -869.727 Orientation: 0.105472 0.0747703 0.0301681 0.991148 Time: 1188201263758
Position: 102.183 2.65667 -863.483 Orientation: 0.108543 0.0751401 0.0301694 0.990789 Time: 1188299223396
Position: 100.287 3.22667 -856.87 Orientation: 0.111505 0.0747702 0.0304348 0.99048 Time: 1188396047524
Position: 97.4367 3.79 -849.51 Orientation: 0.113673 0.0757379 0.0315019 0.990126 Time: 1188517239293
Position: 93.91 4.09 -843.32 Orientation: 0.114807 0.0755046 0.033102 0.989961 Time: 1188635230750
Position: 91.97 3.05333 -838.677 Orientation: 0.117139 0.0764372 0.0350351 0.98955 Time: 1188730182064
Position: 88.41 1.02 -831.657 Orientation: 0.122276 0.0766395 0.0368696 0.988846 Time: 1188851128203
Position: 85.5133 -0.0133333 -827.053 Orientation: 0.123771 0.0774691 0.0385346 0.988531 Time: 1188943270708
Position: 81.5533 -2.77333 -822.807 Orientation: 0.127447 0.0778749 0.0416711 0.987905 Time: 1189059896623
Position: 78.33 -5.27333 -820.827 Orientation: 0.130341 0.0769712 0.0441359 0.987491 Time: 1189155788313
Position: 73.26 -8.64 -819.51 Orientation: 0.132675 0.0775046 0.0493363 0.986892 Time: 1189274564556
Position: 66.09 -12.1767 -819.897 Orientation: 0.134078 0.0754733 0.0545381 0.986586 Time: 1189391435828
Position: 61.42 -14.42 -820.37 Orientation: 0.135508 0.0740043 0.0571033 0.986357 Time: 1189484633792
Position: 53.7 -17.79 -821.35 Orientation: 0.137578 0.0722062 0.0613053 0.985951 Time: 1189605315416
Position: 46.44 -20.5 -822.973 Orientation: 0.137412 0.0712397 0.0653058 0.985788 Time: 1189699562955
Position: 38.6033 -23.2267 -824.277 Orientation: 0.137646 0.0665397 0.0681065 0.985894 Time: 1189823454470
Position: 33.7667 -25.2267 -824.49 Orientation: 0.138213 0.0658061 0.0705732 0.985691 Time: 1189919163750
Position: 28.4233 -27.51 -824.837 Orientation: 0.138474 0.0663369 0.0733039 0.985419 Time: 1190037046691
Position: 24.61 -28.83 -825.35 Orientation: 0.139211 0.065705 0.0744057 0.985275 Time: 1190132891854
Position: 19.2467 -29.9733 -826.413 Orientation: 0.137811 0.0667052 0.076506 0.985244 Time: 1190255338734
Position: 12.52 -32.8733 -828.023 Orientation: 0.138176 0.065571 0.0799053 0.984999 Time: 1190375561255
Position: 5.84333 -36.39 -829.613 Orientation: 0.139674 0.0627702 0.0833047 0.984688 Time: 1190469821519
Position: -2.09333 -40.6633 -831.763 Orientation: 0.139645 0.0615383 0.0881738 0.984346 Time: 1190588034112
Position: -7.02 -43.18 -833.26 Orientation: 0.139904 0.0606018 0.0908026 0.984129 Time: 1190683060689
Position: -11.18 -45.2633 -834.8 Orientation: 0.13941 0.0596042 0.0928399 0.98407 Time: 1190781593010
Position: -18.5167 -49.5967 -837.223 Orientation: 0.139972 0.0559687 0.0959702 0.983903 Time: 1190903958058
Position: -23.9167 -53.55 -839.103 Orientation: 0.139875 0.0548367 0.0985393 0.983727 Time: 1190997446263
Position: -29.61 -57.94 -841.6 Orientation: 0.139174 0.0516695 0.102239 0.98362 Time: 1191114344766
Position: -35.41 -62.87 -844.08 Orientation: 0.140804 0.0475014 0.104803 0.983328 Time: 1191232420791
Position: -39.1933 -66.1333 -845.77 Orientation: 0.140714 0.0461378 0.107077 0.983161 Time: 1191327255790
Position: -45.21 -72.0767 -849.07 Orientation: 0.141774 0.0457357 0.110772 0.982618 Time: 1191446257548
Position: -49.86 -77.0133 -852.04 Orientation: 0.142578 0.045037 0.113576 0.982214 Time: 1191543964167
Position: -54.9367 -83.2333 -855.71 Orientation: 0.144813 0.0422037 0.115243 0.981818 Time: 1191668991193
Position: -58.3033 -87.8767 -858.393 Orientation: 0.145174 0.0410355 0.116906 0.981618 Time: 1191767637502
Position: -63.2567 -94.1233 -862.007 Orientation: 0.147181 0.0407039 0.116945 0.981328 Time: 1191885835315
Position: -67.66 -97.74 -864.7 Orientation: 0.14771 0.0362024 0.116608 0.981465 Time: 1191983884174
Position: -72.5667 -103.467 -868.29 Orientation: 0.148438 0.0341678 0.117971 0.981265 Time: 1192084503053
Position: -77.71 -109.96 -871.75 Orientation: 0.150605 0.0292344 0.120104 0.980836 Time: 1192208030297
Position: -82.1667 -114.96 -874.287 Orientation: 0.152008 0.0270681 0.12224 0.980417 Time: 1192307876296
Position: -87.4867 -121.723 -876.997 Orientation: 0.153578 0.0244685 0.124109 0.980006 Time: 1192433316720
Position: -90.4467 -125.55 -878.703 Orientation: 0.156774 0.0221344 0.123906 0.979581 Time: 1192529044747
Position: -95.99 -131.69 -882.51 Orientation: 0.156775 0.0192677 0.127973 0.979119 Time: 1192650077096
Position: -98.99 -136.22 -884.697 Orientation: 0.157114 0.0204684 0.130911 0.978651 Time: 1192749513801
Position: -101.38 -141.57 -886.583 Orientation: 0.158644 0.0212681 0.134009 0.977968 Time: 1192867793036
Position: -103.4 -145.82 -888.3 Orientation: 0.159777 0.021168 0.136576 0.97743 Time: 1192965176435
Position: -102.24 -150.433 -889.923 Orientation: 0.160575 0.0203344 0.137274 0.977219 Time: 1193089349432
Position: -99.56 -154.227 -889.597 Orientation: 0.164239 0.0216674 0.137605 0.976535 Time: 1193186206402
Position: -94.73 -156.363 -887.363 Orientation: 0.165611 0.0260685 0.136143 0.976401 Time: 1193307072215
Position: -89.2133 -157.677 -884.673 Orientation: 0.167675 0.0281681 0.13354 0.97635 Time: 1193402454717
Position: -78.53 -158.54 -879.823 Orientation: 0.170848 0.0334029 0.130711 0.976017 Time: 1193522101271
Position: -67.2533 -157.88 -874.787 Orientation: 0.172513 0.0403697 0.127076 0.975941 Time: 1193617397290
Position: -52.1667 -156.407 -867.87 Orientation: 0.175083 0.0471376 0.121778 0.975856 Time: 1193739319930
Position: -38.72 -156.917 -861.603 Orientation: 0.179414 0.0513039 0.117576 0.975374 Time: 1193855362900
Position: -29.6567 -157.15 -857.363 Orientation: 0.183776 0.0536361 0.112939 0.974984 Time: 1193949449239
Position: -18.2533 -156.297 -851.28 Orientation: 0.186974 0.0536688 0.106738 0.975073 Time: 1194069557908
Position: -9.85333 -155.727 -846.06 Orientation: 0.191005 0.0540348 0.101869 0.974792 Time: 1194165149230
Position: -2.05 -154.88 -841.133 Orientation: 0.192914 0.053904 0.097474 0.974873 Time: 1194262908806
Position: 7.27 -154.177 -836.33 Orientation: 0.196713 0.0554035 0.0916392 0.974596 Time: 1194385749926
Position: 13.5933 -153.9 -832.86 Orientation: 0.197584 0.0575717 0.0895745 0.974486 Time: 1194481930898
Position: 20.3167 -154.887 -829.16 Orientation: 0.200676 0.0588361 0.0881041 0.973912 Time: 1194604260368
Position: 25.9467 -155.307 -826.577 Orientation: 0.201647 0.0593374 0.0867727 0.973801 Time: 1194721057198
Position: 30.9467 -155.76 -824.767 Orientation: 0.203151 0.058605 0.0843072 0.973749 Time: 1194819614423
Position: 37.2167 -156.287 -823.783 Orientation: 0.203607 0.0592021 0.0809695 0.973901 Time: 1194936423296
Position: 41.1533 -156.823 -824.71 Orientation: 0.204345 0.0591367 0.0788712 0.973923 Time: 1195032655447
Position: 43.67 -157.08 -826.38 Orientation: 0.204618 0.0582052 0.0768068 0.974086 Time: 1195128226380
Position: 47.19 -156.677 -830.193 Orientation: 0.202444 0.0583698 0.0756708 0.97462 Time: 1195250485376
Position: 49.4367 -156.263 -834.847 Orientation: 0.200748 0.0581044 0.0749723 0.97504 Time: 1195351009014
Position: 51.8067 -156.063 -840.26 Orientation: 0.19891 0.0572696 0.0743039 0.975517 Time: 1195447882678
Position: 55.6633 -156.153 -847.687 Orientation: 0.197073 0.0558685 0.0726024 0.976099 Time: 1195570622535
Position: 59.19 -155.317 -854.46 Orientation: 0.193589 0.055873 0.070108 0.976978 Time: 1195671460771
Position: 63.94 -154.303 -864.223 Orientation: 0.188507 0.0540686 0.0678025 0.978235 Time: 1195792155121
Position: 67.9433 -153.207 -872.22 Orientation: 0.184877 0.0527364 0.0650038 0.97919 Time: 1195886683870
Position: 73.1867 -152.797 -881.9 Orientation: 0.181583 0.0517712 0.0614721 0.980086 Time: 1196003791604
Position: 77.4033 -153.01 -889.023 Orientation: 0.179245 0.0512367 0.0589706 0.980698 Time: 1196101011477
Position: 82.8767 -153.483 -899.63 Orientation: 0.175549 0.0499712 0.0562718 0.98159 Time: 1196224309237
Position: 87.47 -154.01 -909.517 Orientation: 0.170813 0.0501037 0.0547373 0.982505 Time: 1196320757734
Position: 92.3 -154.827 -923.67 Orientation: 0.164811 0.0492699 0.0530368 0.983665 Time: 1196437775974
Position: 96.3533 -155.45 -934.467 Orientation: 0.160514 0.0497378 0.0517379 0.984421 Time: 1196533027793
Position: 101.19 -156.04 -947.36 Orientation: 0.15461 0.05147 0.0500366 0.985364 Time: 1196651721383
Position: 103.68 -155.977 -957.227 Orientation: 0.150545 0.0508039 0.0491037 0.986075 Time: 1196748338196
Position: 107.077 -154.54 -971.773 Orientation: 0.142211 0.0494704 0.0464369 0.987508 Time: 1196870345130
Position: 110.107 -152.973 -984.21 Orientation: 0.135747 0.0498385 0.0449047 0.98847 Time: 1196964959678
Position: 114.63 -150.577 -1001.16 Orientation: 0.127308 0.0499366 0.0424027 0.989697 Time: 1197085414008
Position: 116.643 -148.857 -1014.52 Orientation: 0.12131 0.0478041 0.0409035 0.990619 Time: 1197183031268
Position: 117.1 -147.32 -1030.74 Orientation: 0.113074 0.0469031 0.0409694 0.991633 Time: 1197306722174
Position: 115.433 -146.493 -1049.22 Orientation: 0.105036 0.043601 0.0420343 0.992623 Time: 1197427905459
Position: 113.96 -146.44 -1057.98 Orientation: 0.10144 0.0438697 0.0431697 0.992936 Time: 1197524179210
Position: 108.467 -147.033 -1074.79 Orientation: 0.0949763 0.0445045 0.0478049 0.993335 Time: 1197642541370
Position: 103.087 -148.57 -1086.5 Orientation: 0.0910379 0.0433688 0.0518693 0.99355 Time: 1197736648099
Position: 94.6033 -151.383 -1100.12 Orientation: 0.0886013 0.0410673 0.0571008 0.993581 Time: 1197856874315
Position: 88.4633 -152.757 -1110.79 Orientation: 0.0858035 0.0362682 0.0605692 0.993808 Time: 1197956340715
Position: 81.0967 -153.93 -1123.62 Orientation: 0.0825703 0.0317014 0.0647029 0.993977 Time: 1198076214153
Position: 76.44 -154.527 -1132.44 Orientation: 0.0800353 0.0297674 0.0680017 0.994024 Time: 1198195987286
Position: 71.39 -156.473 -1141.4 Orientation: 0.0814022 0.026434 0.0691685 0.993927 Time: 1198294616353
Position: 65.9833 -157.19 -1149.38 Orientation: 0.0801387 0.0244016 0.0708047 0.993966 Time: 1198393357630
Position: 59.52 -158.93 -1157.61 Orientation: 0.080574 0.0227021 0.0719398 0.99389 Time: 1198514016949
Position: 55.3 -161.017 -1162.89 Orientation: 0.0843074 0.0197351 0.0713396 0.993687 Time: 1198610694519
Position: 53.9767 -161.877 -1168.66 Orientation: 0.0858076 0.0309694 0.0711063 0.993288 Time: 1198732233318
Position: 55.2867 -160.527 -1171.49 Orientation: 0.0823376 0.0509026 0.076604 0.992351 Time: 1198829023372
Position: 55.8133 -160.403 -1172.61 Orientation: 0.0834081 0.0563722 0.0770742 0.99193 Time: 1198952177038
Position: 57.2533 -160.27 -1175.26 Orientation: 0.0839042 0.0680701 0.0767038 0.991183 Time: 1199046649407
Position: 57.54 -160.25 -1175.97 Orientation: 0.0847358 0.0736355 0.0769356 0.990696 Time: 1199166460993
Position: 56.8033 -160.29 -1174.48 Orientation: 0.0835041 0.0667699 0.0770038 0.991282 Time: 1199261947495
Position: 57.61 -160.24 -1176.11 Orientation: 0.0848071 0.0738728 0.076373 0.990716 Time: 1199379863278
Position: 57.0967 -160.28 -1175.11 Orientation: 0.0844062 0.0694051 0.0768057 0.99104 Time: 1199499712495
Position: 57.47 -160.263 -1175.83 Orientation: 0.0847728 0.0726052 0.0769055 0.990771 Time: 1199595535353
Position: 57.5467 -160.36 -1175.93 Orientation: 0.084637 0.0706031 0.07627 0.990977 Time: 1199713453053
Position: 57.42 -160.297 -1175.71 Orientation: 0.0842709 0.0707369 0.0769038 0.990949 Time: 1199808125347
Position: 57.69 -160.257 -1176.29 Orientation: 0.0850407 0.0731397 0.0767733 0.990719 Time: 1199928624424
Position: 57.41 -160.17 -1175.74 Orientation: 0.0842077 0.0714065 0.0771071 0.990891 Time: 1200025131627
Position: 57.6767 -160.263 -1176.22 Orientation: 0.0843388 0.0733048 0.076805 0.990765 Time: 1200148552818
Position: 57.5367 -160.277 -1175.9 Orientation: 0.0844058 0.0710382 0.0766719 0.990934 Time: 1200242541316
Position: 57.6033 -160.277 -1176.07 Orientation: 0.0849075 0.0720064 0.0766735 0.990821 Time: 1200363584475
Position: 57.6067 -160.273 -1176.05 Orientation: 0.0846732 0.0712722 0.0764726 0.99091 Time: 1200460064446
Position: 57.58 -160.25 -1176.04 Orientation: 0.0850369 0.0719697 0.0767365 0.990808 Time: 1200580435029
Position: 57.59 -160.283 -1176.02 Orientation: 0.0846705 0.0708698 0.0764034 0.990944 Time: 1200697028650
Position: 57.5433 -160.253 -1176 Orientation: 0.0850074 0.0717396 0.07684 0.990819 Time: 1200790735254
Position: 57.6433 -160.273 -1176.04 Orientation: 0.0854723 0.0700046 0.0760383 0.990965 Time: 1200911300837
Position: 57.55 -160.267 -1175.96 Orientation: 0.0844043 0.0723704 0.0769373 0.990817 Time: 1201006720286
Position: 57.6 -160.263 -1176.12 Orientation: 0.084707 0.073306 0.0770397 0.990715 Time: 1201129408417
Position: 57.5633 -160.253 -1176.01 Orientation: 0.085038 0.0721707 0.0768042 0.990788 Time: 1201223316178
Position: 57.6033 -160.267 -1176.03 Orientation: 0.0843371 0.0719032 0.0766701 0.990878 Time: 1201341542865
Position: 57.5667 -160.263 -1176.03 Orientation: 0.0843735 0.0728726 0.0769729 0.99078 Time: 1201438317182
Position: 57.61 -160.273 -1176.02 Orientation: 0.0848389 0.071238 0.0764717 0.990898 Time: 1201556307271
Position: 57.58 -160.263 -1176.07 Orientation: 0.0849401 0.0723724 0.0768395 0.990779 Time: 1201677744260
Position: 57.5967 -160.283 -1176.07 Orientation: 0.0841693 0.0726023 0.0768024 0.990831 Time: 1201776289717
Position: 57.5733 -160.273 -1176.07 Orientation: 0.0841376 0.073037 0.0770372 0.990783 Time: 1201872663362
