Position: -96.78 -84.41 -949.857 Orientation: -0.100373 0.0637038 -0.033002 0.99236 Time: 191400276063
Position: -96.7733 -84.41 -949.847 Orientation: -0.100442 0.0632387 -0.0329694 0.992384 Time: 191522888795
Position: -96.7767 -84.41 -949.857 Orientation: -0.100003 0.0632683 -0.0330008 0.992425 Time: 191206708818
Position: -96.7667 -84.41 -949.823 Orientation: -0.100473 0.0623042 -0.0331356 0.992434 Time: 191302841212
Position: -96.7633 -84.41 -949.833 Orientation: -0.100104 0.0617689 -0.0332012 0.992503 Time: 191641995783
Position: -96.7633 -84.4033 -949.817 Orientation: -0.100508 0.0620052 -0.0331361 0.992449 Time: 191747041486
Position: -96.7633 -84.4067 -949.827 Orientation: -0.100306 0.0628035 -0.0330685 0.992422 Time: 191841071446
Position: -96.77 -84.4 -949.843 Orientation: -0.100105 0.0627029 -0.0331349 0.992446 Time: 191961300262
Position: -96.7667 -84.4067 -949.817 Orientation: -0.100243 0.0627063 -0.0331033 0.992433 Time: 192056347502
Position: -96.7667 -84.41 -949.823 Orientation: -0.100475 0.0626385 -0.0330694 0.992415 Time: 192150159200
Position: -96.7633 -84.41 -949.807 Orientation: -0.100341 0.0619045 -0.0331691 0.992471 Time: 192270927719
Position: -96.7667 -84.4033 -949.81 Orientation: -0.100535 0.062501 -0.0331006 0.992417 Time: 192388523156
Position: -96.7633 -84.41 -949.817 Orientation: -0.100305 0.0623365 -0.0331017 0.99245 Time: 192481002976
Position: -96.7767 -84.41 -949.84 Orientation: -0.100343 0.0632392 -0.0330031 0.992393 Time: 192604289515
Position: -96.77 -84.4067 -949.843 Orientation: -0.100236 0.0628682 -0.0331008 0.992424 Time: 192698445233
Position: -96.76 -84.4033 -949.8 Orientation: -0.100436 0.0620015 -0.0331341 0.992457 Time: 192815833629
Position: -96.77 -84.4 -949.83 Orientation: -0.10021 0.0634061 -0.0330032 0.992395 Time: 192911935781
Position: -96.7667 -84.4067 -949.84 Orientation: -0.100236 0.0623015 -0.0331675 0.992457 Time: 193032437869
Position: -96.7633 -84.41 -949.803 Orientation: -0.100305 0.0623696 -0.0331682 0.992446 Time: 193127226342
Position: -96.7667 -84.4067 -949.813 Orientation: -0.100239 0.062837 -0.0331353 0.992424 Time: 193246561856
Position: -96.7767 -84.4067 -949.83 Orientation: -0.100442 0.0631056 -0.0330696 0.992389 Time: 193343034164
Position: -96.7767 -84.41 -949.847 Orientation: -0.100202 0.062968 -0.0331007 0.992421 Time: 193467107268
Position: -96.7667 -84.4033 -949.82 Orientation: -0.100338 0.0624026 -0.0331347 0.992442 Time: 193565529157
Position: -96.77 -84.4067 -949.84 Orientation: -0.10017 0.0628022 -0.0331012 0.992434 Time: 193690714509
Position: -96.7633 -84.4033 -949.83 Orientation: -0.100336 0.0626351 -0.0331009 0.992428 Time: 193786624808
Position: -96.77 -84.4 -949.833 Orientation: -0.100072 0.0626701 -0.0330685 0.992454 Time: 193914540833
Position: -96.75 -84.41 -949.77 Orientation: -0.100206 0.0607033 -0.0333018 0.992555 Time: 194011458013
Position: -96.7667 -84.4067 -949.82 Orientation: -0.100338 0.0628365 -0.0330683 0.992416 Time: 194131039294
Position: -96.77 -84.4067 -949.843 Orientation: -0.100275 0.0629719 -0.0330361 0.992415 Time: 194230564262
Position: -96.76 -84.41 -949.81 Orientation: -0.100341 0.061838 -0.0331692 0.992475 Time: 194349130180
Position: -96.7567 -84.41 -949.81 Orientation: -0.100171 0.0616357 -0.033168 0.992505 Time: 194442537375
Position: -96.7767 -84.4067 -949.843 Orientation: -0.10034 0.0630711 -0.0330356 0.992402 Time: 194564361489
Position: -96.76 -84.41 -949.807 Orientation: -0.100138 0.0614698 -0.033235 0.992517 Time: 194661295773
Position: -96.7767 -84.41 -949.86 Orientation: -0.100208 0.063105 -0.0331026 0.992411 Time: 194781584252
Position: -96.7633 -84.41 -949.837 Orientation: -0.100207 0.0621045 -0.0331691 0.992472 Time: 194874947931
Position: -96.7733 -84.4067 -949.843 Orientation: -0.100105 0.0632032 -0.0330683 0.992417 Time: 194998127049
Position: -96.7667 -84.41 -949.837 Orientation: -0.100403 0.0626016 -0.0330342 0.992426 Time: 195118961388
Position: -96.7667 -84.4067 -949.83 Orientation: -0.100371 0.0622696 -0.0331349 0.992447 Time: 195213445800
Position: -96.77 -84.41 -949.81 Orientation: -0.100303 0.0626021 -0.0331011 0.992434 Time: 195310680589
Position: -96.7767 -84.4033 -949.85 Orientation: -0.100338 0.0634695 -0.0330015 0.992378 Time: 195433388151
Position: -96.7633 -84.4067 -949.823 Orientation: -0.100204 0.0627024 -0.0331012 0.992437 Time: 195531317548
Position: -96.76 -84.4033 -949.827 Orientation: -0.100408 0.0616384 -0.0331694 0.992481 Time: 195637441698
Position: -96.76 -84.4 -949.8 Orientation: -0.100205 0.0625031 -0.0331017 0.99245 Time: 195758533710
Position: -96.7833 -84.41 -949.863 Orientation: -0.100375 0.063872 -0.0329694 0.99235 Time: 195877848013
Position: -96.7633 -84.4067 -949.823 Orientation: -0.100274 0.0625379 -0.0331358 0.992439 Time: 195974040207
Position: -96.77 -84.41 -949.843 Orientation: -0.100208 0.0631716 -0.0330026 0.99241 Time: 196092589429
Position: -96.76 -84.4067 -949.837 Orientation: -0.100207 0.0622043 -0.0331023 0.992468 Time: 196187760921
Position: -96.7733 -84.41 -949.84 Orientation: -0.100341 0.0634717 -0.0329693 0.992379 Time: 196309501699
Position: -96.7667 -84.4033 -949.847 Orientation: -0.100006 0.0622035 -0.0331018 0.992489 Time: 196404664707
Position: -96.7733 -84.4033 -949.833 Orientation: -0.100338 0.0635028 -0.0329681 0.992377 Time: 196525556109
Position: -96.7667 -84.4033 -949.843 Orientation: -0.100271 0.0631026 -0.0330347 0.992407 Time: 196620527813
Position: -96.7733 -84.4067 -949.843 Orientation: -0.100239 0.0629035 -0.0330685 0.992422 Time: 196741776098
Position: -96.7733 -84.4033 -949.823 Orientation: -0.10024 0.0632708 -0.0330688 0.992399 Time: 196861594252
Position: -96.78 -84.41 -949.86 Orientation: -0.100101 0.0634004 -0.0330002 0.992407 Time: 196958730378
Position: -96.76 -84.4033 -949.79 Orientation: -0.100405 0.0621366 -0.0331351 0.992451 Time: 197078551679
Position: -96.76 -84.4067 -949.83 Orientation: -0.10014 0.0623043 -0.0331356 0.992468 Time: 197173841403
Position: -96.7567 -84.4 -949.807 Orientation: -0.100475 0.0621383 -0.0331026 0.992445 Time: 197270763372
Position: -96.7433 -84.41 -949.78 Orientation: -0.100403 0.060835 -0.0333009 0.992527 Time: 197389534005
Position: -96.77 -84.4 -949.82 Orientation: -0.100471 0.063203 -0.0330349 0.992381 Time: 197484161415
Position: -96.77 -84.4 -949.85 Orientation: -0.100106 0.0625038 -0.033102 0.99246 Time: 197608128056
Position: -96.78 -84.4 -949.86 Orientation: -0.10001 0.0636066 -0.0330034 0.992403 Time: 197707361279
Position: -96.7633 -84.41 -949.823 Orientation: -0.100405 0.0622362 -0.0331015 0.992446 Time: 197826770687
Position: -96.78 -84.41 -949.843 Orientation: -0.100308 0.0635049 -0.0330692 0.992377 Time: 197942616606
Position: -96.76 -84.4067 -949.807 Orientation: -0.10034 0.0620373 -0.0331688 0.992463 Time: 198037240322
Position: -96.7633 -84.4067 -949.807 Orientation: -0.10024 0.0627375 -0.0330689 0.992433 Time: 198132365014
Position: -96.78 -84.4 -949.86 Orientation: -0.100207 0.0638045 -0.0330023 0.99237 Time: 198255822058
Position: -96.77 -84.4067 -949.853 Orientation: -0.100203 0.0629016 -0.0330675 0.992426 Time: 198351432538
Position: -96.7767 -84.41 -949.867 Orientation: -0.100208 0.064172 -0.032936 0.992348 Time: 198471728269
Position: -96.7633 -84.41 -949.82 Orientation: -0.100107 0.0622713 -0.0331358 0.992473 Time: 198566886762
Position: -96.7767 -84.41 -949.853 Orientation: -0.100139 0.0636701 -0.0329684 0.992387 Time: 198685073628
Position: -96.78 -84.4067 -949.867 Orientation: -0.0999355 0.063968 -0.0329674 0.992388 Time: 198781908840
Position: -96.78 -84.41 -949.88 Orientation: -0.100104 0.0629022 -0.0331012 0.992435 Time: 198905158842
Position: -96.7633 -84.4033 -949.837 Orientation: -0.100369 0.062035 -0.0331676 0.99246 Time: 198998723952
Position: -96.77 -84.4 -949.843 Orientation: -0.100037 0.0629691 -0.0330679 0.992438 Time: 199116741956
Position: -96.76 -84.4 -949.827 Orientation: -0.0999078 0.0614048 -0.0332359 0.992544 Time: 199214547100
Position: -96.76 -84.41 -949.823 Orientation: -0.100375 0.0616054 -0.0331696 0.992486 Time: 199333491521
Position: -96.7667 -84.4067 -949.823 Orientation: -0.0999438 0.0625732 -0.0331368 0.992471 Time: 199449796406
Position: -96.7667 -84.4067 -949.84 Orientation: -0.100171 0.062003 -0.0332016 0.992481 Time: 199545854632
Position: -96.7667 -84.4033 -949.837 Orientation: -0.100138 0.0626031 -0.033135 0.992449 Time: 199664736243
Position: -96.7667 -84.4067 -949.847 Orientation: -0.100206 0.0623039 -0.0331021 0.992462 Time: 199757936807
Position: -96.7767 -84.41 -949.84 Orientation: -0.100372 0.0632369 -0.0330352 0.992389 Time: 199878189159
Position: -96.77 -84.41 -949.84 Orientation: -0.100206 0.062804 -0.0331021 0.992431 Time: 199975203222
Position: -96.77 -84.4067 -949.83 Orientation: -0.100303 0.0626685 -0.033101 0.992429 Time: 200096957821
Position: -96.76 -84.4033 -949.823 Orientation: -0.100172 0.0624701 -0.0331018 0.992455 Time: 200213879177
Position: -96.7633 -84.4033 -949.83 Orientation: -0.100236 0.0627686 -0.033101 0.99243 Time: 200307365329
Position: -96.7633 -84.4 -949.83 Orientation: -0.0999418 0.062372 -0.0331028 0.992485 Time: 200426803201
Position: -96.76 -84.41 -949.823 Orientation: -0.100106 0.062537 -0.0331019 0.992458 Time: 200523455455
Position: -96.77 -84.41 -949.83 Orientation: -0.100276 0.0627394 -0.0330365 0.99243 Time: 200618848494
Position: -96.76 -84.4033 -949.8 Orientation: -0.100307 0.0620042 -0.0332023 0.992467 Time: 200739746738
Position: -96.76 -84.4067 -949.837 Orientation: -0.100176 0.0617726 -0.0332032 0.992495 Time: 200834572980
Position: -96.7633 -84.4 -949.833 Orientation: -0.0999054 0.0618034 -0.0332018 0.99252 Time: 200956267231
Position: -96.77 -84.41 -949.85 Orientation: -0.100307 0.0636047 -0.0330024 0.992373 Time: 201058513430
Position: -96.77 -84.4067 -949.837 Orientation: -0.100374 0.0629712 -0.0330357 0.992405 Time: 201178604445
Position: -96.7667 -84.4033 -949.83 Orientation: -0.100103 0.0624685 -0.033101 0.992462 Time: 201273454360
Position: -96.7567 -84.41 -949.803 Orientation: -0.100503 0.0618351 -0.0331009 0.992462 Time: 201389335858
Position: -96.76 -84.4067 -949.827 Orientation: -0.100206 0.0622707 -0.0331021 0.992464 Time: 201483838195
Position: -96.78 -84.4033 -949.84 Orientation: -0.10014 0.063971 -0.0329689 0.992367 Time: 201604352873
Position: -96.7733 -84.4033 -949.873 Orientation: -0.100069 0.0637016 -0.0329675 0.992392 Time: 201698191119
Position: -96.7767 -84.4067 -949.863 Orientation: -0.100075 0.063272 -0.0330361 0.992416 Time: 201807985084
Position: -96.7633 -84.4067 -949.813 Orientation: -0.100173 0.0623041 -0.0331022 0.992465 Time: 201930241754
