Position: 21.1233 -8.56 -1175.71 Orientation: -0.178887 0.0770419 -0.0804756 0.977542 Time: 335471972942
Position: 21.13 -8.56 -1175.71 Orientation: -0.178773 0.0769026 -0.0805693 0.977566 Time: 335566759636
Position: 21.1367 -8.56 -1175.68 Orientation: -0.178613 0.0760055 -0.0805058 0.97767 Time: 335787770583
Position: 21.11 -8.57 -1175.76 Orientation: -0.178918 0.0788081 -0.0804083 0.977401 Time: 335662562926
Position: 21.12 -8.56 -1175.72 Orientation: -0.17905 0.0772074 -0.080541 0.977493 Time: 335883847829
Position: 21.11 -8.56667 -1175.72 Orientation: -0.179374 0.0788366 -0.0805033 0.977307 Time: 336000243714
Position: 21.1333 -8.55667 -1175.71 Orientation: -0.178873 0.0762361 -0.0805363 0.977602 Time: 336120780833
Position: 21.1367 -8.56 -1175.68 Orientation: -0.179017 0.0760071 -0.0805741 0.977591 Time: 336213780104
Position: 21.1233 -8.56333 -1175.69 Orientation: -0.179078 0.077105 -0.0805385 0.977496 Time: 336332204116
Position: 21.1133 -8.56 -1175.76 Orientation: -0.179275 0.0781703 -0.0805037 0.977379 Time: 336428725961
Position: 21.15 -8.55333 -1175.67 Orientation: -0.178639 0.075069 -0.0806025 0.97773 Time: 336549746678
Position: 21.0933 -8.56333 -1175.76 Orientation: -0.17875 0.0798075 -0.0803076 0.977359 Time: 336650580672
Position: 21.1233 -8.56667 -1175.69 Orientation: -0.178979 0.0773385 -0.0805054 0.977499 Time: 336744397571
Position: 21.12 -8.56333 -1175.71 Orientation: -0.178577 0.0775047 -0.0805049 0.977559 Time: 336867402900
Position: 21.1333 -8.55667 -1175.72 Orientation: -0.178978 0.0770051 -0.0804386 0.977531 Time: 336996487962
Position: 21.1233 -8.56333 -1175.7 Orientation: -0.178819 0.0768081 -0.0805085 0.97757 Time: 337115257773
Position: 21.1167 -8.56667 -1175.74 Orientation: -0.179213 0.0779724 -0.080506 0.977406 Time: 337219375416
Position: 21.1133 -8.56333 -1175.73 Orientation: -0.178944 0.0775045 -0.080538 0.97749 Time: 337317860115
Position: 21.1067 -8.56667 -1175.74 Orientation: -0.178708 0.0783367 -0.0804367 0.977475 Time: 337437372155
Position: 21.1233 -8.56667 -1175.69 Orientation: -0.17875 0.0775739 -0.0804742 0.977525 Time: 337530718045
Position: 21.13 -8.56333 -1175.66 Orientation: -0.179375 0.0770369 -0.0805704 0.977445 Time: 337657264422
Position: 21.1333 -8.56 -1175.69 Orientation: -0.179077 0.0763376 -0.0805711 0.977554 Time: 337753304585
Position: 21.14 -8.55667 -1175.68 Orientation: -0.179082 0.0758734 -0.0806071 0.977586 Time: 337870573518
Position: 21.12 -8.56333 -1175.72 Orientation: -0.179145 0.0773717 -0.0805385 0.977463 Time: 337963714146
Position: 21.11 -8.56667 -1175.75 Orientation: -0.178616 0.0783404 -0.0804739 0.977488 Time: 338085020178
Position: 21.1133 -8.57 -1175.73 Orientation: -0.17934 0.0781362 -0.080503 0.97737 Time: 338214562426
Position: 21.12 -8.56333 -1175.67 Orientation: -0.179208 0.0771033 -0.0805035 0.977476 Time: 338308653282
Position: 21.1233 -8.56 -1175.69 Orientation: -0.179142 0.0772037 -0.0805038 0.97748 Time: 338432705996
Position: 21.1167 -8.56667 -1175.71 Orientation: -0.179207 0.0775696 -0.0805363 0.977436 Time: 338538468201
Position: 21.1133 -8.56667 -1175.72 Orientation: -0.178943 0.0780373 -0.0805041 0.97745 Time: 338637017626
Position: 21.13 -8.56667 -1175.7 Orientation: -0.178817 0.0765405 -0.0805075 0.977591 Time: 338732271360
Position: 21.14 -8.56 -1175.67 Orientation: -0.178776 0.0758039 -0.0805709 0.977651 Time: 338853694392
Position: 21.11 -8.56667 -1175.72 Orientation: -0.178911 0.078405 -0.0804718 0.977429 Time: 338957409584
Position: 21.1233 -8.56 -1175.67 Orientation: -0.179175 0.0770371 -0.0805706 0.977481 Time: 339076395468
Position: 21.1167 -8.57333 -1175.71 Orientation: -0.178779 0.0774053 -0.0804721 0.977533 Time: 339174416137
Position: 21.1167 -8.56333 -1175.77 Orientation: -0.178605 0.077369 -0.0805357 0.977562 Time: 339273935359
Position: 21.12 -8.56667 -1175.68 Orientation: -0.179241 0.0779034 -0.0804701 0.977409 Time: 339396695468
Position: 21.1267 -8.56333 -1175.7 Orientation: -0.178978 0.0773383 -0.0805385 0.977496 Time: 339516239529
Position: 21.12 -8.56333 -1175.73 Orientation: -0.178772 0.0784022 -0.0804022 0.977461 Time: 339613710780
Position: 21.1233 -8.56 -1175.7 Orientation: -0.179219 0.0776082 -0.0804751 0.977436 Time: 339707843782
Position: 21.1167 -8.57333 -1175.71 Orientation: -0.178919 0.0773418 -0.0805421 0.977507 Time: 339828481069
Position: 21.1267 -8.56667 -1175.72 Orientation: -0.178649 0.0766065 -0.0805069 0.977617 Time: 339925578196
Position: 21.13 -8.57 -1175.68 Orientation: -0.179186 0.0767082 -0.0805753 0.977505 Time: 340044324196
Position: 21.1067 -8.57333 -1175.72 Orientation: -0.179105 0.0783024 -0.0805358 0.977397 Time: 340162944440
Position: 21.14 -8.56333 -1175.67 Orientation: -0.178841 0.0753366 -0.0805701 0.977675 Time: 340256924864
Position: 21.1333 -8.56333 -1175.7 Orientation: -0.178938 0.0761685 -0.080602 0.97759 Time: 340380649296
Position: 21.1267 -8.56 -1175.68 Orientation: -0.179072 0.0771023 -0.080569 0.977495 Time: 340498043439
Position: 21.1233 -8.56333 -1175.72 Orientation: -0.179081 0.0773063 -0.0805399 0.97748 Time: 340592911144
Position: 21.1333 -8.56333 -1175.69 Orientation: -0.17901 0.0765044 -0.080538 0.977556 Time: 340694493524
Position: 21.1267 -8.56667 -1175.72 Orientation: -0.178847 0.0766059 -0.0805729 0.977575 Time: 340812306540
Position: 21.11 -8.56667 -1175.76 Orientation: -0.178643 0.0787708 -0.0804376 0.977452 Time: 340906424489
Position: 21.1133 -8.56667 -1175.75 Orientation: -0.178881 0.0786729 -0.0805063 0.97741 Time: 341026208570
Position: 21.12 -8.56333 -1175.69 Orientation: -0.179239 0.0776024 -0.0805025 0.977431 Time: 341121909502
Position: 21.1333 -8.56333 -1175.66 Orientation: -0.179017 0.0764404 -0.0805741 0.977557 Time: 341242228633
Position: 21.1233 -8.56333 -1175.75 Orientation: -0.179237 0.077735 -0.0805017 0.97742 Time: 341361024855
Position: 21.1367 -8.56667 -1175.68 Orientation: -0.178982 0.0761065 -0.0806403 0.977584 Time: 341455628728
Position: 21.1167 -8.57 -1175.74 Orientation: -0.178911 0.0780047 -0.0805048 0.977459 Time: 341584334055
Position: 21.1067 -8.56667 -1175.75 Orientation: -0.179008 0.0793034 -0.0804368 0.977342 Time: 341679270590
Position: 21.14 -8.56 -1175.67 Orientation: -0.178818 0.0759408 -0.0806079 0.97763 Time: 341779104957
Position: 21.1133 -8.57 -1175.73 Orientation: -0.179181 0.0787732 -0.0805066 0.977347 Time: 341897873947
Position: 21.11 -8.57 -1175.74 Orientation: -0.178647 0.0785058 -0.0804393 0.977472 Time: 342018858812
Position: 21.1133 -8.57 -1175.71 Orientation: -0.179043 0.0777709 -0.0805044 0.977453 Time: 342116038043
Position: 21.1233 -8.56333 -1175.7 Orientation: -0.17911 0.077171 -0.0805045 0.977488 Time: 342211220210
Position: 21.1267 -8.56667 -1175.7 Orientation: -0.178879 0.0770387 -0.0805723 0.977535 Time: 342327851598
Position: 21.1167 -8.56333 -1175.71 Orientation: -0.179477 0.0780044 -0.0805045 0.977355 Time: 342446750998
Position: 21.1333 -8.56333 -1175.73 Orientation: -0.179085 0.076641 -0.0805414 0.977532 Time: 342542531846
Position: 21.12 -8.57 -1175.7 Orientation: -0.179043 0.0777042 -0.080571 0.977453 Time: 342662578526
Position: 21.12 -8.56667 -1175.74 Orientation: -0.17871 0.0772378 -0.0805046 0.977556 Time: 342779898091
Position: 21.1267 -8.56333 -1175.72 Orientation: -0.178879 0.0770721 -0.080539 0.977535 Time: 342874114566
Position: 21.1267 -8.56333 -1175.71 Orientation: -0.179006 0.076836 -0.0805028 0.977534 Time: 342990919060
Position: 21.1133 -8.57 -1175.74 Orientation: -0.179043 0.0787041 -0.0804375 0.977384 Time: 343085799490
Position: 21.1167 -8.57333 -1175.74 Orientation: -0.178843 0.0777709 -0.0805377 0.977487 Time: 343205743128
Position: 21.12 -8.56 -1175.76 Orientation: -0.178817 0.0778073 -0.0805075 0.977491 Time: 343300363697
Position: 21.13 -8.56 -1175.72 Orientation: -0.178973 0.0760028 -0.0805363 0.977602 Time: 343414758548
Position: 21.13 -8.56333 -1175.68 Orientation: -0.179386 0.0766748 -0.0805753 0.977471 Time: 343508656183
Position: 21.12 -8.57 -1175.73 Orientation: -0.178975 0.0776036 -0.0805037 0.977479 Time: 343632215447
Position: 21.13 -8.57 -1175.7 Orientation: -0.179013 0.0762057 -0.080606 0.977573 Time: 343751259215
Position: 21.1267 -8.56667 -1175.66 Orientation: -0.179348 0.0770398 -0.0805735 0.977449 Time: 343867628415
Position: 21.13 -8.56333 -1175.67 Orientation: -0.17911 0.0767042 -0.080571 0.97752 Time: 343964661500
Position: 21.1067 -8.56667 -1175.73 Orientation: -0.178648 0.0783731 -0.0804732 0.97748 Time: 344058040642
Position: 21.1367 -8.56667 -1175.67 Orientation: -0.17865 0.076474 -0.0805077 0.977627 Time: 344177545566
Position: 21.1233 -8.56333 -1175.68 Orientation: -0.178919 0.0764082 -0.080642 0.977572 Time: 344273243214
Position: 21.1333 -8.56333 -1175.72 Orientation: -0.179074 0.0765033 -0.0805701 0.977542 Time: 344391965268
Position: 21.1267 -8.57 -1175.7 Orientation: -0.179113 0.076839 -0.0806059 0.977505 Time: 344510126955
Position: 21.1367 -8.56333 -1175.7 Orientation: -0.179643 0.0767041 -0.0806043 0.977419 Time: 344605066912
Position: 21.1233 -8.56667 -1175.67 Orientation: -0.17868 0.0770725 -0.0805061 0.977575 Time: 344701629809
Position: 21.1267 -8.56667 -1175.72 Orientation: -0.178948 0.0776729 -0.0805064 0.977478 Time: 344821220532
Position: 21.1267 -8.57 -1175.72 Orientation: -0.178846 0.0771386 -0.0805722 0.977534 Time: 344943236225
Position: 21.1467 -8.56 -1175.62 Orientation: -0.179107 0.0751363 -0.0806032 0.977639 Time: 345036839376
Position: 21.14 -8.56667 -1175.68 Orientation: -0.179146 0.0755386 -0.0806056 0.977601 Time: 345155035822
Position: 21.12 -8.57 -1175.75 Orientation: -0.178915 0.0776733 -0.0805069 0.977484 Time: 345274703039
Position: 21.1233 -8.56333 -1175.72 Orientation: -0.179085 0.0775079 -0.0805082 0.977466 Time: 345367879657
Position: 21.1167 -8.56667 -1175.73 Orientation: -0.179221 0.0782426 -0.0805095 0.977382 Time: 345489055141
Position: 21.1333 -8.56 -1175.72 Orientation: -0.179017 0.0759406 -0.0806077 0.977593 Time: 345586101226
Position: 21.1267 -8.57333 -1175.66 Orientation: -0.179141 0.07627 -0.0806368 0.977542 Time: 345681699801
Position: 21.12 -8.57333 -1175.75 Orientation: -0.179008 0.0775033 -0.0805701 0.977475 Time: 345802188888
Position: 21.12 -8.56667 -1175.81 Orientation: -0.178374 0.0782364 -0.0805032 0.977538 Time: 345902161466
Position: 21.1267 -8.56 -1175.77 Orientation: -0.178916 0.0772067 -0.0805403 0.977518 Time: 346022464586
Position: 21.1267 -8.56333 -1175.77 Orientation: -0.178946 0.0768719 -0.0806055 0.977534 Time: 346143024832
Position: 21.14 -8.56 -1175.72 Orientation: -0.17928 0.0755721 -0.0806392 0.977571 Time: 346237421664
