Position: 281.987 40.4233 -1021.73 Orientation: 0.262479 0.0387685 0.182075 0.946811 Time: 595933958780
Position: 281.97 40.43 -1021.74 Orientation: 0.262149 0.0394357 0.182344 0.946823 Time: 596054704857
Position: 281.987 40.4367 -1021.77 Orientation: 0.262383 0.0392358 0.182211 0.946792 Time: 596151766678
Position: 281.983 40.43 -1021.74 Orientation: 0.262212 0.0391684 0.182208 0.946843 Time: 596275822677
Position: 281.983 40.43 -1021.75 Orientation: 0.262387 0.0393697 0.182281 0.946772 Time: 596494666464
Position: 281.993 40.4167 -1021.72 Orientation: 0.262423 0.03867 0.181982 0.946848 Time: 596589335338
Position: 281.983 40.43 -1021.74 Orientation: 0.262479 0.0387352 0.182075 0.946812 Time: 596808869354
Position: 281.98 40.4233 -1021.72 Orientation: 0.262194 0.0389708 0.182153 0.946866 Time: 596375273066
Position: 281.987 40.4267 -1021.7 Orientation: 0.26249 0.0386701 0.182049 0.946817 Time: 596710724980
Position: 281.977 40.4333 -1021.76 Orientation: 0.262386 0.0392696 0.182313 0.94677 Time: 596916503551
Position: 281.99 40.4133 -1021.72 Orientation: 0.262361 0.0384041 0.181853 0.946901 Time: 597017202483
Position: 281.977 40.42 -1021.7 Orientation: 0.262482 0.0387689 0.182011 0.946822 Time: 597140871356
Position: 281.987 40.4333 -1021.75 Orientation: 0.262247 0.0392687 0.182276 0.946816 Time: 597235464010
Position: 281.98 40.4333 -1021.74 Orientation: 0.262359 0.0392371 0.182251 0.946791 Time: 597357870521
Position: 281.99 40.4167 -1021.72 Orientation: 0.262623 0.0382034 0.181783 0.94685 Time: 597483673302
Position: 281.977 40.4333 -1021.72 Orientation: 0.262426 0.0390705 0.182184 0.946792 Time: 597601212908
Position: 281.983 40.4267 -1021.75 Orientation: 0.262492 0.0389371 0.182118 0.946792 Time: 597695071816
Position: 281.98 40.43 -1021.74 Orientation: 0.262517 0.0391025 0.182212 0.94676 Time: 597815794219
Position: 281.963 40.43 -1021.71 Orientation: 0.262325 0.0393371 0.182284 0.94679 Time: 597913697479
Position: 281.98 40.4267 -1021.75 Orientation: 0.262417 0.0391025 0.182178 0.946794 Time: 598010933499
Position: 281.983 40.43 -1021.74 Orientation: 0.262386 0.0391029 0.18218 0.946803 Time: 598127988412
Position: 281.973 40.4367 -1021.74 Orientation: 0.262218 0.0397361 0.182479 0.946765 Time: 598224454289
Position: 281.97 40.44 -1021.77 Orientation: 0.262315 0.0397022 0.18241 0.946753 Time: 598346411687
Position: 281.997 40.4133 -1021.75 Orientation: 0.262321 0.0386698 0.181981 0.946876 Time: 598465987631
Position: 281.97 40.44 -1021.77 Orientation: 0.261816 0.0401692 0.182645 0.946826 Time: 598561833752
Position: 281.983 40.4333 -1021.76 Orientation: 0.262385 0.0394027 0.182313 0.946765 Time: 598680619984
Position: 281.983 40.43 -1021.76 Orientation: 0.262429 0.0390044 0.18212 0.946806 Time: 598775503015
Position: 281.973 40.4333 -1021.76 Orientation: 0.262017 0.0396693 0.182446 0.94683 Time: 598897602727
Position: 281.973 40.43 -1021.75 Orientation: 0.262225 0.0393371 0.182251 0.946824 Time: 599003652299
Position: 281.977 40.4167 -1021.69 Orientation: 0.262149 0.0389023 0.182111 0.94689 Time: 599098279299
Position: 281.977 40.4367 -1021.77 Orientation: 0.262217 0.0397025 0.182512 0.946761 Time: 599215865021
Position: 281.983 40.43 -1021.73 Orientation: 0.262462 0.0388709 0.18212 0.946803 Time: 599311966488
Position: 281.987 40.42 -1021.7 Orientation: 0.262483 0.0385024 0.181878 0.946858 Time: 599434883145
Position: 281.983 40.4167 -1021.74 Orientation: 0.262146 0.0390352 0.182142 0.946879 Time: 599530824508
Position: 281.973 40.4233 -1021.73 Orientation: 0.262323 0.0393701 0.182316 0.946783 Time: 599653649617
Position: 281.977 40.4233 -1021.71 Orientation: 0.262407 0.0389011 0.182072 0.946826 Time: 599777222155
Position: 281.987 40.4167 -1021.7 Orientation: 0.262624 0.0381368 0.181783 0.946852 Time: 599870968306
Position: 281.973 40.4367 -1021.76 Orientation: 0.262279 0.0395019 0.182375 0.946778 Time: 599993966110
Position: 281.973 40.4267 -1021.73 Orientation: 0.262078 0.0394684 0.182341 0.946842 Time: 600087723619
Position: 281.987 40.43 -1021.75 Orientation: 0.262553 0.0388696 0.182147 0.946772 Time: 600208945219
Position: 281.973 40.43 -1021.76 Orientation: 0.262051 0.0396026 0.182412 0.94683 Time: 600307601792
Position: 281.99 40.4133 -1021.71 Orientation: 0.262427 0.0382372 0.181818 0.946896 Time: 600427470029
Position: 281.987 40.4233 -1021.73 Orientation: 0.26235 0.0387025 0.182012 0.946861 Time: 600522227303
Position: 281.99 40.42 -1021.74 Orientation: 0.262313 0.038802 0.182109 0.946849 Time: 600644285005
Position: 281.993 40.4167 -1021.75 Orientation: 0.262362 0.0386376 0.181954 0.946872 Time: 600739712939
Position: 281.973 40.43 -1021.74 Orientation: 0.262226 0.0394039 0.182385 0.946795 Time: 600858358361
Position: 281.99 40.4233 -1021.75 Orientation: 0.262448 0.0387688 0.182077 0.946819 Time: 600977921716
Position: 281.983 40.4333 -1021.78 Orientation: 0.262313 0.0392019 0.182209 0.946813 Time: 601072734958
Position: 281.97 40.4367 -1021.72 Orientation: 0.262223 0.0395701 0.182416 0.946783 Time: 601193023710
Position: 281.983 40.43 -1021.75 Orientation: 0.26239 0.0390368 0.182116 0.946817 Time: 601290573918
Position: 281.973 40.4367 -1021.73 Orientation: 0.26236 0.0394373 0.182352 0.946763 Time: 601407543853
Position: 281.983 40.4167 -1021.74 Orientation: 0.262045 0.0389684 0.182142 0.94691 Time: 601500759059
Position: 281.983 40.4233 -1021.72 Orientation: 0.262424 0.0388702 0.182083 0.94682 Time: 601620945043
Position: 281.983 40.4333 -1021.75 Orientation: 0.262299 0.0389715 0.182089 0.94685 Time: 601715395791
Position: 281.987 40.4233 -1021.71 Orientation: 0.262554 0.0382031 0.181748 0.946876 Time: 601835385408
Position: 281.983 40.4267 -1021.72 Orientation: 0.262621 0.0384364 0.181948 0.946809 Time: 601953718284
Position: 281.993 40.4233 -1021.72 Orientation: 0.262674 0.0383344 0.181805 0.946826 Time: 602048522083
Position: 281.977 40.4367 -1021.73 Orientation: 0.262718 0.0388694 0.182113 0.946733 Time: 602170161051
Position: 281.983 40.4367 -1021.72 Orientation: 0.262488 0.0390032 0.182182 0.946778 Time: 602265201997
Position: 281.983 40.4233 -1021.7 Orientation: 0.262446 0.0386019 0.181975 0.946846 Time: 602382676329
Position: 281.973 40.4267 -1021.71 Orientation: 0.262251 0.0389693 0.182079 0.946865 Time: 602479296289
Position: 281.977 40.44 -1021.74 Orientation: 0.262548 0.0391021 0.18221 0.946752 Time: 602600951540
Position: 281.99 40.4333 -1021.75 Orientation: 0.262557 0.0388368 0.182083 0.946785 Time: 602695915992
Position: 281.98 40.42 -1021.71 Orientation: 0.262242 0.0389346 0.182106 0.946864 Time: 602817855326
Position: 281.973 40.4367 -1021.73 Orientation: 0.262452 0.0392361 0.182246 0.946766 Time: 602912983576
Position: 281.97 40.4333 -1021.73 Orientation: 0.262176 0.0395014 0.182407 0.946801 Time: 603034920585
Position: 281.967 40.4433 -1021.73 Orientation: 0.262409 0.0396013 0.182406 0.946732 Time: 603130343455
Position: 281.993 40.44 -1021.8 Orientation: 0.262514 0.0391688 0.182243 0.946752 Time: 603250275187
Position: 281.993 40.42 -1021.74 Orientation: 0.262487 0.0385697 0.181948 0.946841 Time: 603344847451
Position: 281.983 40.44 -1021.76 Orientation: 0.262608 0.0391345 0.182239 0.946728 Time: 603462973149
Position: 281.973 40.43 -1021.72 Orientation: 0.262346 0.0391353 0.182176 0.946813 Time: 603560603820
Position: 281.98 40.43 -1021.74 Orientation: 0.262367 0.0390383 0.182123 0.946821 Time: 603682872943
Position: 281.98 40.4267 -1021.74 Orientation: 0.262259 0.0391706 0.182218 0.946827 Time: 603778035815
Position: 281.983 40.4367 -1021.76 Orientation: 0.262418 0.0390027 0.182179 0.946798 Time: 603899108942
Position: 281.983 40.4267 -1021.74 Orientation: 0.262289 0.03897 0.182116 0.946847 Time: 603994192309
Position: 282 40.42 -1021.7 Orientation: 0.262813 0.0378019 0.181609 0.946847 Time: 604091236067
Position: 281.973 40.43 -1021.73 Orientation: 0.26238 0.0393354 0.182243 0.946782 Time: 604210009983
Position: 281.983 40.4367 -1021.74 Orientation: 0.262451 0.0391693 0.182279 0.946763 Time: 604329091519
Position: 281.967 40.43 -1021.72 Orientation: 0.262253 0.0396363 0.182414 0.946772 Time: 604424014371
Position: 281.983 40.4233 -1021.74 Orientation: 0.262225 0.0390037 0.182151 0.946857 Time: 604543034739
Position: 281.98 40.43 -1021.73 Orientation: 0.262118 0.0392027 0.182213 0.946866 Time: 604641946110
Position: 281.96 40.45 -1021.79 Orientation: 0.262214 0.0405022 0.18291 0.946651 Time: 604742410222
Position: 281.977 40.4367 -1021.77 Orientation: 0.262256 0.0397367 0.182516 0.946748 Time: 604864379524
Position: 281.98 40.4367 -1021.75 Orientation: 0.262492 0.0391371 0.182251 0.946758 Time: 604960262045
Position: 281.983 40.4267 -1021.7 Orientation: 0.262415 0.0386022 0.181977 0.946854 Time: 605055946694
Position: 281.98 40.4267 -1021.71 Orientation: 0.262513 0.0386685 0.182042 0.946812 Time: 605177516556
Position: 281.987 40.43 -1021.75 Orientation: 0.262331 0.0390713 0.182221 0.946811 Time: 605296907490
Position: 281.983 40.4333 -1021.75 Orientation: 0.262386 0.0391029 0.18218 0.946803 Time: 605392327487
Position: 281.99 40.4233 -1021.74 Orientation: 0.262318 0.038636 0.181879 0.946898 Time: 605514543242
Position: 281.967 40.44 -1021.76 Orientation: 0.262144 0.0400684 0.182641 0.94674 Time: 605611117359
Position: 281.99 40.4267 -1021.73 Orientation: 0.26232 0.0390029 0.182114 0.946838 Time: 605729461183
Position: 281.973 40.44 -1021.76 Orientation: 0.26222 0.039703 0.182447 0.946772 Time: 605825099852
Position: 281.983 40.4267 -1021.75 Orientation: 0.262326 0.0390039 0.182152 0.946829 Time: 605945812403
Position: 281.973 40.4267 -1021.72 Orientation: 0.262291 0.039237 0.182184 0.946822 Time: 606040403140
Position: 281.987 40.4267 -1021.74 Orientation: 0.26236 0.0390707 0.182252 0.946797 Time: 606158979731
Position: 281.98 40.43 -1021.74 Orientation: 0.262139 0.0394675 0.18237 0.946819 Time: 606263451656
Position: 281.993 40.4133 -1021.71 Orientation: 0.262554 0.0382363 0.181748 0.946874 Time: 606381810807
Position: 281.983 40.4267 -1021.73 Orientation: 0.262196 0.0389377 0.182121 0.946873 Time: 606475895641
Position: 281.977 40.43 -1021.74 Orientation: 0.262283 0.0391357 0.182211 0.946824 Time: 606596502412
Position: 281.967 40.4433 -1021.74 Orientation: 0.262258 0.0398371 0.182617 0.946723 Time: 606696003023
