Position: -42.43 -163.537 -967.84 Orientation: -0.231383 0.0949399 -0.0948065 0.963566 Time: 255975864714
Position: -42.4333 -163.52 -967.813 Orientation: -0.231624 0.0954431 -0.094743 0.963465 Time: 256071022933
Position: -42.4367 -163.527 -967.84 Orientation: -0.23128 0.0963056 -0.0948055 0.963456 Time: 256190089827
Position: -42.4033 -163.573 -967.84 Orientation: -0.231679 0.0948051 -0.0947051 0.963518 Time: 256524324946
Position: -42.41 -163.537 -967.807 Orientation: -0.231419 0.0948076 -0.0947409 0.963577 Time: 256284792637
Position: -42.4133 -163.583 -967.807 Orientation: -0.231649 0.0950065 -0.0947731 0.963499 Time: 256640340138
Position: -42.4 -163.567 -967.85 Orientation: -0.231454 0.0946086 -0.094742 0.963588 Time: 256403246482
Position: -42.41 -163.573 -967.79 Orientation: -0.231687 0.093408 -0.0947415 0.963649 Time: 256732790264
Position: -42.42 -163.597 -967.803 Orientation: -0.231587 0.0949416 -0.0948082 0.963517 Time: 256856150012
Position: -42.4233 -163.567 -967.777 Orientation: -0.231485 0.0950074 -0.0947407 0.963542 Time: 256972155215
Position: -42.42 -163.593 -967.8 Orientation: -0.231345 0.0948715 -0.0948048 0.963582 Time: 257075270630
Position: -42.41 -163.58 -967.8 Orientation: -0.231712 0.0943049 -0.0948049 0.96355 Time: 257194104210
Position: -42.4167 -163.587 -967.793 Orientation: -0.231679 0.0940716 -0.0947716 0.963584 Time: 257313864480
Position: -42.4233 -163.583 -967.78 Orientation: -0.231482 0.0951398 -0.0947065 0.963533 Time: 257409323340
Position: -42.4233 -163.59 -967.79 Orientation: -0.23151 0.0949039 -0.0948039 0.96354 Time: 257513896939
Position: -42.4333 -163.593 -967.82 Orientation: -0.231456 0.0961759 -0.0948091 0.963426 Time: 257635481033
Position: -42.42 -163.587 -967.79 Orientation: -0.23152 0.0944414 -0.0948081 0.963582 Time: 257730605315
Position: -42.4233 -163.587 -967.79 Orientation: -0.231384 0.0945404 -0.0948071 0.963605 Time: 257849097338
Position: -42.4233 -163.583 -967.787 Orientation: -0.231437 0.094635 -0.0948017 0.963584 Time: 257944691397
Position: -42.4133 -163.583 -967.787 Orientation: -0.231782 0.0940061 -0.0948061 0.963562 Time: 258063310819
Position: -42.4167 -163.587 -967.75 Orientation: -0.231608 0.0941031 -0.0947698 0.963598 Time: 258182602134
Position: -42.42 -163.587 -967.753 Orientation: -0.231686 0.0943747 -0.0948081 0.963549 Time: 258277877352
Position: -42.4333 -163.587 -967.787 Orientation: -0.231513 0.0954386 -0.0948052 0.963486 Time: 258399350467
Position: -42.42 -163.59 -967.8 Orientation: -0.231322 0.0948092 -0.0948092 0.963593 Time: 258492863441
Position: -42.4133 -163.58 -967.753 Orientation: -0.231788 0.0940752 -0.0948086 0.963554 Time: 258612286396
Position: -42.4267 -163.587 -967.79 Orientation: -0.231576 0.0947706 -0.0947706 0.96354 Time: 258729171900
Position: -42.4067 -163.58 -967.75 Orientation: -0.231756 0.0934757 -0.0947425 0.963626 Time: 258823603491
Position: -42.43 -163.59 -967.803 Orientation: -0.231585 0.0946742 -0.0948076 0.963544 Time: 258945369036
Position: -42.43 -163.58 -967.77 Orientation: -0.231703 0.0947013 -0.0948013 0.963513 Time: 259041214610
Position: -42.43 -163.59 -967.783 Orientation: -0.231479 0.095205 -0.094805 0.963517 Time: 259163558037
Position: -42.43 -163.59 -967.8 Orientation: -0.231348 0.0954061 -0.0948061 0.963529 Time: 259259189865
Position: -42.4333 -163.587 -967.793 Orientation: -0.231525 0.0959102 -0.0948101 0.963436 Time: 259381798627
Position: -42.4167 -163.58 -967.777 Orientation: -0.231625 0.0943101 -0.0948101 0.96357 Time: 259475595958
Position: -42.4167 -163.58 -967.75 Orientation: -0.231621 0.0941752 -0.0947752 0.963587 Time: 259595871983
Position: -42.43 -163.59 -967.78 Orientation: -0.231728 0.0956116 -0.0948115 0.963416 Time: 259692655469
Position: -42.4133 -163.58 -967.767 Orientation: -0.231686 0.0941743 -0.0947077 0.963578 Time: 259812260150
Position: -42.43 -163.587 -967.79 Orientation: -0.231479 0.0949052 -0.0947386 0.963553 Time: 259905964976
Position: -42.4233 -163.583 -967.78 Orientation: -0.231412 0.0947715 -0.0947382 0.963583 Time: 260024426209
Position: -42.42 -163.583 -967.78 Orientation: -0.231814 0.0943724 -0.0947391 0.963525 Time: 260142773180
Position: -42.4233 -163.58 -967.767 Orientation: -0.231553 0.0940748 -0.0947415 0.963617 Time: 260241828508
Position: -42.4233 -163.58 -967.747 Orientation: -0.231752 0.0942741 -0.0948075 0.963543 Time: 260337490988
Position: -42.42 -163.583 -967.76 Orientation: -0.231647 0.094072 -0.0948054 0.963588 Time: 260454516754
Position: -42.4167 -163.587 -967.767 Orientation: -0.231855 0.0945754 -0.0948087 0.963489 Time: 260571999297
Position: -42.4167 -163.587 -967.773 Orientation: -0.23145 0.0947402 -0.0948069 0.96357 Time: 260666671045
Position: -42.4333 -163.59 -967.817 Orientation: -0.231308 0.0954368 -0.0948035 0.963535 Time: 260788657042
Position: -42.44 -163.59 -967.803 Orientation: -0.231513 0.0957389 -0.0948055 0.963456 Time: 260883911050
Position: -42.43 -163.587 -967.81 Orientation: -0.231585 0.0950743 -0.094741 0.963511 Time: 260981994119
Position: -42.4333 -163.583 -967.777 Orientation: -0.231586 0.095308 -0.094808 0.963481 Time: 261101543653
Position: -42.43 -163.587 -967.797 Orientation: -0.231547 0.0949723 -0.0948056 0.963524 Time: 261200063110
Position: -42.43 -163.587 -967.783 Orientation: -0.231555 0.0953421 -0.0947754 0.963488 Time: 261321428258
Position: -42.4167 -163.58 -967.753 Orientation: -0.231707 0.0942694 -0.0947361 0.963561 Time: 261441869725
Position: -42.4267 -163.583 -967.763 Orientation: -0.231684 0.0948403 -0.0948069 0.963504 Time: 261541666734
Position: -42.43 -163.59 -967.77 Orientation: -0.231712 0.0953051 -0.094805 0.963451 Time: 261637808980
Position: -42.4267 -163.58 -967.763 Orientation: -0.231587 0.0946082 -0.0948082 0.96355 Time: 261756790212
Position: -42.4433 -163.597 -967.83 Orientation: -0.231353 0.0968418 -0.0948083 0.963384 Time: 261852561344
Position: -42.4233 -163.59 -967.777 Orientation: -0.231754 0.0948419 -0.0948085 0.963487 Time: 261971786016
Position: -42.4367 -163.587 -967.817 Orientation: -0.231613 0.0955718 -0.0947718 0.963452 Time: 262066236080
Position: -42.42 -163.583 -967.8 Orientation: -0.23165 0.0943069 -0.0947403 0.963571 Time: 262185873467
Position: -42.4133 -163.587 -967.783 Orientation: -0.231618 0.0946408 -0.0947741 0.963542 Time: 262282070176
Position: -42.4267 -163.597 -967.793 Orientation: -0.231448 0.0955061 -0.094806 0.963495 Time: 262404554276
Position: -42.43 -163.59 -967.817 Orientation: -0.231379 0.0951384 -0.0947717 0.963551 Time: 262523339414
Position: -42.42 -163.587 -967.773 Orientation: -0.231774 0.0947365 -0.0947365 0.963499 Time: 262620256183
Position: -42.4133 -163.58 -967.737 Orientation: -0.232121 0.0939418 -0.0948085 0.963486 Time: 262716094914
Position: -42.4167 -163.583 -967.763 Orientation: -0.231814 0.093339 -0.0947391 0.963626 Time: 262839430854
Position: -42.43 -163.59 -967.76 Orientation: -0.231919 0.0946078 -0.0947078 0.96348 Time: 262938730033
Position: -42.4233 -163.58 -967.76 Orientation: -0.231356 0.0940758 -0.0947759 0.963661 Time: 263062927663
Position: -42.4167 -163.583 -967.75 Orientation: -0.231615 0.0938393 -0.0947061 0.963628 Time: 263159808443
Position: -42.4167 -163.583 -967.75 Orientation: -0.231819 0.0944412 -0.0947746 0.963514 Time: 263278624096
Position: -42.43 -163.583 -967.803 Orientation: -0.231577 0.0947042 -0.0948042 0.963543 Time: 263410250715
Position: -42.43 -163.59 -967.817 Orientation: -0.231416 0.0952398 -0.0947731 0.963532 Time: 263504741558
Position: -42.4367 -163.587 -967.8 Orientation: -0.231518 0.0952073 -0.0948073 0.963507 Time: 263625809485
Position: -42.43 -163.59 -967.783 Orientation: -0.23155 0.0952402 -0.0947402 0.963503 Time: 263744006067
Position: -42.4367 -163.597 -967.807 Orientation: -0.231655 0.0960755 -0.0948087 0.963388 Time: 263838820267
Position: -42.4433 -163.597 -967.8 Orientation: -0.231519 0.0964081 -0.0948746 0.963381 Time: 263934736861
Position: -42.4133 -163.58 -967.747 Orientation: -0.231826 0.093844 -0.0947108 0.963576 Time: 264051307356
Position: -42.4233 -163.59 -967.783 Orientation: -0.231647 0.0950723 -0.0948056 0.96349 Time: 264169314139
Position: -42.42 -163.58 -967.76 Orientation: -0.231681 0.0943392 -0.0947393 0.96356 Time: 264264266822
Position: -42.4333 -163.583 -967.77 Orientation: -0.231626 0.0952773 -0.0948106 0.963474 Time: 264387652023
Position: -42.4267 -163.583 -967.78 Orientation: -0.231608 0.0944365 -0.0947698 0.963565 Time: 264511313919
Position: -42.4233 -163.59 -967.79 Orientation: -0.231681 0.0946393 -0.0947727 0.963528 Time: 264606865146
Position: -42.4333 -163.593 -967.807 Orientation: -0.231545 0.0954048 -0.0948048 0.963482 Time: 264725398906
Position: -42.4167 -163.58 -967.773 Orientation: -0.231648 0.0943394 -0.0948061 0.963562 Time: 264821018691
Position: -42.4267 -163.58 -967.783 Orientation: -0.23161 0.0946374 -0.0948041 0.963542 Time: 264944605460
Position: -42.4367 -163.583 -967.783 Orientation: -0.231624 0.0953764 -0.0948097 0.963465 Time: 265037575310
Position: -42.42 -163.587 -967.777 Orientation: -0.231618 0.0946408 -0.0947741 0.963542 Time: 265155853860
Position: -42.4167 -163.59 -967.777 Orientation: -0.231587 0.0943084 -0.0947418 0.963586 Time: 265250070062
Position: -42.43 -163.59 -967.77 Orientation: -0.231654 0.0954087 -0.0948087 0.963455 Time: 265369529144
Position: -42.4267 -163.587 -967.777 Orientation: -0.231579 0.095305 -0.0948049 0.963483 Time: 265466035115
Position: -42.4233 -163.583 -967.763 Orientation: -0.231658 0.0942433 -0.09481 0.963568 Time: 265585823027
Position: -42.4267 -163.587 -967.793 Orientation: -0.231576 0.0947703 -0.0948036 0.963537 Time: 265718708040
Position: -42.4267 -163.587 -967.8 Orientation: -0.231477 0.0949377 -0.0948043 0.963544 Time: 265816033144
Position: -42.43 -163.59 -967.79 Orientation: -0.231753 0.0949079 -0.0948079 0.96348 Time: 265937639270
Position: -42.4367 -163.59 -967.803 Orientation: -0.231552 0.0961076 -0.0948075 0.96341 Time: 266030665635
Position: -42.41 -163.58 -967.72 Orientation: -0.231906 0.0934357 -0.0947691 0.963591 Time: 266150677009
Position: -42.4267 -163.587 -967.773 Orientation: -0.23174 0.0944693 -0.0948027 0.963527 Time: 266248452048
Position: -42.4367 -163.59 -967.82 Orientation: -0.231386 0.0955079 -0.0947745 0.963513 Time: 266351517243
Position: -42.42 -163.59 -967.807 Orientation: -0.231416 0.0946063 -0.0947397 0.963598 Time: 266477082467
Position: -42.4367 -163.59 -967.813 Orientation: -0.231386 0.0954415 -0.0948081 0.963516 Time: 266570303147
Position: -42.43 -163.59 -967.79 Orientation: -0.23132 0.0953414 -0.0947414 0.963548 Time: 266690459573
Position: -42.4233 -163.59 -967.787 Orientation: -0.231816 0.0949731 -0.0947398 0.963466 Time: 266789340018
