Position: 57.4767 -70.0867 -1174.73 Orientation: 0.234986 0.053171 0.159913 0.957279 Time: 719601472770
Position: 57.4733 -70.0833 -1174.76 Orientation: 0.235145 0.053436 0.159975 0.957214 Time: 719725885104
Position: 57.4767 -70.0867 -1174.74 Orientation: 0.234884 0.0531038 0.159945 0.957302 Time: 719506940874
Position: 57.48 -70.08 -1174.76 Orientation: 0.235578 0.0523359 0.159508 0.957247 Time: 719820107327
Position: 57.4967 -70.09 -1174.74 Orientation: 0.235946 0.0513695 0.159042 0.957286 Time: 720158133913
Position: 57.4767 -70.09 -1174.77 Orientation: 0.234853 0.0533378 0.160047 0.95728 Time: 720252124874
Position: 57.48 -70.08 -1174.71 Orientation: 0.235546 0.0524028 0.159508 0.957251 Time: 719939736776
Position: 57.4667 -70.0767 -1174.74 Orientation: 0.234889 0.0536717 0.160215 0.957224 Time: 720059694372
Position: 57.49 -70.09 -1174.69 Orientation: 0.235452 0.0518042 0.15928 0.957344 Time: 720374263313
Position: 57.4867 -70.09 -1174.69 Orientation: 0.235482 0.0521033 0.159443 0.957294 Time: 720470625190
Position: 57.4733 -70.08 -1174.73 Orientation: 0.235422 0.052605 0.159582 0.957258 Time: 720599810967
Position: 57.4833 -70.0767 -1174.71 Orientation: 0.235517 0.0525038 0.159611 0.957235 Time: 720718833798
Position: 57.4733 -70.08 -1174.76 Orientation: 0.235074 0.0534016 0.160005 0.957229 Time: 720814042374
Position: 57.4733 -70.09 -1174.77 Orientation: 0.235108 0.0527685 0.159739 0.9573 Time: 720910507566
Position: 57.4867 -70.0933 -1174.71 Orientation: 0.235082 0.0525368 0.159677 0.957329 Time: 721035030058
Position: 57.4867 -70.0933 -1174.68 Orientation: 0.235215 0.0524033 0.159543 0.957326 Time: 721132358310
Position: 57.47 -70.08 -1174.73 Orientation: 0.23518 0.0530697 0.159809 0.957254 Time: 721252211768
Position: 57.4567 -70.0667 -1174.76 Orientation: 0.235051 0.0539373 0.160212 0.95717 Time: 721347400914
Position: 57.4833 -70.0933 -1174.7 Orientation: 0.234939 0.052568 0.159704 0.957358 Time: 721469211890
Position: 57.4733 -70.0767 -1174.73 Orientation: 0.235384 0.0529705 0.159845 0.957203 Time: 721564259678
Position: 57.4833 -70.0867 -1174.75 Orientation: 0.235344 0.0524357 0.159641 0.957277 Time: 721683795118
Position: 57.47 -70.0733 -1174.75 Orientation: 0.235347 0.0534363 0.160042 0.957154 Time: 721780643193
Position: 57.48 -70.0833 -1174.73 Orientation: 0.235112 0.0529026 0.159808 0.95728 Time: 721907057928
Position: 57.4733 -70.0867 -1174.75 Orientation: 0.23505 0.0529705 0.159945 0.957269 Time: 722003416247
Position: 57.4933 -70.1 -1174.73 Orientation: 0.235381 0.0517698 0.15931 0.957359 Time: 722124668500
Position: 57.4767 -70.08 -1174.68 Orientation: 0.235223 0.0525717 0.159682 0.957292 Time: 722225664378
Position: 57.4733 -70.09 -1174.74 Orientation: 0.234826 0.0532058 0.159984 0.957304 Time: 722344108096
Position: 57.4767 -70.0833 -1174.74 Orientation: 0.234924 0.0533722 0.160016 0.957265 Time: 722438058141
Position: 57.4767 -70.09 -1174.74 Orientation: 0.235093 0.0528058 0.159718 0.957305 Time: 722557187846
Position: 57.47 -70.0867 -1174.74 Orientation: 0.234847 0.0534699 0.160143 0.957257 Time: 722654649655
Position: 57.49 -70.09 -1174.72 Orientation: 0.235616 0.0518036 0.159311 0.957299 Time: 722774706871
Position: 57.48 -70.0833 -1174.74 Orientation: 0.235255 0.0528381 0.159781 0.957253 Time: 722893261841
Position: 57.4733 -70.0767 -1174.76 Orientation: 0.235581 0.0530365 0.15981 0.957157 Time: 722989728539
Position: 57.4767 -70.0767 -1174.72 Orientation: 0.23558 0.0525697 0.159576 0.957222 Time: 723085945363
Position: 57.4767 -70.0833 -1174.73 Orientation: 0.234884 0.0531706 0.159912 0.957304 Time: 723204351450
Position: 57.48 -70.0833 -1174.74 Orientation: 0.235161 0.0528061 0.159785 0.957277 Time: 723300808705
Position: 57.4733 -70.08 -1174.72 Orientation: 0.235014 0.0533698 0.159943 0.957256 Time: 723423272690
Position: 57.47 -70.0767 -1174.78 Orientation: 0.235226 0.0536392 0.160051 0.957171 Time: 723517799111
Position: 57.4733 -70.0833 -1174.76 Orientation: 0.234857 0.0532054 0.159983 0.957297 Time: 723638839123
Position: 57.49 -70.0933 -1174.69 Orientation: 0.235516 0.0517369 0.159278 0.957333 Time: 723733490207
Position: 57.4733 -70.0867 -1174.73 Orientation: 0.235019 0.0531377 0.15988 0.957278 Time: 723856951083
Position: 57.4667 -70.0733 -1174.76 Orientation: 0.235014 0.0538698 0.160176 0.957189 Time: 723980882966
Position: 57.4833 -70.0867 -1174.71 Orientation: 0.235186 0.052771 0.159747 0.957279 Time: 724083996056
Position: 57.47 -70.08 -1174.72 Orientation: 0.235222 0.053405 0.160015 0.95719 Time: 724178502773
Position: 57.4533 -70.06 -1174.76 Orientation: 0.235142 0.0543019 0.160372 0.9571 Time: 724302054374
Position: 57.48 -70.0933 -1174.73 Orientation: 0.234852 0.052871 0.159813 0.957345 Time: 724399223341
Position: 57.4833 -70.0933 -1174.7 Orientation: 0.235281 0.0520697 0.159376 0.957356 Time: 724518810781
Position: 57.48 -70.0833 -1174.75 Orientation: 0.235621 0.052538 0.159548 0.957218 Time: 724615759708
Position: 57.4567 -70.0767 -1174.75 Orientation: 0.234824 0.0539056 0.160183 0.957232 Time: 724737102276
Position: 57.4833 -70.0933 -1174.71 Orientation: 0.234982 0.0526701 0.159777 0.95733 Time: 724830468419
Position: 57.4767 -70.0733 -1174.76 Orientation: 0.235281 0.0533034 0.159943 0.957194 Time: 724955957832
Position: 57.48 -70.0967 -1174.76 Orientation: 0.234853 0.0528377 0.159813 0.957346 Time: 725075089179
Position: 57.48 -70.0867 -1174.75 Orientation: 0.235114 0.0530364 0.159909 0.957255 Time: 725170607428
Position: 57.4667 -70.0833 -1174.74 Orientation: 0.234886 0.0536044 0.160113 0.957245 Time: 725270060554
Position: 57.49 -70.09 -1174.71 Orientation: 0.235447 0.0519364 0.159376 0.957323 Time: 725404399098
Position: 57.47 -70.08 -1174.73 Orientation: 0.23498 0.0534364 0.159976 0.957255 Time: 725497894692
Position: 57.4933 -70.0867 -1174.73 Orientation: 0.235489 0.052205 0.159415 0.957291 Time: 725616332663
Position: 57.46 -70.0667 -1174.78 Orientation: 0.235119 0.0539711 0.160246 0.957145 Time: 725724106027
Position: 57.4967 -70.1 -1174.71 Orientation: 0.235583 0.0516701 0.159211 0.957331 Time: 725822490148
Position: 57.4833 -70.0867 -1174.73 Orientation: 0.235221 0.0527379 0.159681 0.957284 Time: 725942825016
Position: 57.4767 -70.08 -1174.79 Orientation: 0.235417 0.0529372 0.159812 0.957203 Time: 726037890867
Position: 57.4833 -70.0967 -1174.73 Orientation: 0.234916 0.0528369 0.159811 0.957331 Time: 726169636947
Position: 57.4733 -70.0767 -1174.74 Orientation: 0.235156 0.0534386 0.160082 0.957194 Time: 726264177327
Position: 57.46 -70.0733 -1174.77 Orientation: 0.234958 0.0540724 0.160317 0.957167 Time: 726385099518
Position: 57.48 -70.0867 -1174.74 Orientation: 0.23499 0.0530386 0.159849 0.957296 Time: 726484708781
Position: 57.48 -70.0867 -1174.74 Orientation: 0.235252 0.0526708 0.159712 0.957274 Time: 726605263142
Position: 57.4733 -70.08 -1174.75 Orientation: 0.235282 0.0527701 0.15971 0.957262 Time: 726702015976
Position: 57.47 -70.07 -1174.72 Orientation: 0.235426 0.0528059 0.159818 0.957207 Time: 726826508362
Position: 57.48 -70.09 -1174.74 Orientation: 0.235412 0.0524028 0.159508 0.957284 Time: 726922313157
Position: 57.4767 -70.0867 -1174.76 Orientation: 0.235117 0.0532373 0.159945 0.957237 Time: 727042885034
Position: 57.51 -70.1033 -1174.68 Orientation: 0.235912 0.0506692 0.158741 0.957382 Time: 727136716848
Position: 57.4733 -70.0767 -1174.75 Orientation: 0.235256 0.0531384 0.159849 0.957225 Time: 727258499773
Position: 57.4767 -70.08 -1174.74 Orientation: 0.235185 0.053104 0.159879 0.957239 Time: 727355353595
Position: 57.48 -70.09 -1174.76 Orientation: 0.235107 0.052535 0.159638 0.95733 Time: 727477183045
Position: 57.4667 -70.0833 -1174.77 Orientation: 0.234917 0.0536705 0.160111 0.957235 Time: 727574894864
Position: 57.4833 -70.0933 -1174.75 Orientation: 0.234911 0.0528025 0.159741 0.957346 Time: 727698486970
Position: 57.48 -70.0867 -1174.71 Orientation: 0.235184 0.0525705 0.159678 0.957302 Time: 727795965884
Position: 57.4767 -70.08 -1174.74 Orientation: 0.235281 0.0527698 0.159743 0.957257 Time: 727910144115
Position: 57.49 -70.09 -1174.75 Orientation: 0.235354 0.0524047 0.159581 0.957286 Time: 728005410439
Position: 57.4733 -70.0933 -1174.75 Orientation: 0.235108 0.0527685 0.159739 0.9573 Time: 728126762313
Position: 57.48 -70.1 -1174.69 Orientation: 0.235115 0.0523034 0.15951 0.957362 Time: 728224443752
Position: 57.4833 -70.0933 -1174.69 Orientation: 0.235385 0.0521707 0.159479 0.957308 Time: 728345237039
Position: 57.4767 -70.0867 -1174.74 Orientation: 0.234954 0.0532047 0.159914 0.957284 Time: 728441848241
Position: 57.4867 -70.08 -1174.74 Orientation: 0.235816 0.0520369 0.159344 0.957232 Time: 728561095629
Position: 57.4633 -70.08 -1174.74 Orientation: 0.234558 0.0542723 0.16045 0.957232 Time: 728679635820
Position: 57.47 -70.08 -1174.78 Orientation: 0.234905 0.0537011 0.160203 0.95722 Time: 728774276915
Position: 57.4967 -70.0933 -1174.7 Orientation: 0.235478 0.0517024 0.159274 0.957345 Time: 728895855398
Position: 57.4767 -70.0667 -1174.77 Orientation: 0.235523 0.0533052 0.159982 0.957127 Time: 728989474971
Position: 57.49 -70.0867 -1174.74 Orientation: 0.235348 0.0526033 0.159677 0.95726 Time: 729106657010
Position: 57.4867 -70.0867 -1174.74 Orientation: 0.235246 0.0524361 0.159542 0.957317 Time: 729203598684
Position: 57.4833 -70.0867 -1174.71 Orientation: 0.235555 0.0524047 0.159481 0.957253 Time: 729330067199
Position: 57.4733 -70.0833 -1174.74 Orientation: 0.23545 0.052637 0.159678 0.957233 Time: 729436626232
Position: 57.4833 -70.0867 -1174.68 Orientation: 0.235325 0.0521389 0.159417 0.957335 Time: 729534282219
Position: 57.4833 -70.0867 -1174.76 Orientation: 0.235482 0.0524368 0.159511 0.957264 Time: 729661853402
Position: 57.48 -70.0833 -1174.72 Orientation: 0.235646 0.0521694 0.159442 0.95725 Time: 729755404007
Position: 57.4733 -70.08 -1174.77 Orientation: 0.235245 0.0532694 0.159875 0.957216 Time: 729885241013
Position: 57.4667 -70.0733 -1174.74 Orientation: 0.235189 0.0535384 0.160015 0.957191 Time: 729981020082
Position: 57.4567 -70.07 -1174.8 Orientation: 0.235021 0.0541715 0.160281 0.957152 Time: 730101482896
Position: 57.4833 -70.0933 -1174.72 Orientation: 0.235154 0.0525047 0.159648 0.957318 Time: 730202131333
Position: 57.48 -70.09 -1174.73 Orientation: 0.235514 0.0524032 0.15951 0.957258 Time: 730322383001
