Position: 200.753 -79.5967 -730.017 Orientation: 0.14901 -0.0167011 0.100573 0.983566 Time: 19312952022157
Position: 200.753 -79.5933 -730.017 Orientation: 0.149043 -0.0165677 0.100573 0.983563 Time: 19313293479948
Position: 200.767 -79.5967 -730.017 Orientation: 0.149175 -0.0173677 0.100306 0.983557 Time: 19313412001623
Position: 200.76 -79.5933 -730.03 Orientation: 0.148945 -0.0166346 0.100575 0.983577 Time: 19313081313131
Position: 200.763 -79.6033 -730.003 Orientation: 0.14924 -0.0173675 0.100305 0.983547 Time: 19313200821011
Position: 200.77 -79.6 -730 Orientation: 0.14911 -0.0173012 0.100307 0.983568 Time: 19313528840031
Position: 200.767 -79.5967 -730.01 Orientation: 0.149381 -0.0174683 0.100276 0.983527 Time: 19313622037707
Position: 200.767 -79.6 -730.003 Orientation: 0.149174 -0.0173676 0.100372 0.98355 Time: 19313742646874
Position: 200.76 -79.5967 -730.017 Orientation: 0.149077 -0.0169678 0.100407 0.983568 Time: 19313841781074
Position: 200.763 -79.6033 -730.01 Orientation: 0.149011 -0.016968 0.100441 0.983575 Time: 19313959473226
Position: 200.767 -79.6 -730.007 Orientation: 0.149044 -0.0171679 0.100407 0.98357 Time: 19314054157393
Position: 200.763 -79.5967 -730.01 Orientation: 0.14924 -0.0170007 0.100404 0.983543 Time: 19314170473756
Position: 200.767 -79.6 -730.003 Orientation: 0.149044 -0.0171679 0.100374 0.983573 Time: 19314286969517
Position: 200.76 -79.5933 -730.02 Orientation: 0.149109 -0.0168677 0.10044 0.983562 Time: 19314380387232
Position: 200.763 -79.6 -730.023 Orientation: 0.149109 -0.0169344 0.10044 0.983561 Time: 19314500399503
Position: 200.763 -79.6067 -730 Orientation: 0.149111 -0.0175346 0.10024 0.98357 Time: 19314594569700
Position: 200.76 -79.6 -730.007 Orientation: 0.149208 -0.0173343 0.100305 0.983552 Time: 19314716051085
Position: 200.77 -79.6067 -730.027 Orientation: 0.14911 -0.0171678 0.10034 0.983567 Time: 19314813764203
Position: 200.757 -79.5967 -730.02 Orientation: 0.149043 -0.0166677 0.100573 0.983562 Time: 19314932725818
Position: 200.76 -79.59 -730 Orientation: 0.149109 -0.017201 0.100406 0.983559 Time: 19315027905209
Position: 200.757 -79.5967 -730.007 Orientation: 0.149044 -0.0169012 0.100474 0.983568 Time: 19315143806537
Position: 200.763 -79.6 -730.003 Orientation: 0.149208 -0.0170675 0.100372 0.98355 Time: 19315262275529
Position: 200.75 -79.5933 -730.02 Orientation: 0.149141 -0.0165008 0.100572 0.98355 Time: 19315360503028
Position: 200.76 -79.59 -730.013 Orientation: 0.149108 -0.0168009 0.100539 0.983553 Time: 19315478403176
Position: 200.753 -79.59 -730.02 Orientation: 0.148977 -0.0163344 0.100674 0.983567 Time: 19315571936657
Position: 200.767 -79.6 -730.01 Orientation: 0.149143 -0.0173344 0.100306 0.983562 Time: 19315690955472
Position: 200.757 -79.6 -730.01 Orientation: 0.149044 -0.0167345 0.100507 0.983567 Time: 19315785850783
Position: 200.753 -79.59 -730.027 Orientation: 0.149238 -0.0168006 0.100537 0.983533 Time: 19315903860403
Position: 200.757 -79.5967 -730.037 Orientation: 0.149108 -0.0164676 0.100572 0.983555 Time: 19316001868685
Position: 200.76 -79.59 -730.033 Orientation: 0.149141 -0.0166342 0.100539 0.983551 Time: 19316124294812
Position: 200.76 -79.6 -730.01 Orientation: 0.149011 -0.0168679 0.100474 0.983573 Time: 19316242117919
Position: 200.757 -79.5967 -730.03 Orientation: 0.148977 -0.0164011 0.100673 0.983566 Time: 19316336612290
Position: 200.77 -79.6067 -730.01 Orientation: 0.14911 -0.0175012 0.100274 0.983568 Time: 19316453853828
Position: 200.76 -79.5933 -730.03 Orientation: 0.149044 -0.0168012 0.100474 0.983569 Time: 19316547913732
Position: 200.753 -79.59 -730.013 Orientation: 0.149174 -0.0166674 0.100538 0.983545 Time: 19316666520521
Position: 200.76 -79.6 -730.013 Orientation: 0.149174 -0.0169675 0.100438 0.98355 Time: 19316784477184
Position: 200.757 -79.5933 -730.027 Orientation: 0.149281 -0.0169683 0.100477 0.98353 Time: 19316877945803
Position: 200.767 -79.6 -730 Orientation: 0.149241 -0.0176343 0.100205 0.983552 Time: 19316995089090
Position: 200.757 -79.5967 -730.02 Orientation: 0.149043 -0.0164678 0.100573 0.983565 Time: 19317090024905
Position: 200.757 -79.6033 -729.997 Orientation: 0.148979 -0.0173015 0.100342 0.983584 Time: 19317209008552
Position: 200.767 -79.6 -730.02 Orientation: 0.149207 -0.0172342 0.100372 0.983548 Time: 19317303684919
Position: 200.76 -79.59 -730.03 Orientation: 0.149011 -0.0168012 0.100507 0.983571 Time: 19317424045722
Position: 200.753 -79.5933 -730.017 Orientation: 0.149043 -0.0166677 0.100573 0.983562 Time: 19317520264002
Position: 200.76 -79.6033 -729.997 Orientation: 0.149207 -0.0172342 0.100372 0.983548 Time: 19317638955495
Position: 200.753 -79.6067 -730.003 Orientation: 0.149076 -0.0170678 0.10044 0.983563 Time: 19317758926304
Position: 200.757 -79.6 -730.007 Orientation: 0.149143 -0.0170011 0.100373 0.983561 Time: 19317850678403
Position: 200.753 -79.5833 -730 Orientation: 0.14901 -0.0165678 0.100607 0.983565 Time: 19317968252599
Position: 200.753 -79.5967 -729.983 Orientation: 0.149077 -0.0172012 0.100341 0.983571 Time: 19318066435078
Position: 200.74 -79.61 -730 Orientation: 0.149011 -0.0166013 0.100508 0.983574 Time: 19318172529639
Position: 200.763 -79.63 -730.017 Orientation: 0.149209 -0.017401 0.100239 0.983558 Time: 19318292276989
Position: 200.757 -79.6033 -730.007 Orientation: 0.149077 -0.0170678 0.100407 0.983567 Time: 19318388447511
Position: 200.753 -79.6133 -730.007 Orientation: 0.149076 -0.0170011 0.100473 0.983561 Time: 19318507603986
Position: 200.76 -79.5967 -730.01 Orientation: 0.149175 -0.0168676 0.100439 0.983552 Time: 19318626818618
Position: 200.76 -79.5967 -729.99 Orientation: 0.14924 -0.0172008 0.100371 0.983543 Time: 19318721739108
Position: 200.757 -79.6033 -730.01 Orientation: 0.148979 -0.0170014 0.100408 0.983582 Time: 19318839149233
Position: 200.753 -79.61 -730.013 Orientation: 0.149109 -0.0170344 0.100406 0.983562 Time: 19318931936800
Position: 200.76 -79.6167 -730.007 Orientation: 0.149045 -0.0171013 0.100341 0.983578 Time: 19319049076665
Position: 200.76 -79.61 -729.997 Orientation: 0.149143 -0.0174011 0.100273 0.983564 Time: 19319165771802
Position: 200.753 -79.5967 -729.997 Orientation: 0.149175 -0.017401 0.100306 0.983556 Time: 19319259742485
Position: 200.75 -79.6033 -730.013 Orientation: 0.14901 -0.0165678 0.100607 0.983565 Time: 19319377976113
Position: 200.757 -79.6067 -730 Orientation: 0.149044 -0.0168678 0.100474 0.983568 Time: 19319481957455
Position: 200.75 -79.6 -730.003 Orientation: 0.149011 -0.0169346 0.100441 0.983575 Time: 19319599179015
Position: 200.75 -79.6033 -730.017 Orientation: 0.14914 -0.0166341 0.100605 0.983544 Time: 19319695006616
Position: 200.75 -79.6133 -730.003 Orientation: 0.149109 -0.0168343 0.100473 0.983559 Time: 19319794294624
Position: 200.76 -79.6 -730.01 Orientation: 0.149207 -0.0170008 0.100405 0.983548 Time: 19319921232773
Position: 200.75 -79.6067 -730.017 Orientation: 0.14924 -0.0169007 0.100438 0.983542 Time: 19320045975189
Position: 200.757 -79.6133 -730.013 Orientation: 0.149077 -0.0169012 0.100407 0.983569 Time: 19320139936432
Position: 200.75 -79.6033 -730.007 Orientation: 0.149141 -0.0168675 0.100505 0.98355 Time: 19320259111380
Position: 200.753 -79.61 -730.007 Orientation: 0.149174 -0.0170009 0.100438 0.98355 Time: 19320359119303
Position: 200.753 -79.6067 -730.01 Orientation: 0.149109 -0.0169677 0.100439 0.98356 Time: 19320476567880
Position: 200.76 -79.62 -729.99 Orientation: 0.149208 -0.017701 0.100206 0.983556 Time: 19320570807454
Position: 200.757 -79.61 -730.013 Orientation: 0.149174 -0.0171008 0.100438 0.983548 Time: 19320692916387
Position: 200.757 -79.62 -730 Orientation: 0.149208 -0.0175009 0.100272 0.983553 Time: 19320789488671
Position: 200.75 -79.6133 -730.017 Orientation: 0.149077 -0.0169678 0.100407 0.983568 Time: 19320907151949
Position: 200.757 -79.6133 -730 Orientation: 0.149012 -0.017068 0.100408 0.983576 Time: 19321031424731
Position: 200.75 -79.61 -730.003 Orientation: 0.149109 -0.0169344 0.10044 0.983561 Time: 19321125066315
Position: 200.75 -79.6133 -730.003 Orientation: 0.149239 -0.0170007 0.100437 0.98354 Time: 19321241415794
Position: 200.76 -79.61 -730.027 Orientation: 0.14924 -0.0171008 0.100371 0.983545 Time: 19321336543596
Position: 200.753 -79.61 -730.013 Orientation: 0.149141 -0.0167009 0.100505 0.983553 Time: 19321462742810
Position: 200.76 -79.61 -730.003 Orientation: 0.149143 -0.0173344 0.100306 0.983562 Time: 19321555185129
Position: 200.757 -79.5833 -730.017 Orientation: 0.149043 -0.0167677 0.10054 0.983563 Time: 19321676455917
Position: 200.747 -79.6133 -730.017 Orientation: 0.149011 -0.0165345 0.100541 0.983572 Time: 19321772154752
Position: 200.75 -79.6067 -729.993 Orientation: 0.149044 -0.0168679 0.100441 0.983572 Time: 19321893018716
Position: 200.75 -79.6233 -730.007 Orientation: 0.148978 -0.016868 0.100475 0.983578 Time: 19322009431414
Position: 200.753 -79.6167 -729.993 Orientation: 0.149143 -0.0174678 0.10024 0.983566 Time: 19322126209886
Position: 200.75 -79.63 -730.03 Orientation: 0.149109 -0.016501 0.100506 0.983561 Time: 19322219070388
Position: 200.757 -79.61 -729.997 Orientation: 0.14911 -0.0173345 0.100307 0.983567 Time: 19322338085097
Position: 200.753 -79.61 -730.02 Orientation: 0.149173 -0.0167674 0.100571 0.98354 Time: 19322431985172
Position: 200.75 -79.6033 -730.027 Orientation: 0.149009 -0.0164343 0.100673 0.98356 Time: 19322553483252
Position: 200.75 -79.62 -730.003 Orientation: 0.149208 -0.0171009 0.100339 0.983553 Time: 19322672266975
Position: 200.75 -79.61 -730.017 Orientation: 0.149043 -0.0166344 0.10054 0.983566 Time: 19322788785725
Position: 200.75 -79.62 -730.003 Orientation: 0.149142 -0.0169677 0.100406 0.983559 Time: 19322882973163
Position: 200.75 -79.6067 -729.993 Orientation: 0.149109 -0.0171011 0.100406 0.983561 Time: 19323001942852
Position: 200.75 -79.58 -729.99 Orientation: 0.14901 -0.0166011 0.100607 0.983564 Time: 19323119188906
Position: 200.75 -79.6233 -730 Orientation: 0.14898 -0.0170348 0.100375 0.983585 Time: 19323213776190
Position: 200.757 -79.6167 -729.997 Orientation: 0.149142 -0.0171677 0.100373 0.983558 Time: 19323333117947
Position: 200.75 -79.6067 -729.993 Orientation: 0.149273 -0.0171673 0.100371 0.983539 Time: 19323427397205
Position: 200.76 -79.6233 -729.99 Orientation: 0.149046 -0.0174015 0.100242 0.983582 Time: 19323545946795
Position: 200.747 -79.61 -730 Orientation: 0.148947 -0.0169349 0.100409 0.983588 Time: 19323665535821
Position: 200.75 -79.6067 -730.007 Orientation: 0.149109 -0.0170344 0.100406 0.983562 Time: 19323761333455
