Position: -23.9067 -8.87 -854.873 Orientation: -0.548806 0.0358693 -0.334757 0.765155 Time: 17656028965308
Position: -23.91 -8.88 -854.903 Orientation: -0.548592 0.0361039 -0.334869 0.765249 Time: 17655786358733
Position: -23.9 -8.88 -854.907 Orientation: -0.548639 0.0364693 -0.334891 0.765188 Time: 17655905405052
Position: -23.8933 -8.88 -854.913 Orientation: -0.548715 0.0363365 -0.334829 0.765167 Time: 17656144790279
Position: -23.9033 -8.88 -854.907 Orientation: -0.548605 0.0363359 -0.33489 0.76522 Time: 17656239402058
Position: -23.9167 -8.89333 -854.9 Orientation: -0.548309 0.0368695 -0.335226 0.765259 Time: 17656571043503
Position: -23.91 -8.88333 -854.887 Orientation: -0.548502 0.036369 -0.334988 0.765249 Time: 17656689579136
Position: -23.91 -8.88667 -854.897 Orientation: -0.54851 0.0366363 -0.334993 0.765228 Time: 17656357943301
Position: -23.91 -8.88 -854.93 Orientation: -0.548541 0.0361694 -0.334925 0.765258 Time: 17656786797304
Position: -23.91 -8.88333 -854.913 Orientation: -0.548508 0.0363694 -0.334959 0.765258 Time: 17656452691373
Position: -23.9067 -8.88333 -854.903 Orientation: -0.548466 0.0366689 -0.33502 0.765246 Time: 17656904217418
Position: -23.9033 -8.88 -854.9 Orientation: -0.548596 0.0363042 -0.334905 0.765221 Time: 17657000290100
Position: -23.9133 -8.88333 -854.913 Orientation: -0.548586 0.0360368 -0.334832 0.765273 Time: 17657123075569
Position: -23.9133 -8.88333 -854.92 Orientation: -0.548476 0.0365028 -0.334993 0.765259 Time: 17657219416730
Position: -23.9133 -8.88333 -854.91 Orientation: -0.548416 0.0365699 -0.335063 0.765268 Time: 17657341993518
Position: -23.9133 -8.89 -854.893 Orientation: -0.548408 0.0368717 -0.335112 0.765238 Time: 17657457796595
Position: -23.9167 -8.88667 -854.887 Orientation: -0.54848 0.0363031 -0.334995 0.765265 Time: 17657554231766
Position: -23.9167 -8.88667 -854.923 Orientation: -0.548467 0.0364711 -0.335008 0.76526 Time: 17657652721724
Position: -23.91 -8.88 -854.893 Orientation: -0.548557 0.0362349 -0.334948 0.765233 Time: 17657777131756
Position: -23.9033 -8.88 -854.91 Orientation: -0.548647 0.0365031 -0.334928 0.765165 Time: 17657871336984
Position: -23.9067 -8.87667 -854.917 Orientation: -0.548658 0.0361705 -0.334835 0.765214 Time: 17657990338419
Position: -23.91 -8.88333 -854.907 Orientation: -0.548478 0.0363697 -0.334994 0.765263 Time: 17658106433923
Position: -23.9167 -8.88667 -854.927 Orientation: -0.548452 0.0366368 -0.335065 0.765239 Time: 17658200674182
Position: -23.91 -8.88667 -854.9 Orientation: -0.548348 0.0362032 -0.335063 0.765334 Time: 17658320141831
Position: -23.91 -8.89 -854.923 Orientation: -0.548437 0.0362691 -0.335023 0.765285 Time: 17658418210322
Position: -23.91 -8.88 -854.92 Orientation: -0.548522 0.0364703 -0.335034 0.76521 Time: 17658533849602
Position: -23.92 -8.89 -854.927 Orientation: -0.548408 0.0366361 -0.335092 0.765258 Time: 17658644181273
Position: -23.91 -8.87 -854.91 Orientation: -0.548765 0.0359043 -0.33474 0.765191 Time: 17658764514024
Position: -23.9067 -8.87667 -854.92 Orientation: -0.548598 0.035902 -0.334819 0.765276 Time: 17658860166334
Position: -23.8967 -8.87 -854.907 Orientation: -0.548756 0.0356703 -0.334734 0.765211 Time: 17658977759961
Position: -23.9 -8.88 -854.897 Orientation: -0.548634 0.0359689 -0.33482 0.765247 Time: 17659073130790
Position: -23.91 -8.89 -854.913 Orientation: -0.548471 0.0364358 -0.335023 0.765253 Time: 17659192424105
Position: -23.91 -8.88667 -854.903 Orientation: -0.548422 0.036637 -0.335101 0.765244 Time: 17659310298528
Position: -23.9033 -8.88 -854.907 Orientation: -0.548593 0.0365373 -0.33497 0.765183 Time: 17659404595985
Position: -23.9067 -8.88 -854.903 Orientation: -0.548605 0.0363359 -0.33489 0.76522 Time: 17659520413841
Position: -23.9067 -8.88333 -854.907 Orientation: -0.548491 0.0364372 -0.335002 0.765247 Time: 17659614737435
Position: -23.91 -8.88 -854.92 Orientation: -0.548658 0.0361372 -0.334836 0.765215 Time: 17659735571978
Position: -23.91 -8.88 -854.923 Orientation: -0.548532 0.0364354 -0.335019 0.765211 Time: 17659854723117
Position: -23.9067 -8.88 -854.93 Orientation: -0.548571 0.0361358 -0.33489 0.765253 Time: 17659950078757
Position: -23.91 -8.88667 -854.907 Orientation: -0.548487 0.0362702 -0.334966 0.765274 Time: 17660072510358
Position: -23.9067 -8.87 -854.903 Orientation: -0.548769 0.035769 -0.334689 0.765217 Time: 17660166015376
Position: -23.91 -8.89 -854.913 Orientation: -0.548413 0.0362031 -0.334962 0.765332 Time: 17660289155261
Position: -23.92 -8.89667 -854.923 Orientation: -0.548308 0.0369028 -0.335225 0.765258 Time: 17660385876700
Position: -23.91 -8.88667 -854.913 Orientation: -0.548558 0.0365683 -0.334982 0.765202 Time: 17660506975754
Position: -23.9033 -8.88 -854.907 Orientation: -0.548616 0.03647 -0.334897 0.765202 Time: 17660625594996
Position: -23.91 -8.87 -854.9 Orientation: -0.548639 0.0357025 -0.334824 0.765254 Time: 17660721508533
Position: -23.9067 -8.89 -854.917 Orientation: -0.54845 0.0368034 -0.335131 0.765203 Time: 17660838796323
Position: -23.9067 -8.88667 -854.903 Orientation: -0.548458 0.0366039 -0.335036 0.765248 Time: 17660934612019
Position: -23.9133 -8.88667 -854.93 Orientation: -0.548453 0.0365702 -0.335066 0.76524 Time: 17661053115494
Position: -23.9067 -8.88333 -854.907 Orientation: -0.548511 0.0361029 -0.334894 0.765296 Time: 17661147926239
Position: -23.9033 -8.88333 -854.913 Orientation: -0.548594 0.0362685 -0.33495 0.765205 Time: 17661270128223
Position: -23.9067 -8.88667 -854.92 Orientation: -0.548536 0.0363713 -0.334976 0.76523 Time: 17661367851193
Position: -23.91 -8.88 -854.92 Orientation: -0.548567 0.0363356 -0.334887 0.765248 Time: 17661494871856
Position: -23.91 -8.88 -854.913 Orientation: -0.548514 0.0360698 -0.334962 0.765266 Time: 17661591328784
Position: -23.9 -8.88 -854.89 Orientation: -0.548541 0.0362027 -0.334925 0.765257 Time: 17661710240316
Position: -23.9133 -8.88333 -854.907 Orientation: -0.548487 0.0367369 -0.335066 0.765208 Time: 17661804383418
Position: -23.9133 -8.89 -854.907 Orientation: -0.548404 0.0364691 -0.335056 0.765285 Time: 17661921922857
Position: -23.9067 -8.88 -854.92 Orientation: -0.548571 0.0361358 -0.33489 0.765253 Time: 17662015938151
Position: -23.91 -8.88667 -854.923 Orientation: -0.548614 0.0366365 -0.334963 0.765167 Time: 17662134231440
Position: -23.91 -8.88667 -854.893 Orientation: -0.548516 0.0365344 -0.33501 0.765222 Time: 17662230281543
Position: -23.9133 -8.88333 -854.91 Orientation: -0.54848 0.0363031 -0.334995 0.765265 Time: 17662350414097
Position: -23.91 -8.88667 -854.92 Orientation: -0.548488 0.0366036 -0.335 0.765243 Time: 17662447170704
Position: -23.91 -8.88 -854.913 Orientation: -0.548614 0.0362031 -0.334862 0.765232 Time: 17662566181582
Position: -23.9133 -8.88333 -854.917 Orientation: -0.548519 0.0366035 -0.335032 0.765206 Time: 17662661514781
Position: -23.9133 -8.89 -854.93 Orientation: -0.548389 0.0366015 -0.335113 0.765264 Time: 17662786008833
Position: -23.9133 -8.89 -854.92 Orientation: -0.548474 0.0365694 -0.334992 0.765257 Time: 17662884633852
Position: -23.9 -8.88 -854.9 Orientation: -0.548739 0.0363026 -0.334824 0.765154 Time: 17663009073031
Position: -23.9033 -8.87333 -854.897 Orientation: -0.548793 0.0356038 -0.334669 0.765216 Time: 17663126006269
Position: -23.9067 -8.87667 -854.903 Orientation: -0.548636 0.0357045 -0.334809 0.765263 Time: 17663150013184
Position: -23.9033 -8.88333 -854.9 Orientation: -0.548625 0.0363372 -0.334869 0.765214 Time: 17664680390337
Position: -23.91 -8.88667 -854.883 Orientation: -0.548507 0.0364027 -0.334958 0.765257 Time: 17664797937165
Position: -23.9067 -8.88667 -854.897 Orientation: -0.548612 0.0363697 -0.334928 0.765196 Time: 17664891248008
Position: -23.92 -8.89 -854.917 Orientation: -0.548456 0.0368038 -0.335101 0.765212 Time: 17665013659493
Position: -23.9 -8.87667 -854.91 Orientation: -0.54877 0.0362024 -0.334789 0.765151 Time: 17665108873641
Position: -23.92 -8.89 -854.93 Orientation: -0.548399 0.0368021 -0.33512 0.765245 Time: 17665226365459
Position: -23.9033 -8.87667 -854.933 Orientation: -0.548658 0.0361372 -0.334836 0.765215 Time: 17665341714502
Position: -23.9033 -8.87333 -854.9 Orientation: -0.548771 0.035938 -0.33471 0.765198 Time: 17665435302308
Position: -23.9 -8.88333 -854.897 Orientation: -0.548539 0.0363026 -0.334924 0.765254 Time: 17665559275957
Position: -23.91 -8.89 -854.9 Orientation: -0.548516 0.0365011 -0.33501 0.765223 Time: 17665656530252
Position: -23.92 -8.89 -854.917 Orientation: -0.548414 0.0366365 -0.335062 0.765266 Time: 17665774698879
Position: -23.91 -8.89 -854.893 Orientation: -0.548491 0.0364372 -0.335002 0.765247 Time: 17665872698814
Position: -23.9033 -8.88333 -854.907 Orientation: -0.548632 0.0360687 -0.334819 0.765244 Time: 17665990210611
Position: -23.91 -8.88 -854.91 Orientation: -0.548546 0.0363364 -0.334961 0.765231 Time: 17666084055129
Position: -23.91 -8.88 -854.92 Orientation: -0.548548 0.0362365 -0.334963 0.765233 Time: 17666209075330
Position: -23.91 -8.88 -854.91 Orientation: -0.548537 0.0364024 -0.334922 0.765251 Time: 17666305335071
Position: -23.9167 -8.89333 -854.917 Orientation: -0.548365 0.0368377 -0.33514 0.765258 Time: 17666430296295
Position: -23.91 -8.88667 -854.937 Orientation: -0.548413 0.0367031 -0.335062 0.765265 Time: 17666536899352
Position: -23.9 -8.87333 -854.907 Orientation: -0.548734 0.0360044 -0.334774 0.765194 Time: 17666642766075
Position: -23.9167 -8.88667 -854.923 Orientation: -0.548353 0.0367369 -0.335133 0.765275 Time: 17666774165067
Position: -23.91 -8.88 -854.92 Orientation: -0.548541 0.0362027 -0.334925 0.765257 Time: 17666905261780
Position: -23.9167 -8.88667 -854.917 Orientation: -0.548476 0.0365695 -0.33506 0.765227 Time: 17667012017688
Position: -23.91 -8.88 -854.94 Orientation: -0.548579 0.0361697 -0.334928 0.76523 Time: 17667145020581
Position: -23.9167 -8.88667 -854.92 Orientation: -0.548456 0.0361015 -0.33498 0.765298 Time: 17667241624612
Position: -23.9167 -8.89667 -854.927 Orientation: -0.548273 0.0367027 -0.335158 0.765322 Time: 17667359958131
Position: -23.9033 -8.87667 -854.907 Orientation: -0.548699 0.0360355 -0.334786 0.765212 Time: 17667458744759
Position: -23.91 -8.89 -854.91 Orientation: -0.548476 0.0364695 -0.334993 0.76526 Time: 17667584916741
Position: -23.9067 -8.87667 -854.9 Orientation: -0.548555 0.0361703 -0.334934 0.765244 Time: 17667679746232
Position: -23.8933 -8.87333 -854.903 Orientation: -0.548843 0.0355716 -0.334613 0.765206 Time: 17667802061109
Position: -23.9 -8.87667 -854.913 Orientation: -0.548772 0.0361359 -0.33479 0.765153 Time: 17667895375646
Position: -23.9033 -8.88 -854.907 Orientation: -0.548674 0.0358027 -0.334825 0.765224 Time: 17668013787849
