Position: 68.33 120.01 -386.09 Orientation: -0.677246 -0.261531 -0.59227 0.349508 Time: 0
Position: 93.2067 116.117 -405.81 Orientation: -0.349451 -0.935736 0.0197362 0.0435063 Time: 0
Position: -3.69731e+028 -3.69731e+028 -3.69731e+028 Orientation: -0.5 -0.5 -0.5 -0.5 Time: 0
Position: 186.39 111.01 -386.283 Orientation: -0.686615 -0.239517 -0.595042 0.342224 Time: 0
Position: 173.613 109.08 -401.903 Orientation: -0.361657 -0.931195 0.0172011 0.0422361 Time: 0
Position: -3.69731e+028 -3.69731e+028 -3.69731e+028 Orientation: -0.5 -0.5 -0.5 -0.5 Time: 0
Position: 186.417 111.077 -386.307 Orientation: -0.686362 -0.239622 -0.595153 0.342464 Time: 0
Position: 173.53 108.967 -401.7 Orientation: -0.361597 -0.931211 0.0175015 0.0422702 Time: 0
Position: -3.69731e+028 -3.69731e+028 -3.69731e+028 Orientation: -0.5 -0.5 -0.5 -0.5 Time: 0
Position: 186.41 111.023 -386.247 Orientation: -0.686234 -0.24019 -0.594858 0.342834 Time: 0
Position: 173.523 108.957 -401.717 Orientation: -0.361431 -0.931279 0.0176348 0.0421369 Time: 0
Position: -3.69731e+028 -3.69731e+028 -3.69731e+028 Orientation: -0.5 -0.5 -0.5 -0.5 Time: 0
Position: 186.257 111.003 -386.23 Orientation: -0.686756 -0.24012 -0.594249 0.342895 Time: 0
Position: 173.847 108.933 -401.93 Orientation: -0.36187 -0.931127 0.0174684 0.0418042 Time: 0
Position: -3.69731e+028 -3.69731e+028 -3.69731e+028 Orientation: -0.5 -0.5 -0.5 -0.5 Time: 0
Position: 186.273 111.02 -386.113 Orientation: -0.686126 -0.240288 -0.594618 0.343397 Time: 0
Position: 173.61 108.967 -401.81 Orientation: -0.361783 -0.931142 0.0174341 0.0422352 Time: 0
Position: -3.69731e+028 -3.69731e+028 -3.69731e+028 Orientation: -0.5 -0.5 -0.5 -0.5 Time: 0
Position: 186.453 111.05 -386.267 Orientation: -0.686104 -0.240125 -0.594995 0.342902 Time: 0
Position: 173.56 108.98 -401.917 Orientation: -0.361486 -0.93125 0.0174676 0.042369 Time: 0
Position: -3.69731e+028 -3.69731e+028 -3.69731e+028 Orientation: -0.5 -0.5 -0.5 -0.5 Time: 0
Position: 186.467 111.077 -386.27 Orientation: -0.685629 -0.240555 -0.594987 0.343564 Time: 0
Position: 173.577 109.03 -401.997 Orientation: -0.361489 -0.931223 0.0179011 0.0427693 Time: 0
Position: -3.69731e+028 -3.69731e+028 -3.69731e+028 Orientation: -0.5 -0.5 -0.5 -0.5 Time: 0
Position: 186.367 111.133 -386.057 Orientation: -0.68585 -0.240184 -0.594943 0.343458 Time: 0
Position: 173.56 108.957 -401.99 Orientation: -0.361559 -0.931201 0.0180346 0.0426031 Time: 0
Position: -3.69731e+028 -3.69731e+028 -3.69731e+028 Orientation: -0.5 -0.5 -0.5 -0.5 Time: 0
Position: 186.31 111.077 -386.24 Orientation: -0.686494 -0.240021 -0.594552 0.342963 Time: 0
Position: 173.607 109.04 -401.993 Orientation: -0.361501 -0.931222 0.0178017 0.0427374 Time: 0
Position: -3.69731e+028 -3.69731e+028 -3.69731e+028 Orientation: -0.5 -0.5 -0.5 -0.5 Time: 0
Position: 186.287 111.087 -386.093 Orientation: -0.68628 -0.240416 -0.594374 0.343423 Time: 0
Position: 173.787 109.013 -401.907 Orientation: -0.361584 -0.931245 0.0171675 0.0417687 Time: 0
Position: -3.69731e+028 -3.69731e+028 -3.69731e+028 Orientation: -0.5 -0.5 -0.5 -0.5 Time: 0
Position: 186.293 111.077 -385.97 Orientation: -0.6861 -0.24019 -0.594725 0.343333 Time: 0
Position: 173.7 109.023 -401.997 Orientation: -0.361591 -0.931264 0.0166345 0.0415028 Time: 0
Position: -3.69731e+028 -3.69731e+028 -3.69731e+028 Orientation: -0.5 -0.5 -0.5 -0.5 Time: 0
Position: 186.303 110.91 -385.953 Orientation: -0.686193 -0.240654 -0.594585 0.343063 Time: 0
Position: 173.773 109.103 -402.027 Orientation: -0.361429 -0.931307 0.017168 0.0417366 Time: 0
Position: -3.69731e+028 -3.69731e+028 -3.69731e+028 Orientation: -0.5 -0.5 -0.5 -0.5 Time: 0
Position: 186.407 111.013 -386 Orientation: -0.685984 -0.240418 -0.59481 0.343259 Time: 0
Position: 173.543 108.937 -401.703 Orientation: -0.361715 -0.931171 0.0174007 0.0422017 Time: 0
Position: -3.69731e+028 -3.69731e+028 -3.69731e+028 Orientation: -0.5 -0.5 -0.5 -0.5 Time: 0
Position: 186.257 111.037 -385.963 Orientation: -0.686156 -0.240553 -0.594382 0.343561 Time: 0
Position: 173.69 108.96 -401.757 Orientation: -0.361726 -0.931167 0.0173346 0.0422031 Time: 0
Position: -3.69731e+028 -3.69731e+028 -3.69731e+028 Orientation: -0.5 -0.5 -0.5 -0.5 Time: 0
Position: 186.34 111.137 -385.903 Orientation: -0.685704 -0.240625 -0.594561 0.344102 Time: 0
Position: 173.77 109.047 -401.947 Orientation: -0.361659 -0.931199 0.0173012 0.042103 Time: 0
Position: -3.69731e+028 -3.69731e+028 -3.69731e+028 Orientation: -0.5 -0.5 -0.5 -0.5 Time: 0
Position: 186.4 111.023 -386.06 Orientation: -0.686122 -0.240331 -0.59481 0.343044 Time: 0
Position: 173.627 109.07 -401.927 Orientation: -0.361383 -0.931308 0.0174008 0.0420019 Time: 0
Position: -3.69731e+028 -3.69731e+028 -3.69731e+028 Orientation: -0.5 -0.5 -0.5 -0.5 Time: 0
Position: 186.397 111.003 -386.3 Orientation: -0.686597 -0.240089 -0.594655 0.342532 Time: 0
Position: 173.52 109.047 -402.073 Orientation: -0.361597 -0.931179 0.0179682 0.0427703 Time: 0
Position: -3.69731e+028 -3.69731e+028 -3.69731e+028 Orientation: -0.5 -0.5 -0.5 -0.5 Time: 0
Position: 186.27 111.06 -386.06 Orientation: -0.686138 -0.240458 -0.594495 0.343469 Time: 0
Position: 173.657 109.023 -401.96 Orientation: -0.361628 -0.931204 0.017568 0.0421365 Time: 0
Position: -3.69731e+028 -3.69731e+028 -3.69731e+028 Orientation: -0.5 -0.5 -0.5 -0.5 Time: 0
Position: 186.32 111.08 -386.12 Orientation: -0.686131 -0.240556 -0.594523 0.343366 Time: 0
Position: 173.727 108.993 -402.013 Orientation: -0.361552 -0.931249 0.0173342 0.0419022 Time: 0
Position: -3.69731e+028 -3.69731e+028 -3.69731e+028 Orientation: -0.5 -0.5 -0.5 -0.5 Time: 0
Position: 186.353 111.087 -386.11 Orientation: -0.686082 -0.240484 -0.594575 0.343424 Time: 0
Position: 173.667 108.937 -401.883 Orientation: -0.361733 -0.931152 0.017835 0.0422705 Time: 0
Position: -3.69731e+028 -3.69731e+028 -3.69731e+028 Orientation: -0.5 -0.5 -0.5 -0.5 Time: 0
Position: 186.28 111.173 -386.087 Orientation: -0.686017 -0.239684 -0.59501 0.343358 Time: 0
Position: 173.537 108.84 -401.69 Orientation: -0.361853 -0.931116 0.0176009 0.0421356 Time: 0
Position: -3.69731e+028 -3.69731e+028 -3.69731e+028 Orientation: -0.5 -0.5 -0.5 -0.5 Time: 0
Position: 186.263 111.167 -386.12 Orientation: -0.686097 -0.239689 -0.594989 0.343232 Time: 0
Position: 173.653 108.997 -401.867 Orientation: -0.361693 -0.931201 0.0171679 0.0418031 Time: 0
Position: -3.69731e+028 -3.69731e+028 -3.69731e+028 Orientation: -0.5 -0.5 -0.5 -0.5 Time: 0
Position: 186.153 111.087 -385.963 Orientation: -0.686613 -0.239916 -0.594307 0.343223 Time: 0
Position: 173.627 109.027 -401.867 Orientation: -0.36149 -0.93126 0.0173678 0.0421694 Time: 0
Position: -3.69731e+028 -3.69731e+028 -3.69731e+028 Orientation: -0.5 -0.5 -0.5 -0.5 Time: 0
Position: 186.43 111.05 -386.083 Orientation: -0.685762 -0.240555 -0.594987 0.343298 Time: 0
Position: 173.797 109.08 -401.94 Orientation: -0.361661 -0.931205 0.0171347 0.0420032 Time: 0
Position: -3.69731e+028 -3.69731e+028 -3.69731e+028 Orientation: -0.5 -0.5 -0.5 -0.5 Time: 0
Position: 186.417 111.103 -386.137 Orientation: -0.685731 -0.240623 -0.594822 0.343599 Time: 0
Position: 173.593 109.063 -401.713 Orientation: -0.361657 -0.931194 0.0171678 0.0422694 Time: 0
Position: -3.69731e+028 -3.69731e+028 -3.69731e+028 Orientation: -0.5 -0.5 -0.5 -0.5 Time: 0
Position: 186.317 111.053 -386.037 Orientation: -0.685935 -0.240224 -0.594959 0.343234 Time: 0
Position: 173.56 108.983 -401.783 Orientation: -0.361651 -0.93118 0.0176675 0.0424354 Time: 0
Position: -3.69731e+028 -3.69731e+028 -3.69731e+028 Orientation: -0.5 -0.5 -0.5 -0.5 Time: 0
Position: 186.403 111.06 -386.033 Orientation: -0.685705 -0.240559 -0.595029 0.343336 Time: 0
Position: 173.657 109.113 -402.03 Orientation: -0.361423 -0.931259 0.0177345 0.0426027 Time: 0
Position: -3.69731e+028 -3.69731e+028 -3.69731e+028 Orientation: -0.5 -0.5 -0.5 -0.5 Time: 0
Position: 186.423 111.08 -386.11 Orientation: -0.685833 -0.240423 -0.594958 0.3433 Time: 0
Position: 173.57 108.99 -401.953 Orientation: -0.361457 -0.931262 0.0177012 0.0422695 Time: 0
Position: -3.69731e+028 -3.69731e+028 -3.69731e+028 Orientation: -0.5 -0.5 -0.5 -0.5 Time: 0
Position: 186.327 111.093 -386.133 Orientation: -0.685808 -0.240293 -0.594864 0.343604 Time: 0
Position: 173.367 108.893 -401.717 Orientation: -0.361421 -0.931254 0.018001 0.0426358 Time: 0
Position: -3.69731e+028 -3.69731e+028 -3.69731e+028 Orientation: -0.5 -0.5 -0.5 -0.5 Time: 0
Position: 186.253 111.083 -385.987 Orientation: -0.685661 -0.240422 -0.594753 0.343998 Time: 0
Position: 173.54 109.01 -401.703 Orientation: -0.36156 -0.931235 0.0173013 0.0421364 Time: 0
Position: -3.69731e+028 -3.69731e+028 -3.69731e+028 Orientation: -0.5 -0.5 -0.5 -0.5 Time: 0
Position: 186.273 111.1 -385.933 Orientation: -0.685969 -0.239957 -0.594893 0.343468 Time: 0
Position: 173.657 109.02 -401.727 Orientation: -0.361618 -0.931213 0.0174342 0.0420688 Time: 0
Position: -3.69731e+028 -3.69731e+028 -3.69731e+028 Orientation: -0.5 -0.5 -0.5 -0.5 Time: 0
Position: 186.243 111.1 -386.073 Orientation: -0.686265 -0.240089 -0.594556 0.343366 Time: 0
Position: 173.39 109.013 -401.76 Orientation: -0.361451 -0.931212 0.0183342 0.0431354 Time: 0
Position: -3.69731e+028 -3.69731e+028 -3.69731e+028 Orientation: -0.5 -0.5 -0.5 -0.5 Time: 0
Position: 186.247 111.073 -386.253 Orientation: -0.686574 -0.239726 -0.594498 0.343104 Time: 0
Position: 173.683 109.123 -402.023 Orientation: -0.361686 -0.93115 0.0179676 0.0426689 Time: 0
Position: -3.69731e+028 -3.69731e+028 -3.69731e+028 Orientation: -0.5 -0.5 -0.5 -0.5 Time: 0
Position: 186.26 111.203 -386.047 Orientation: -0.685882 -0.239795 -0.594938 0.343675 Time: 0
Position: 173.74 109.01 -401.92 Orientation: -0.361724 -0.931162 0.0176345 0.0422028 Time: 0
Position: -3.69731e+028 -3.69731e+028 -3.69731e+028 Orientation: -0.5 -0.5 -0.5 -0.5 Time: 0
Position: 186.257 111.257 -385.89 Orientation: -0.685485 -0.239951 -0.595111 0.344059 Time: 0
Position: 173.793 109.127 -402.097 Orientation: -0.361629 -0.931209 0.0173681 0.0421034 Time: 0
Position: -3.69731e+028 -3.69731e+028 -3.69731e+028 Orientation: -0.5 -0.5 -0.5 -0.5 Time: 0
Position: 186.423 111.18 -386.043 Orientation: -0.685747 -0.239861 -0.595203 0.34344 Time: 0
Position: 173.923 109.117 -402.093 Orientation: -0.361726 -0.931199 0.0170679 0.041603 Time: 0
Position: -3.69731e+028 -3.69731e+028 -3.69731e+028 Orientation: -0.5 -0.5 -0.5 -0.5 Time: 0
Position: 186.507 111.057 -386.33 Orientation: -0.686131 -0.240023 -0.595123 0.342699 Time: 0
Position: 173.657 109.06 -401.853 Orientation: -0.36165 -0.93121 0.0171675 0.0419686 Time: 0
Position: -3.69731e+028 -3.69731e+028 -3.69731e+028 Orientation: -0.5 -0.5 -0.5 -0.5 Time: 0
Position: 186.5 111.023 -386.323 Orientation: -0.686046 -0.239928 -0.595369 0.342506 Time: 0
Position: 173.63 108.953 -401.853 Orientation: -0.361661 -0.931204 0.017368 0.0419365 Time: 0
Position: -3.69731e+028 -3.69731e+028 -3.69731e+028 Orientation: -0.5 -0.5 -0.5 -0.5 Time: 0
Position: 186.423 111.09 -386.327 Orientation: -0.686312 -0.239749 -0.594972 0.342789 Time: 0
Position: 173.627 109.033 -401.893 Orientation: -0.361326 -0.931332 0.0174679 0.0419363 Time: 0
Position: -3.69731e+028 -3.69731e+028 -3.69731e+028 Orientation: -0.5 -0.5 -0.5 -0.5 Time: 0
Position: 186.367 111.037 -386.227 Orientation: -0.686299 -0.24009 -0.59469 0.343066 Time: 0
Position: 173.487 109 -401.927 Orientation: -0.361454 -0.931254 0.017801 0.0424358 Time: 0
Position: -3.69731e+028 -3.69731e+028 -3.69731e+028 Orientation: -0.5 -0.5 -0.5 -0.5 Time: 0
Position: 186.323 111.01 -386.1 Orientation: -0.686107 -0.240226 -0.594797 0.34317 Time: 0
Position: 173.42 108.927 -401.77 Orientation: -0.361594 -0.931204 0.0176013 0.0424032 Time: 0
Position: -3.69731e+028 -3.69731e+028 -3.69731e+028 Orientation: -0.5 -0.5 -0.5 -0.5 Time: 0
Position: 186.357 111.02 -386.183 Orientation: -0.686229 -0.240355 -0.594587 0.343198 Time: 0
Position: 173.58 108.91 -401.753 Orientation: -0.3618 -0.931152 0.0172349 0.0419372 Time: 0
Position: -3.69731e+028 -3.69731e+028 -3.69731e+028 Orientation: -0.5 -0.5 -0.5 -0.5 Time: 0
Position: 186.4 111.107 -386.173 Orientation: -0.686141 -0.240159 -0.594765 0.343204 Time: 0
Position: 173.627 108.98 -401.847 Orientation: -0.361467 -0.931288 0.017235 0.0418039 Time: 0
Position: -3.69731e+028 -3.69731e+028 -3.69731e+028 Orientation: -0.5 -0.5 -0.5 -0.5 Time: 0
Position: 186.453 111.1 -386.123 Orientation: -0.685835 -0.240424 -0.594859 0.343467 Time: 0
Position: 173.807 109.087 -401.96 Orientation: -0.361557 -0.931261 0.0169344 0.0417361 Time: 0
Position: -3.69731e+028 -3.69731e+028 -3.69731e+028 Orientation: -0.5 -0.5 -0.5 -0.5 Time: 0
Position: 186.48 111 -386.23 Orientation: -0.686261 -0.240121 -0.594953 0.342664 Time: 0
Position: 173.497 109.02 -401.893 Orientation: -0.361333 -0.931285 0.0179683 0.0427039 Time: 0
Position: -3.69731e+028 -3.69731e+028 -3.69731e+028 Orientation: -0.5 -0.5 -0.5 -0.5 Time: 0
Position: 186.303 111.017 -385.977 Orientation: -0.68633 -0.240255 -0.594588 0.343065 Time: 0
Position: 173.49 108.943 -401.893 Orientation: -0.361456 -0.931259 0.0177011 0.042336 Time: 0
Position: -3.69731e+028 -3.69731e+028 -3.69731e+028 Orientation: -0.5 -0.5 -0.5 -0.5 Time: 0
Position: 186.257 111.043 -386.037 Orientation: -0.686365 -0.240123 -0.594523 0.343199 Time: 0
Position: 173.433 108.957 -401.98 Orientation: -0.361564 -0.931211 0.0176348 0.0425036 Time: 0
Position: -3.69731e+028 -3.69731e+028 -3.69731e+028 Orientation: -0.5 -0.5 -0.5 -0.5 Time: 0
Position: 186.42 111.017 -386.207 Orientation: -0.686309 -0.240293 -0.594632 0.343004 Time: 0
Position: 173.503 109.08 -401.983 Orientation: -0.361454 -0.931253 0.017701 0.0425024 Time: 0
Position: -3.69731e+028 -3.69731e+028 -3.69731e+028 Orientation: -0.5 -0.5 -0.5 -0.5 Time: 0
Position: 186.507 111.007 -386.39 Orientation: -0.686523 -0.239653 -0.595148 0.342128 Time: 0
Position: 173.503 109.07 -401.717 Orientation: -0.361522 -0.931257 0.0170677 0.0420693 Time: 0
Position: -3.69731e+028 -3.69731e+028 -3.69731e+028 Orientation: -0.5 -0.5 -0.5 -0.5 Time: 0
Position: 186.277 111.037 -386.267 Orientation: -0.686631 -0.239489 -0.594856 0.342532 Time: 0
