Position: -3.69731e+028 -3.69731e+028 -3.69731e+028 Orientation: -0.5 -0.5 -0.5 -0.5 Time: 0
Position: -142.777 115.027 -388.75 Orientation: -0.680299 -0.236056 -0.61816 0.315197 Time: 0
Position: -158.023 119.253 -410.313 Orientation: -0.363956 -0.930425 0.0180678 0.0389691 Time: 0
Position: -3.69731e+028 -3.69731e+028 -3.69731e+028 Orientation: -0.5 -0.5 -0.5 -0.5 Time: 0
Position: -142.9 114.953 -388.64 Orientation: -0.680813 -0.236528 -0.617172 0.31567 Time: 0
Position: -158.06 119.28 -410.537 Orientation: -0.364071 -0.930397 0.0176685 0.0387374 Time: 0
Position: -3.69731e+028 -3.69731e+028 -3.69731e+028 Orientation: -0.5 -0.5 -0.5 -0.5 Time: 0
Position: -142.753 115.01 -388.65 Orientation: -0.680379 -0.236516 -0.617475 0.316021 Time: 0
Position: -157.907 119.197 -410.467 Orientation: -0.363949 -0.930441 0.0182341 0.0385684 Time: 0
Position: -3.69731e+028 -3.69731e+028 -3.69731e+028 Orientation: -0.5 -0.5 -0.5 -0.5 Time: 0
Position: -142.687 115.107 -388.813 Orientation: -0.680235 -0.234724 -0.619296 0.314098 Time: 0
Position: -158.08 119.277 -410.593 Orientation: -0.363984 -0.930444 0.0176675 0.0384352 Time: 0
Position: -3.69731e+028 -3.69731e+028 -3.69731e+028 Orientation: -0.5 -0.5 -0.5 -0.5 Time: 0
Position: -142.713 114.9 -388.813 Orientation: -0.680286 -0.235685 -0.619048 0.313758 Time: 0
Position: -157.927 119.12 -410.177 Orientation: -0.363892 -0.930464 0.0180346 0.0386693 Time: 0
Position: -3.69731e+028 -3.69731e+028 -3.69731e+028 Orientation: -0.5 -0.5 -0.5 -0.5 Time: 0
Position: -142.753 115.1 -388.77 Orientation: -0.680282 -0.235117 -0.618778 0.314723 Time: 0
Position: -158.007 119.193 -410.307 Orientation: -0.363919 -0.930449 0.0180676 0.0387354 Time: 0
Position: -3.69731e+028 -3.69731e+028 -3.69731e+028 Orientation: -0.5 -0.5 -0.5 -0.5 Time: 0
Position: -142.707 115.04 -388.7 Orientation: -0.68027 -0.235391 -0.618597 0.314899 Time: 0
Position: -158.053 119.327 -410.42 Orientation: -0.364158 -0.930364 0.0175679 0.0387693 Time: 0
Position: -3.69731e+028 -3.69731e+028 -3.69731e+028 Orientation: -0.5 -0.5 -0.5 -0.5 Time: 0
Position: -142.743 115.04 -388.773 Orientation: -0.680272 -0.235858 -0.618365 0.315 Time: 0
Position: -157.96 119.217 -410.423 Orientation: -0.364132 -0.930381 0.0176682 0.03857 Time: 0
Position: -3.69731e+028 -3.69731e+028 -3.69731e+028 Orientation: -0.5 -0.5 -0.5 -0.5 Time: 0
Position: -142.723 115.057 -388.82 Orientation: -0.680223 -0.235486 -0.618785 0.31456 Time: 0
Position: -158.06 119.21 -410.477 Orientation: -0.363918 -0.930446 0.0180009 0.0388686 Time: 0
Position: -3.69731e+028 -3.69731e+028 -3.69731e+028 Orientation: -0.5 -0.5 -0.5 -0.5 Time: 0
Position: -142.67 115.117 -388.813 Orientation: -0.680131 -0.234989 -0.619226 0.314263 Time: 0
Position: -158.22 119.167 -410.617 Orientation: -0.36353 -0.930577 0.0182682 0.0392366 Time: 0
Position: -3.69731e+028 -3.69731e+028 -3.69731e+028 Orientation: -0.5 -0.5 -0.5 -0.5 Time: 0
Position: -142.79 114.967 -388.777 Orientation: -0.680411 -0.235927 -0.61827 0.314836 Time: 0
Position: -157.933 119.22 -410.5 Orientation: -0.363956 -0.930457 0.0176344 0.0384024 Time: 0
Position: -3.69731e+028 -3.69731e+028 -3.69731e+028 Orientation: -0.5 -0.5 -0.5 -0.5 Time: 0
Position: -142.78 114.787 -388.83 Orientation: -0.680351 -0.237218 -0.61778 0.314957 Time: 0
Position: -157.837 119.317 -410.677 Orientation: -0.364115 -0.930406 0.0175341 0.0381683 Time: 0
Position: -3.69731e+028 -3.69731e+028 -3.69731e+028 Orientation: -0.5 -0.5 -0.5 -0.5 Time: 0
Position: -142.813 114.933 -388.76 Orientation: -0.680531 -0.236522 -0.617625 0.315396 Time: 0
Position: -157.92 119.41 -410.677 Orientation: -0.364093 -0.930402 0.0174346 0.0385362 Time: 0
Position: -3.69731e+028 -3.69731e+028 -3.69731e+028 Orientation: -0.5 -0.5 -0.5 -0.5 Time: 0
Position: -142.77 114.993 -388.7 Orientation: -0.680507 -0.236592 -0.617434 0.315768 Time: 0
Position: -157.923 119.313 -410.427 Orientation: -0.364094 -0.930403 0.0175013 0.0384695 Time: 0
Position: -3.69731e+028 -3.69731e+028 -3.69731e+028 Orientation: -0.5 -0.5 -0.5 -0.5 Time: 0
Position: -142.677 115.06 -388.773 Orientation: -0.680209 -0.235781 -0.618539 0.314853 Time: 0
Position: -157.903 119.137 -410.22 Orientation: -0.363858 -0.930463 0.0184012 0.0388359 Time: 0
Position: -3.69731e+028 -3.69731e+028 -3.69731e+028 Orientation: -0.5 -0.5 -0.5 -0.5 Time: 0
Position: -142.83 115.013 -388.667 Orientation: -0.680409 -0.237381 -0.616872 0.316486 Time: 0
Position: -158.02 119.237 -410.3 Orientation: -0.363865 -0.93048 0.0177349 0.03867 Time: 0
Position: -3.69731e+028 -3.69731e+028 -3.69731e+028 Orientation: -0.5 -0.5 -0.5 -0.5 Time: 0
Position: -142.697 115.053 -388.787 Orientation: -0.680295 -0.234921 -0.619156 0.314095 Time: 0
Position: -158.083 119.237 -410.313 Orientation: -0.363997 -0.930411 0.0181015 0.0389033 Time: 0
Position: -3.69731e+028 -3.69731e+028 -3.69731e+028 Orientation: -0.5 -0.5 -0.5 -0.5 Time: 0
Position: -142.693 115.07 -388.73 Orientation: -0.680238 -0.235091 -0.618865 0.314666 Time: 0
Position: -158.063 119.19 -410.427 Orientation: -0.363954 -0.930452 0.017901 0.0384355 Time: 0
Position: -3.69731e+028 -3.69731e+028 -3.69731e+028 Orientation: -0.5 -0.5 -0.5 -0.5 Time: 0
Position: -142.8 114.96 -388.75 Orientation: -0.68041 -0.236093 -0.61797 0.315302 Time: 0
Position: -158.103 119.343 -410.65 Orientation: -0.364049 -0.930408 0.0177341 0.0386684 Time: 0
Position: -3.69731e+028 -3.69731e+028 -3.69731e+028 Orientation: -0.5 -0.5 -0.5 -0.5 Time: 0
Position: -142.817 114.947 -388.853 Orientation: -0.680389 -0.236653 -0.617818 0.315226 Time: 0
Position: -157.907 119.35 -410.47 Orientation: -0.364159 -0.930366 0.0176679 0.0386694 Time: 0
Position: -3.69731e+028 -3.69731e+028 -3.69731e+028 Orientation: -0.5 -0.5 -0.5 -0.5 Time: 0
Position: -142.777 115.123 -388.893 Orientation: -0.680402 -0.234946 -0.618832 0.314483 Time: 0
Position: -158.187 119.317 -410.387 Orientation: -0.363926 -0.930434 0.0179013 0.0391028 Time: 0
Position: -3.69731e+028 -3.69731e+028 -3.69731e+028 Orientation: -0.5 -0.5 -0.5 -0.5 Time: 0
Position: -142.78 115.067 -388.787 Orientation: -0.680333 -0.235656 -0.618394 0.314964 Time: 0
Position: -158.29 119.38 -410.513 Orientation: -0.363964 -0.930411 0.0178682 0.0393366 Time: 0
Position: -3.69731e+028 -3.69731e+028 -3.69731e+028 Orientation: -0.5 -0.5 -0.5 -0.5 Time: 0
Position: -142.77 115 -388.767 Orientation: -0.680335 -0.235824 -0.618395 0.314832 Time: 0
Position: -158.017 119.277 -410.463 Orientation: -0.364018 -0.930414 0.0179009 0.0387353 Time: 0
Position: -3.69731e+028 -3.69731e+028 -3.69731e+028 Orientation: -0.5 -0.5 -0.5 -0.5 Time: 0
Position: -142.927 114.963 -388.647 Orientation: -0.680735 -0.236991 -0.616929 0.315965 Time: 0
Position: -157.97 119.3 -410.35 Orientation: -0.364136 -0.930392 0.0174017 0.0383705 Time: 0
Position: -3.69731e+028 -3.69731e+028 -3.69731e+028 Orientation: -0.5 -0.5 -0.5 -0.5 Time: 0
Position: -142.883 115.057 -388.797 Orientation: -0.680646 -0.235027 -0.618439 0.31467 Time: 0
Position: -157.98 119.347 -410.5 Orientation: -0.364124 -0.930396 0.0176012 0.0383026 Time: 0
Position: -3.69731e+028 -3.69731e+028 -3.69731e+028 Orientation: -0.5 -0.5 -0.5 -0.5 Time: 0
Position: -142.79 115.073 -388.767 Orientation: -0.680457 -0.235286 -0.618519 0.314726 Time: 0
Position: -158.087 119.26 -410.433 Orientation: -0.363954 -0.93042 0.0180344 0.0391356 Time: 0
Position: -3.69731e+028 -3.69731e+028 -3.69731e+028 Orientation: -0.5 -0.5 -0.5 -0.5 Time: 0
Position: -142.887 114.95 -388.67 Orientation: -0.680792 -0.23602 -0.61782 0.314827 Time: 0
Position: -158.21 119.177 -410.433 Orientation: -0.363819 -0.930449 0.0185343 0.0394687 Time: 0
Position: -3.69731e+028 -3.69731e+028 -3.69731e+028 Orientation: -0.5 -0.5 -0.5 -0.5 Time: 0
Position: -142.733 115.107 -388.753 Orientation: -0.680202 -0.235591 -0.61863 0.314832 Time: 0
Position: -158.007 119.183 -410.493 Orientation: -0.363914 -0.930437 0.0183674 0.0389349 Time: 0
Position: -3.69731e+028 -3.69731e+028 -3.69731e+028 Orientation: -0.5 -0.5 -0.5 -0.5 Time: 0
Position: -142.86 114.99 -388.843 Orientation: -0.68045 -0.235384 -0.618745 0.314223 Time: 0
Position: -157.917 119.297 -410.437 Orientation: -0.364002 -0.930423 0.0178017 0.0387037 Time: 0
Position: -3.69731e+028 -3.69731e+028 -3.69731e+028 Orientation: -0.5 -0.5 -0.5 -0.5 Time: 0
Position: -142.977 114.907 -388.677 Orientation: -0.680899 -0.236623 -0.617026 0.315697 Time: 0
Position: -157.873 119.31 -410.46 Orientation: -0.363966 -0.930451 0.0176016 0.0384701 Time: 0
Position: -3.69731e+028 -3.69731e+028 -3.69731e+028 Orientation: -0.5 -0.5 -0.5 -0.5 Time: 0
Position: -142.933 114.997 -388.783 Orientation: -0.680768 -0.235924 -0.617795 0.314998 Time: 0
Position: -157.85 119.377 -410.427 Orientation: -0.364122 -0.930389 0.0177344 0.0384356 Time: 0
Position: -3.69731e+028 -3.69731e+028 -3.69731e+028 Orientation: -0.5 -0.5 -0.5 -0.5 Time: 0
Position: -142.773 115.147 -388.803 Orientation: -0.680231 -0.235089 -0.618858 0.314696 Time: 0
Position: -157.853 119.327 -410.293 Orientation: -0.364162 -0.930374 0.0176681 0.0384364 Time: 0
Position: -3.69731e+028 -3.69731e+028 -3.69731e+028 Orientation: -0.5 -0.5 -0.5 -0.5 Time: 0
Position: -142.693 115.117 -388.723 Orientation: -0.680115 -0.236017 -0.618211 0.315523 Time: 0
Position: -158.047 119.287 -410.183 Orientation: -0.364025 -0.930398 0.0179346 0.039036 Time: 0
Position: -3.69731e+028 -3.69731e+028 -3.69731e+028 Orientation: -0.5 -0.5 -0.5 -0.5 Time: 0
Position: -142.703 115.123 -388.81 Orientation: -0.680104 -0.235258 -0.618898 0.314766 Time: 0
Position: -158.037 119.23 -410.32 Orientation: -0.363892 -0.930465 0.0177346 0.0387694 Time: 0
Position: -3.69731e+028 -3.69731e+028 -3.69731e+028 Orientation: -0.5 -0.5 -0.5 -0.5 Time: 0
Position: -142.86 114.847 -388.743 Orientation: -0.680768 -0.23589 -0.618062 0.314498 Time: 0
Position: -158.053 119.16 -410.333 Orientation: -0.363838 -0.930496 0.0175685 0.038604 Time: 0
Position: -3.69731e+028 -3.69731e+028 -3.69731e+028 Orientation: -0.5 -0.5 -0.5 -0.5 Time: 0
Position: -142.82 114.92 -388.69 Orientation: -0.680485 -0.236985 -0.617313 0.315757 Time: 0
Position: -158.103 119.237 -410.287 Orientation: -0.363961 -0.930439 0.0178347 0.038703 Time: 0
Position: -3.69731e+028 -3.69731e+028 -3.69731e+028 Orientation: -0.5 -0.5 -0.5 -0.5 Time: 0
Position: -142.767 115.11 -388.823 Orientation: -0.68036 -0.234087 -0.619554 0.313794 Time: 0
Position: -158.173 119.223 -410.777 Orientation: -0.363725 -0.93053 0.0179012 0.0387026 Time: 0
Position: -3.69731e+028 -3.69731e+028 -3.69731e+028 Orientation: -0.5 -0.5 -0.5 -0.5 Time: 0
Position: -142.827 115.007 -388.833 Orientation: -0.680538 -0.234591 -0.619198 0.313733 Time: 0
Position: -158.09 119.207 -410.533 Orientation: -0.363924 -0.930428 0.0183345 0.0390693 Time: 0
Position: -3.69731e+028 -3.69731e+028 -3.69731e+028 Orientation: -0.5 -0.5 -0.5 -0.5 Time: 0
Position: -142.84 115.033 -388.68 Orientation: -0.6807 -0.23479 -0.61876 0.314097 Time: 0
Position: -158.017 119.207 -410.31 Orientation: -0.364053 -0.930384 0.0182343 0.0389688 Time: 0
Position: -3.69731e+028 -3.69731e+028 -3.69731e+028 Orientation: -0.5 -0.5 -0.5 -0.5 Time: 0
Position: -142.91 114.957 -388.787 Orientation: -0.680669 -0.235746 -0.618166 0.314617 Time: 0
Position: -158.143 119.263 -410.417 Orientation: -0.363979 -0.930431 0.0176006 0.0388346 Time: 0
Position: -3.69731e+028 -3.69731e+028 -3.69731e+028 Orientation: -0.5 -0.5 -0.5 -0.5 Time: 0
Position: -142.743 115.153 -388.753 Orientation: -0.680332 -0.234189 -0.619393 0.314097 Time: 0
Position: -158.033 119.237 -410.52 Orientation: -0.363822 -0.930489 0.0179011 0.038769 Time: 0
Position: -3.69731e+028 -3.69731e+028 -3.69731e+028 Orientation: -0.5 -0.5 -0.5 -0.5 Time: 0
Position: -142.74 115.1 -388.697 Orientation: -0.680414 -0.234561 -0.619107 0.314204 Time: 0
Position: -157.927 119.2 -410.467 Orientation: -0.363856 -0.93049 0.0176677 0.0385357 Time: 0
Position: -3.69731e+028 -3.69731e+028 -3.69731e+028 Orientation: -0.5 -0.5 -0.5 -0.5 Time: 0
Position: -142.737 114.96 -388.797 Orientation: -0.680334 -0.23549 -0.618828 0.314231 Time: 0
Position: -158.087 119.387 -410.507 Orientation: -0.36395 -0.930443 0.0175341 0.0388351 Time: 0
Position: -3.69731e+028 -3.69731e+028 -3.69731e+028 Orientation: -0.5 -0.5 -0.5 -0.5 Time: 0
Position: -142.853 114.94 -388.84 Orientation: -0.680523 -0.23602 -0.618218 0.314626 Time: 0
Position: -158.157 119.297 -410.54 Orientation: -0.363856 -0.930459 0.0181345 0.0390691 Time: 0
Position: -3.69731e+028 -3.69731e+028 -3.69731e+028 Orientation: -0.5 -0.5 -0.5 -0.5 Time: 0
Position: -142.81 114.923 -388.753 Orientation: -0.680301 -0.237123 -0.617528 0.315631 Time: 0
Position: -158.073 119.27 -410.407 Orientation: -0.364031 -0.930412 0.0179682 0.0386366 Time: 0
Position: -3.69731e+028 -3.69731e+028 -3.69731e+028 Orientation: -0.5 -0.5 -0.5 -0.5 Time: 0
Position: -142.513 115.083 -388.757 Orientation: -0.679731 -0.235355 -0.619425 0.314463 Time: 0
Position: -158.017 119.17 -410.417 Orientation: -0.363923 -0.930458 0.0181011 0.0384691 Time: 0
Position: -3.69731e+028 -3.69731e+028 -3.69731e+028 Orientation: -0.5 -0.5 -0.5 -0.5 Time: 0
Position: -142.577 114.973 -388.73 Orientation: -0.679899 -0.236123 -0.618693 0.314964 Time: 0
Position: -158.003 119.177 -410.393 Orientation: -0.363894 -0.930469 0.017968 0.0385362 Time: 0
Position: -3.69731e+028 -3.69731e+028 -3.69731e+028 Orientation: -0.5 -0.5 -0.5 -0.5 Time: 0
Position: -142.863 114.953 -388.717 Orientation: -0.680657 -0.235153 -0.618519 0.314393 Time: 0
Position: -158.087 119.227 -410.627 Orientation: -0.36366 -0.930536 0.0182347 0.0390029 Time: 0
Position: -3.69731e+028 -3.69731e+028 -3.69731e+028 Orientation: -0.5 -0.5 -0.5 -0.5 Time: 0
Position: -142.767 115.153 -388.783 Orientation: -0.680169 -0.235124 -0.618996 0.314532 Time: 0
Position: -158.043 119.207 -410.467 Orientation: -0.36386 -0.930468 0.0182013 0.0387695 Time: 0
Position: -3.69731e+028 -3.69731e+028 -3.69731e+028 Orientation: -0.5 -0.5 -0.5 -0.5 Time: 0
Position: -142.67 115.06 -388.82 Orientation: -0.67998 -0.235649 -0.618942 0.314655 Time: 0
Position: -158.283 119.28 -410.573 Orientation: -0.363794 -0.930471 0.0183014 0.0392697 Time: 0
Position: -3.69731e+028 -3.69731e+028 -3.69731e+028 Orientation: -0.5 -0.5 -0.5 -0.5 Time: 0
Position: -142.73 114.947 -388.833 Orientation: -0.680228 -0.236455 -0.618222 0.314928 Time: 0
Position: -158.053 119.303 -410.43 Orientation: -0.364157 -0.930361 0.0179678 0.0386692 Time: 0
Position: -3.69731e+028 -3.69731e+028 -3.69731e+028 Orientation: -0.5 -0.5 -0.5 -0.5 Time: 0
Position: -142.823 114.943 -388.74 Orientation: -0.680378 -0.237794 -0.616738 0.316503 Time: 0
Position: -157.85 119.267 -410.343 Orientation: -0.364153 -0.930383 0.0176343 0.0383354 Time: 0
Position: -3.69731e+028 -3.69731e+028 -3.69731e+028 Orientation: -0.5 -0.5 -0.5 -0.5 Time: 0
Position: -142.86 114.983 -388.74 Orientation: -0.68057 -0.236691 -0.617397 0.315632 Time: 0
Position: -157.987 119.233 -410.39 Orientation: -0.363922 -0.930456 0.0178344 0.038669 Time: 0
Position: -3.69731e+028 -3.69731e+028 -3.69731e+028 Orientation: -0.5 -0.5 -0.5 -0.5 Time: 0
Position: -142.65 115 -388.787 Orientation: -0.68001 -0.236127 -0.618737 0.314636 Time: 0
Position: -158.17 119.18 -410.35 Orientation: -0.363922 -0.930455 0.0179344 0.0386356 Time: 0
Position: -3.69731e+028 -3.69731e+028 -3.69731e+028 Orientation: -0.5 -0.5 -0.5 -0.5 Time: 0
Position: -142.54 115.05 -388.893 Orientation: -0.679912 -0.234627 -0.620072 0.313336 Time: 0
Position: -157.95 119.217 -410.29 Orientation: -0.36406 -0.930401 0.0180013 0.0386028 Time: 0
Position: -3.69731e+028 -3.69731e+028 -3.69731e+028 Orientation: -0.5 -0.5 -0.5 -0.5 Time: 0
Position: -142.807 114.96 -388.78 Orientation: -0.680448 -0.236083 -0.618177 0.314822 Time: 0
Position: -157.92 119.327 -410.34 Orientation: -0.364046 -0.9304 0.017834 0.0388347 Time: 0
Position: -3.69731e+028 -3.69731e+028 -3.69731e+028 Orientation: -0.5 -0.5 -0.5 -0.5 Time: 0
Position: -142.79 115.02 -388.697 Orientation: -0.680374 -0.236181 -0.61807 0.315119 Time: 0
Position: -158.043 119.41 -410.66 Orientation: -0.36395 -0.930443 0.0176008 0.0388018 Time: 0
Position: -3.69731e+028 -3.69731e+028 -3.69731e+028 Orientation: -0.5 -0.5 -0.5 -0.5 Time: 0
Position: -142.697 115.17 -388.817 Orientation: -0.680167 -0.234223 -0.619594 0.314031 Time: 0
Position: -158.127 119.25 -410.423 Orientation: -0.363892 -0.930464 0.0177679 0.0387693 Time: 0
Position: -3.69731e+028 -3.69731e+028 -3.69731e+028 Orientation: -0.5 -0.5 -0.5 -0.5 Time: 0
Position: -142.803 115.05 -388.717 Orientation: -0.680594 -0.235021 -0.618655 0.314361 Time: 0
Position: -157.937 119.327 -410.353 Orientation: -0.364056 -0.930424 0.0174011 0.038369 Time: 0
Position: -3.69731e+028 -3.69731e+028 -3.69731e+028 Orientation: -0.5 -0.5 -0.5 -0.5 Time: 0
Position: -142.79 115.033 -388.737 Orientation: -0.680533 -0.23539 -0.618394 0.314731 Time: 0
Position: -157.897 119.26 -410.32 Orientation: -0.363978 -0.930429 0.0180006 0.0387012 Time: 0
Position: -3.69731e+028 -3.69731e+028 -3.69731e+028 Orientation: -0.5 -0.5 -0.5 -0.5 Time: 0
Position: -142.983 114.847 -388.767 Orientation: -0.680933 -0.236623 -0.617261 0.315164 Time: 0
Position: -158.07 119.333 -410.623 Orientation: -0.364093 -0.9304 0.0173679 0.0386028 Time: 0
Position: -3.69731e+028 -3.69731e+028 -3.69731e+028 Orientation: -0.5 -0.5 -0.5 -0.5 Time: 0
Position: -142.863 114.93 -388.72 Orientation: -0.680508 -0.237393 -0.616835 0.316335 Time: 0
Position: -157.957 119.35 -410.373 Orientation: -0.364073 -0.930401 0.0175019 0.0387042 Time: 0
Position: -3.69731e+028 -3.69731e+028 -3.69731e+028 Orientation: -0.5 -0.5 -0.5 -0.5 Time: 0
Position: -142.583 115.08 -388.78 Orientation: -0.679953 -0.23543 -0.619079 0.314607 Time: 0
Position: -157.97 119.353 -410.17 Orientation: -0.364062 -0.930407 0.0173014 0.0387697 Time: 0
Position: -3.69731e+028 -3.69731e+028 -3.69731e+028 Orientation: -0.5 -0.5 -0.5 -0.5 Time: 0
Position: -142.773 115.077 -388.727 Orientation: -0.680531 -0.234622 -0.618858 0.314396 Time: 0
Position: -158.18 119.317 -410.443 Orientation: -0.364057 -0.930394 0.0175678 0.0390025 Time: 0
Position: -3.69731e+028 -3.69731e+028 -3.69731e+028 Orientation: -0.5 -0.5 -0.5 -0.5 Time: 0
Position: -142.773 115.057 -388.783 Orientation: -0.680545 -0.234194 -0.619272 0.31387 Time: 0
Position: -158.137 119.283 -410.51 Orientation: -0.364123 -0.930359 0.0179345 0.0390358 Time: 0
Position: -3.69731e+028 -3.69731e+028 -3.69731e+028 Orientation: -0.5 -0.5 -0.5 -0.5 Time: 0
Position: -142.833 115.027 -388.76 Orientation: -0.680554 -0.234797 -0.618879 0.314174 Time: 0
Position: -157.943 119.227 -410.297 Orientation: -0.364059 -0.930398 0.0179012 0.038736 Time: 0
Position: -3.69731e+028 -3.69731e+028 -3.69731e+028 Orientation: -0.5 -0.5 -0.5 -0.5 Time: 0
Position: -142.81 114.997 -388.78 Orientation: -0.680435 -0.235791 -0.618229 0.314965 Time: 0
Position: -157.863 119.293 -410.353 Orientation: -0.364072 -0.930398 0.0180019 0.0385707 Time: 0
Position: -3.69731e+028 -3.69731e+028 -3.69731e+028 Orientation: -0.5 -0.5 -0.5 -0.5 Time: 0
Position: -142.693 114.97 -388.683 Orientation: -0.680019 -0.237452 -0.617647 0.315758 Time: 0
Position: -157.84 119.22 -410.27 Orientation: -0.364154 -0.930386 0.017801 0.0381688 Time: 0
Position: -3.69731e+028 -3.69731e+028 -3.69731e+028 Orientation: -0.5 -0.5 -0.5 -0.5 Time: 0
Position: -142.56 115.067 -388.737 Orientation: -0.67979 -0.236453 -0.618485 0.31536 Time: 0
Position: -157.813 119.21 -410.143 Orientation: -0.364288 -0.930355 0.017301 0.0378689 Time: 0
Position: -3.69731e+028 -3.69731e+028 -3.69731e+028 Orientation: -0.5 -0.5 -0.5 -0.5 Time: 0
Position: -142.797 115.077 -388.74 Orientation: -0.680224 -0.23662 -0.617518 0.316193 Time: 0
Position: -158.13 119.307 -410.577 Orientation: -0.363891 -0.930463 0.0179345 0.0387359 Time: 0
Position: -3.69731e+028 -3.69731e+028 -3.69731e+028 Orientation: -0.5 -0.5 -0.5 -0.5 Time: 0
Position: -142.727 115.097 -388.77 Orientation: -0.680106 -0.236225 -0.618033 0.315734 Time: 0
Position: -157.963 119.33 -410.47 Orientation: -0.36406 -0.930401 0.0176679 0.0387695 Time: 0
Position: -3.69731e+028 -3.69731e+028 -3.69731e+028 Orientation: -0.5 -0.5 -0.5 -0.5 Time: 0
Position: -142.7 115.2 -388.783 Orientation: -0.680051 -0.234684 -0.619213 0.31469 Time: 0
Position: -158.017 119.22 -410.307 Orientation: -0.364094 -0.93037 0.017968 0.0390363 Time: 0
Position: -3.69731e+028 -3.69731e+028 -3.69731e+028 Orientation: -0.5 -0.5 -0.5 -0.5 Time: 0
Position: -142.803 115.127 -388.74 Orientation: -0.68028 -0.235594 -0.618439 0.315037 Time: 0
Position: -157.96 119.24 -410.447 Orientation: -0.364125 -0.930365 0.0180346 0.0388361 Time: 0
Position: -3.69731e+028 -3.69731e+028 -3.69731e+028 Orientation: -0.5 -0.5 -0.5 -0.5 Time: 0
Position: -142.823 115.047 -388.67 Orientation: -0.680322 -0.236752 -0.61765 0.315625 Time: 0
Position: -157.973 119.323 -410.427 Orientation: -0.364128 -0.930371 0.0178347 0.0387696 Time: 0
Position: -3.69731e+028 -3.69731e+028 -3.69731e+028 Orientation: -0.5 -0.5 -0.5 -0.5 Time: 0
Position: -142.94 114.973 -388.74 Orientation: -0.680641 -0.236859 -0.617167 0.315801 Time: 0
Position: -158.073 119.38 -410.523 Orientation: -0.3641 -0.930386 0.0177683 0.0387036 Time: 0
Position: -3.69731e+028 -3.69731e+028 -3.69731e+028 Orientation: -0.5 -0.5 -0.5 -0.5 Time: 0
Position: -142.917 115.03 -388.72 Orientation: -0.680707 -0.236159 -0.617533 0.315467 Time: 0
Position: -158.047 119.173 -410.47 Orientation: -0.363799 -0.930483 0.0182683 0.0389701 Time: 0
Position: -3.69731e+028 -3.69731e+028 -3.69731e+028 Orientation: -0.5 -0.5 -0.5 -0.5 Time: 0
Position: -142.723 114.993 -388.837 Orientation: -0.680155 -0.235686 -0.618784 0.314559 Time: 0
Position: -157.83 119.227 -410.32 Orientation: -0.364057 -0.930394 0.0182345 0.0387025 Time: 0
Position: -3.69731e+028 -3.69731e+028 -3.69731e+028 Orientation: -0.5 -0.5 -0.5 -0.5 Time: 0
Position: -142.717 115.02 -388.82 Orientation: -0.680261 -0.234721 -0.619456 0.313728 Time: 0
Position: -158.033 119.337 -410.417 Orientation: -0.364123 -0.930359 0.0179345 0.0390358 Time: 0
Position: -3.69731e+028 -3.69731e+028 -3.69731e+028 Orientation: -0.5 -0.5 -0.5 -0.5 Time: 0
Position: -142.737 115.047 -388.843 Orientation: -0.680372 -0.234725 -0.619432 0.313533 Time: 0
Position: -158.073 119.207 -410.457 Orientation: -0.363957 -0.930426 0.0181345 0.0389025 Time: 0
Position: -3.69731e+028 -3.69731e+028 -3.69731e+028 Orientation: -0.5 -0.5 -0.5 -0.5 Time: 0
Position: -142.74 115.017 -388.887 Orientation: -0.680373 -0.235192 -0.6191 0.313834 Time: 0
Position: -158.08 119.223 -410.35 Orientation: -0.363966 -0.930418 0.0180016 0.0390702 Time: 0
Position: -3.69731e+028 -3.69731e+028 -3.69731e+028 Orientation: -0.5 -0.5 -0.5 -0.5 Time: 0
Position: -142.637 115.04 -388.85 Orientation: -0.679992 -0.235587 -0.619187 0.314194 Time: 0
Position: -158.057 119.23 -410.357 Orientation: -0.363918 -0.930447 0.0178009 0.0389353 Time: 0
Position: -3.69731e+028 -3.69731e+028 -3.69731e+028 Orientation: -0.5 -0.5 -0.5 -0.5 Time: 0
Position: -142.71 114.98 -388.767 Orientation: -0.68018 -0.236528 -0.618073 0.31527 Time: 0
Position: -158.17 119.267 -410.553 Orientation: -0.363924 -0.930462 0.0174678 0.0386692 Time: 0
Position: -3.69731e+028 -3.69731e+028 -3.69731e+028 Orientation: -0.5 -0.5 -0.5 -0.5 Time: 0
Position: -142.703 115.007 -388.707 Orientation: -0.680224 -0.23592 -0.618552 0.314693 Time: 0
Position: -158.047 119.203 -410.39 Orientation: -0.364113 -0.9304 0.0174006 0.0384014 Time: 0
Position: -3.69731e+028 -3.69731e+028 -3.69731e+028 Orientation: -0.5 -0.5 -0.5 -0.5 Time: 0
Position: -142.747 115.03 -388.783 Orientation: -0.680293 -0.235187 -0.618855 0.314494 Time: 0
Position: -157.943 119.24 -410.207 Orientation: -0.364013 -0.930433 0.017634 0.0384347 Time: 0
Position: -3.69731e+028 -3.69731e+028 -3.69731e+028 Orientation: -0.5 -0.5 -0.5 -0.5 Time: 0
Position: -142.663 115.107 -388.843 Orientation: -0.680094 -0.234754 -0.619255 0.314461 Time: 0
Position: -157.913 119.333 -410.35 Orientation: -0.364126 -0.930401 0.0175346 0.0382028 Time: 0
Position: -3.69731e+028 -3.69731e+028 -3.69731e+028 Orientation: -0.5 -0.5 -0.5 -0.5 Time: 0
Position: -142.74 115.11 -388.85 Orientation: -0.680259 -0.23442 -0.61942 0.314027 Time: 0
Position: -158.097 119.37 -410.467 Orientation: -0.364049 -0.930406 0.0175341 0.0388016 Time: 0
Position: -3.69731e+028 -3.69731e+028 -3.69731e+028 Orientation: -0.5 -0.5 -0.5 -0.5 Time: 0
Position: -142.787 115.03 -388.72 Orientation: -0.680318 -0.236218 -0.61808 0.315191 Time: 0
Position: -158.03 119.237 -410.267 Orientation: -0.363981 -0.930437 0.0176674 0.0386349 Time: 0
Position: -3.69731e+028 -3.69731e+028 -3.69731e+028 Orientation: -0.5 -0.5 -0.5 -0.5 Time: 0
Position: -142.847 114.9 -388.78 Orientation: -0.680608 -0.236059 -0.617935 0.314968 Time: 0
Position: -158.033 119.11 -410.34 Orientation: -0.363788 -0.930522 0.0178677 0.0383023 Time: 0
Position: -3.69731e+028 -3.69731e+028 -3.69731e+028 Orientation: -0.5 -0.5 -0.5 -0.5 Time: 0
Position: -142.73 115.047 -388.9 Orientation: -0.680439 -0.233125 -0.620433 0.3126 Time: 0
Position: -157.927 119.183 -410.443 Orientation: -0.363956 -0.930459 0.0178345 0.0382691 Time: 0
Position: -3.69731e+028 -3.69731e+028 -3.69731e+028 Orientation: -0.5 -0.5 -0.5 -0.5 Time: 0
Position: -142.837 114.943 -388.81 Orientation: -0.680664 -0.234822 -0.618991 0.313696 Time: 0
Position: -157.953 119.203 -410.333 Orientation: -0.363858 -0.930464 0.0182012 0.0389027 Time: 0
Position: -3.69731e+028 -3.69731e+028 -3.69731e+028 Orientation: -0.5 -0.5 -0.5 -0.5 Time: 0
Position: -142.81 115.003 -388.697 Orientation: -0.680569 -0.235457 -0.61843 0.314532 Time: 0
Position: -158.007 119.217 -410.333 Orientation: -0.363859 -0.930465 0.0182013 0.0388694 Time: 0
Position: -3.69731e+028 -3.69731e+028 -3.69731e+028 Orientation: -0.5 -0.5 -0.5 -0.5 Time: 0
Position: -142.777 115.03 -388.747 Orientation: -0.680267 -0.236223 -0.617994 0.315465 Time: 0
Position: -157.987 119.243 -410.433 Orientation: -0.364035 -0.930388 0.0183684 0.0389704 Time: 0
Position: -3.69731e+028 -3.69731e+028 -3.69731e+028 Orientation: -0.5 -0.5 -0.5 -0.5 Time: 0
Position: -142.703 115.143 -388.82 Orientation: -0.680171 -0.234458 -0.619331 0.314366 Time: 0
Position: -158.063 119.22 -410.33 Orientation: -0.363994 -0.930402 0.0184014 0.0390029 Time: 0
Position: -3.69731e+028 -3.69731e+028 -3.69731e+028 Orientation: -0.5 -0.5 -0.5 -0.5 Time: 0
Position: -142.757 115.02 -388.75 Orientation: -0.680411 -0.236015 -0.618074 0.315154 Time: 0
Position: -158.023 119.317 -410.363 Orientation: -0.363985 -0.930414 0.0181343 0.0389353 Time: 0
Position: -3.69731e+028 -3.69731e+028 -3.69731e+028 Orientation: -0.5 -0.5 -0.5 -0.5 Time: 0
Position: -142.793 115.017 -388.67 Orientation: -0.680441 -0.236247 -0.617937 0.315185 Time: 0
Position: -157.843 119.263 -410.283 Orientation: -0.364221 -0.930355 0.0176344 0.0383689 Time: 0
Position: -3.69731e+028 -3.69731e+028 -3.69731e+028 Orientation: -0.5 -0.5 -0.5 -0.5 Time: 0
Position: -142.827 114.957 -388.763 Orientation: -0.680239 -0.237792 -0.617132 0.316034 Time: 0
Position: -158.133 119.233 -410.43 Orientation: -0.363916 -0.930442 0.0180675 0.0389351 Time: 0
Position: -3.69731e+028 -3.69731e+028 -3.69731e+028 Orientation: -0.5 -0.5 -0.5 -0.5 Time: 0
Position: -142.85 114.993 -388.77 Orientation: -0.680575 -0.235726 -0.618268 0.314635 Time: 0
Position: -157.98 119.353 -410.55 Orientation: -0.364089 -0.930391 0.0177011 0.0387024 Time: 0
Position: -3.69731e+028 -3.69731e+028 -3.69731e+028 Orientation: -0.5 -0.5 -0.5 -0.5 Time: 0
Position: -142.91 115.043 -388.72 Orientation: -0.68077 -0.235391 -0.618097 0.314799 Time: 0
Position: -157.947 119.48 -410.53 Orientation: -0.364188 -0.930354 0.0176344 0.0387022 Time: 0
Position: -3.69731e+028 -3.69731e+028 -3.69731e+028 Orientation: -0.5 -0.5 -0.5 -0.5 Time: 0
Position: -142.787 115.003 -388.757 Orientation: -0.680401 -0.235557 -0.618595 0.314498 Time: 0
Position: -158.23 119.34 -410.55 Orientation: -0.363878 -0.930429 0.0182006 0.0395346 Time: 0
Position: -3.69731e+028 -3.69731e+028 -3.69731e+028 Orientation: -0.5 -0.5 -0.5 -0.5 Time: 0
Position: -142.69 115.063 -388.88 Orientation: -0.680064 -0.235056 -0.619359 0.314096 Time: 0
Position: -158.233 119.327 -410.67 Orientation: -0.364004 -0.930396 0.0181685 0.0391707 Time: 0
Position: -3.69731e+028 -3.69731e+028 -3.69731e+028 Orientation: -0.5 -0.5 -0.5 -0.5 Time: 0
Position: -142.79 115.027 -388.81 Orientation: -0.680364 -0.235455 -0.618725 0.314396 Time: 0
Position: -158.113 119.37 -410.637 Orientation: -0.363991 -0.930429 0.0178012 0.0386693 Time: 0
Position: -3.69731e+028 -3.69731e+028 -3.69731e+028 Orientation: -0.5 -0.5 -0.5 -0.5 Time: 0
Position: -142.837 114.98 -388.77 Orientation: -0.680441 -0.236381 -0.61797 0.315019 Time: 0
Position: -157.997 119.303 -410.41 Orientation: -0.364184 -0.930344 0.0180342 0.0388018 Time: 0
Position: -3.69731e+028 -3.69731e+028 -3.69731e+028 Orientation: -0.5 -0.5 -0.5 -0.5 Time: 0
Position: -142.737 115.067 -388.753 Orientation: -0.680358 -0.23502 -0.619119 0.31396 Time: 0
Position: -157.877 119.297 -410.28 Orientation: -0.364013 -0.9304 0.018134 0.0390014 Time: 0
Position: -3.69731e+028 -3.69731e+028 -3.69731e+028 Orientation: -0.5 -0.5 -0.5 -0.5 Time: 0
Position: -142.787 115.1 -388.69 Orientation: -0.680155 -0.236819 -0.617416 0.316392 Time: 0
Position: -158.033 119.243 -410.527 Orientation: -0.364022 -0.930423 0.0177677 0.0385357 Time: 0
Position: -3.69731e+028 -3.69731e+028 -3.69731e+028 Orientation: -0.5 -0.5 -0.5 -0.5 Time: 0
Position: -142.733 115 -388.787 Orientation: -0.680056 -0.237098 -0.617648 0.315942 Time: 0
Position: -158 119.277 -410.47 Orientation: -0.364017 -0.930444 0.0172008 0.0383351 Time: 0
Position: -3.69731e+028 -3.69731e+028 -3.69731e+028 Orientation: -0.5 -0.5 -0.5 -0.5 Time: 0
Position: -142.757 114.99 -388.797 Orientation: -0.680151 -0.236896 -0.617776 0.315639 Time: 0
Position: -157.893 119.243 -410.227 Orientation: -0.364132 -0.930381 0.0179682 0.0384367 Time: 0
Position: -3.69731e+028 -3.69731e+028 -3.69731e+028 Orientation: -0.5 -0.5 -0.5 -0.5 Time: 0
Position: -142.777 115.02 -388.76 Orientation: -0.68035 -0.235917 -0.618279 0.314957 Time: 0
Position: -157.967 119.207 -410.213 Orientation: -0.364017 -0.930409 0.0181008 0.0387684 Time: 0
Position: -3.69731e+028 -3.69731e+028 -3.69731e+028 Orientation: -0.5 -0.5 -0.5 -0.5 Time: 0
Position: -142.68 115.017 -388.73 Orientation: -0.680142 -0.236093 -0.618402 0.315035 Time: 0
Position: -158.023 119.183 -410.22 Orientation: -0.364025 -0.930431 0.0176346 0.0383693 Time: 0
Position: -3.69731e+028 -3.69731e+028 -3.69731e+028 Orientation: -0.5 -0.5 -0.5 -0.5 Time: 0
Position: -142.583 114.913 -388.75 Orientation: -0.67993 -0.237289 -0.617924 0.315529 Time: 0
Position: -158.243 119.333 -410.663 Orientation: -0.363823 -0.930459 0.0183345 0.0392692 Time: 0
Position: -3.69731e+028 -3.69731e+028 -3.69731e+028 Orientation: -0.5 -0.5 -0.5 -0.5 Time: 0
Position: -142.74 114.873 -388.733 Orientation: -0.680324 -0.23752 -0.617386 0.31556 Time: 0
Position: -158.137 119.28 -410.54 Orientation: -0.363955 -0.930422 0.0181678 0.0390023 Time: 0
Position: -3.69731e+028 -3.69731e+028 -3.69731e+028 Orientation: -0.5 -0.5 -0.5 -0.5 Time: 0
Position: -142.723 115.103 -388.86 Orientation: -0.680294 -0.235054 -0.619022 0.314262 Time: 0
Position: -157.99 119.157 -410.333 Orientation: -0.363917 -0.930444 0.0183675 0.0387352 Time: 0
Position: -3.69731e+028 -3.69731e+028 -3.69731e+028 Orientation: -0.5 -0.5 -0.5 -0.5 Time: 0
Position: -142.77 115.113 -388.89 Orientation: -0.680307 -0.235192 -0.618767 0.314634 Time: 0
Position: -157.883 119.32 -410.38 Orientation: -0.364262 -0.930339 0.0176014 0.0383697 Time: 0
Position: -3.69731e+028 -3.69731e+028 -3.69731e+028 Orientation: -0.5 -0.5 -0.5 -0.5 Time: 0
Position: -142.867 115.007 -388.807 Orientation: -0.680624 -0.235887 -0.617919 0.315093 Time: 0
Position: -157.827 119.337 -410.117 Orientation: -0.36422 -0.930351 0.017501 0.0385354 Time: 0
Position: -3.69731e+028 -3.69731e+028 -3.69731e+028 Orientation: -0.5 -0.5 -0.5 -0.5 Time: 0
Position: -142.873 115.03 -388.763 Orientation: -0.680442 -0.236748 -0.617471 0.315719 Time: 0
Position: -157.943 119.3 -410.403 Orientation: -0.364131 -0.93038 0.0176349 0.0386033 Time: 0
Position: -3.69731e+028 -3.69731e+028 -3.69731e+028 Orientation: -0.5 -0.5 -0.5 -0.5 Time: 0
Position: -142.79 115.01 -388.623 Orientation: -0.680317 -0.237651 -0.616713 0.31679 Time: 0
Position: -158.087 119.3 -410.333 Orientation: -0.363922 -0.930456 0.0175677 0.038769 Time: 0
Position: -3.69731e+028 -3.69731e+028 -3.69731e+028 Orientation: -0.5 -0.5 -0.5 -0.5 Time: 0
Position: -142.697 115.053 -388.89 Orientation: -0.680054 -0.235097 -0.619146 0.314507 Time: 0
Position: -157.993 119.303 -410.427 Orientation: -0.363926 -0.930467 0.0175346 0.0385028 Time: 0
Position: -3.69731e+028 -3.69731e+028 -3.69731e+028 Orientation: -0.5 -0.5 -0.5 -0.5 Time: 0
Position: -142.783 115.02 -388.767 Orientation: -0.680437 -0.235279 -0.618667 0.314484 Time: 0
Position: -158.123 119.247 -410.507 Orientation: -0.363822 -0.930489 0.0180011 0.0387356 Time: 0
Position: -3.69731e+028 -3.69731e+028 -3.69731e+028 Orientation: -0.5 -0.5 -0.5 -0.5 Time: 0
Position: -142.84 115.037 -388.753 Orientation: -0.680589 -0.235052 -0.61865 0.314359 Time: 0
Position: -158.16 119.287 -410.347 Orientation: -0.363768 -0.930488 0.0182351 0.0391371 Time: 0
Position: -3.69731e+028 -3.69731e+028 -3.69731e+028 Orientation: -0.5 -0.5 -0.5 -0.5 Time: 0
Position: -142.813 114.9 -388.797 Orientation: -0.680601 -0.235823 -0.618595 0.313864 Time: 0
Position: -158.077 119.213 -410.127 Orientation: -0.363918 -0.930479 0.0174009 0.0383352 Time: 0
Position: -3.69731e+028 -3.69731e+028 -3.69731e+028 Orientation: -0.5 -0.5 -0.5 -0.5 Time: 0
Position: -142.83 114.923 -388.737 Orientation: -0.680582 -0.236517 -0.617811 0.314923 Time: 0
Position: -157.903 119.133 -410.227 Orientation: -0.36399 -0.93046 0.0174345 0.0381024 Time: 0
Position: -3.69731e+028 -3.69731e+028 -3.69731e+028 Orientation: -0.5 -0.5 -0.5 -0.5 Time: 0
Position: -142.897 114.953 -388.64 Orientation: -0.68039 -0.23832 -0.616218 0.317093 Time: 0
Position: -158.147 119.23 -410.523 Orientation: -0.363922 -0.930455 0.0177011 0.0387356 Time: 0
Position: -3.69731e+028 -3.69731e+028 -3.69731e+028 Orientation: -0.5 -0.5 -0.5 -0.5 Time: 0
Position: -142.793 114.91 -388.72 Orientation: -0.680236 -0.237858 -0.617163 0.315932 Time: 0
Position: -158.007 119.22 -410.493 Orientation: -0.363921 -0.930453 0.0178677 0.0387355 Time: 0
Position: -3.69731e+028 -3.69731e+028 -3.69731e+028 Orientation: -0.5 -0.5 -0.5 -0.5 Time: 0
Position: -142.76 114.9 -388.69 Orientation: -0.680421 -0.236352 -0.617983 0.315059 Time: 0
Position: -157.93 119.253 -410.49 Orientation: -0.364092 -0.930398 0.0177012 0.0385027 Time: 0
Position: -3.69731e+028 -3.69731e+028 -3.69731e+028 Orientation: -0.5 -0.5 -0.5 -0.5 Time: 0
Position: -142.587 115.01 -388.78 Orientation: -0.679904 -0.236058 -0.618831 0.314733 Time: 0
Position: -157.94 119.22 -410.41 Orientation: -0.363989 -0.930424 0.0180344 0.0387024 Time: 0
Position: -3.69731e+028 -3.69731e+028 -3.69731e+028 Orientation: -0.5 -0.5 -0.5 -0.5 Time: 0
Position: -142.677 114.98 -388.613 Orientation: -0.680069 -0.237124 -0.617696 0.315799 Time: 0
Position: -158.017 119.297 -410.513 Orientation: -0.363884 -0.930444 0.0182009 0.0391352 Time: 0
Position: -3.69731e+028 -3.69731e+028 -3.69731e+028 Orientation: -0.5 -0.5 -0.5 -0.5 Time: 0
Position: -142.763 114.977 -388.693 Orientation: -0.680355 -0.236019 -0.61815 0.315125 Time: 0
Position: -158.11 119.187 -410.38 Orientation: -0.363851 -0.930446 0.0183009 0.0393353 Time: 0
Position: -3.69731e+028 -3.69731e+028 -3.69731e+028 Orientation: -0.5 -0.5 -0.5 -0.5 Time: 0
Position: -142.817 114.977 -388.687 Orientation: -0.680502 -0.23599 -0.617995 0.315132 Time: 0
Position: -158.133 119.183 -410.413 Orientation: -0.363931 -0.930445 0.0179015 0.0388033 Time: 0
Position: -3.69731e+028 -3.69731e+028 -3.69731e+028 Orientation: -0.5 -0.5 -0.5 -0.5 Time: 0
Position: -142.697 115.07 -388.767 Orientation: -0.680187 -0.235363 -0.618712 0.314873 Time: 0
Position: -158.107 119.257 -410.487 Orientation: -0.364025 -0.930432 0.0174679 0.038436 Time: 0
Position: -3.69731e+028 -3.69731e+028 -3.69731e+028 Orientation: -0.5 -0.5 -0.5 -0.5 Time: 0
Position: -142.537 115.2 -388.893 Orientation: -0.67997 -0.232591 -0.621164 0.312566 Time: 0
Position: -157.993 119.277 -410.403 Orientation: -0.36406 -0.930402 0.0177013 0.0387029 Time: 0
Position: -3.69731e+028 -3.69731e+028 -3.69731e+028 Orientation: -0.5 -0.5 -0.5 -0.5 Time: 0
Position: -142.713 115.017 -388.84 Orientation: -0.680332 -0.234156 -0.619826 0.313264 Time: 0
Position: -158.103 119.267 -410.487 Orientation: -0.363857 -0.930461 0.0179345 0.0391026 Time: 0
Position: -3.69731e+028 -3.69731e+028 -3.69731e+028 Orientation: -0.5 -0.5 -0.5 -0.5 Time: 0
Position: -142.753 114.9 -388.823 Orientation: -0.680332 -0.236156 -0.618426 0.31453 Time: 0
Position: -158.053 119.26 -410.44 Orientation: -0.363866 -0.930451 0.0184017 0.0390369 Time: 0
Position: -3.69731e+028 -3.69731e+028 -3.69731e+028 Orientation: -0.5 -0.5 -0.5 -0.5 Time: 0
Position: -142.853 115.107 -388.73 Orientation: -0.680402 -0.235324 -0.618596 0.314665 Time: 0
Position: -158 119.26 -410.463 Orientation: -0.363961 -0.930438 0.017868 0.038703 Time: 0
Position: -3.69731e+028 -3.69731e+028 -3.69731e+028 Orientation: -0.5 -0.5 -0.5 -0.5 Time: 0
Position: -142.84 115.003 -388.767 Orientation: -0.680449 -0.235984 -0.618111 0.315023 Time: 0
Position: -157.95 119.187 -410.383 Orientation: -0.363953 -0.93045 0.0178676 0.0385021 Time: 0
Position: -3.69731e+028 -3.69731e+028 -3.69731e+028 Orientation: -0.5 -0.5 -0.5 -0.5 Time: 0
Position: -142.767 114.99 -388.82 Orientation: -0.680271 -0.235691 -0.618465 0.314933 Time: 0
Position: -157.973 119.213 -410.37 Orientation: -0.363956 -0.930458 0.0174677 0.038469 Time: 0
Position: -3.69731e+028 -3.69731e+028 -3.69731e+028 Orientation: -0.5 -0.5 -0.5 -0.5 Time: 0
Position: -142.637 115.083 -388.76 Orientation: -0.679813 -0.236094 -0.618506 0.315537 Time: 0
Position: -157.84 119.27 -410.317 Orientation: -0.364258 -0.930362 0.0173678 0.0379692 Time: 0
Position: -3.69731e+028 -3.69731e+028 -3.69731e+028 Orientation: -0.5 -0.5 -0.5 -0.5 Time: 0
Position: -142.623 115.023 -388.71 Orientation: -0.679927 -0.236654 -0.618188 0.315495 Time: 0
Position: -157.843 119.3 -410.397 Orientation: -0.364169 -0.930392 0.0175351 0.0380038 Time: 0
Position: -3.69731e+028 -3.69731e+028 -3.69731e+028 Orientation: -0.5 -0.5 -0.5 -0.5 Time: 0
Position: -142.7 115.02 -388.67 Orientation: -0.680202 -0.236757 -0.617896 0.315398 Time: 0
Position: -158.077 119.283 -410.4 Orientation: -0.3641 -0.930385 0.017835 0.0387035 Time: 0
Position: -3.69731e+028 -3.69731e+028 -3.69731e+028 Orientation: -0.5 -0.5 -0.5 -0.5 Time: 0
Position: -142.727 115.063 -388.603 Orientation: -0.680386 -0.235418 -0.618514 0.314791 Time: 0
Position: -158.083 119.33 -410.547 Orientation: -0.363984 -0.930411 0.0181675 0.0390019 Time: 0
Position: -3.69731e+028 -3.69731e+028 -3.69731e+028 Orientation: -0.5 -0.5 -0.5 -0.5 Time: 0
Position: -142.827 114.963 -388.667 Orientation: -0.68063 -0.236022 -0.617758 0.315296 Time: 0
Position: -157.943 119.17 -410.417 Orientation: -0.363926 -0.930466 0.0179013 0.0383361 Time: 0
Position: -3.69731e+028 -3.69731e+028 -3.69731e+028 Orientation: -0.5 -0.5 -0.5 -0.5 Time: 0
Position: -142.87 114.883 -388.627 Orientation: -0.680646 -0.237428 -0.616805 0.31607 Time: 0
Position: -158.043 119.19 -410.27 Orientation: -0.363885 -0.930446 0.0184342 0.0389686 Time: 0
