Position: 91.4533 119.923 -383.54 Orientation: -0.659567 -0.303098 -0.572525 0.381206 Time: 0
Position: -2.46488e+028 -2.46488e+028 -2.46488e+028 Orientation: -0.5 -0.5 -0.5 -0.5 Time: 0
Position: -3.69731e+028 -3.69731e+028 -3.69731e+028 Orientation: -0.5 -0.5 -0.5 -0.5 Time: 0
Position: 68.3733 119.987 -386.143 Orientation: -0.676911 -0.26193 -0.592301 0.349807 Time: 0
Position: 52.8133 119.617 -407.557 Orientation: -0.343359 -0.937903 0.0211016 0.0447033 Time: 0
Position: -3.69731e+028 -3.69731e+028 -3.69731e+028 Orientation: -0.5 -0.5 -0.5 -0.5 Time: 0
Position: 68.2567 120.063 -386.037 Orientation: -0.677141 -0.261462 -0.592165 0.349939 Time: 0
Position: 52.8767 119.727 -407.67 Orientation: -0.343247 -0.937939 0.0211009 0.0448018 Time: 0
Position: -3.69731e+028 -3.69731e+028 -3.69731e+028 Orientation: -0.5 -0.5 -0.5 -0.5 Time: 0
Position: 68.4067 120.06 -386.123 Orientation: -0.676944 -0.26155 -0.592539 0.349623 Time: 0
Position: 52.89 119.643 -407.67 Orientation: -0.343399 -0.937889 0.0212354 0.0446042 Time: 0
Position: -3.69731e+028 -3.69731e+028 -3.69731e+028 Orientation: -0.5 -0.5 -0.5 -0.5 Time: 0
Position: 68.4633 120.007 -385.993 Orientation: -0.67677 -0.261827 -0.592628 0.349603 Time: 0
Position: 52.8867 119.517 -407.607 Orientation: -0.343458 -0.937868 0.0213682 0.0445366 Time: 0
Position: -3.69731e+028 -3.69731e+028 -3.69731e+028 Orientation: -0.5 -0.5 -0.5 -0.5 Time: 0
Position: 68.3667 120.017 -385.983 Orientation: -0.67703 -0.261625 -0.592322 0.349766 Time: 0
Position: 52.9133 119.573 -407.657 Orientation: -0.343428 -0.937876 0.0212017 0.0446703 Time: 0
Position: -3.69731e+028 -3.69731e+028 -3.69731e+028 Orientation: -0.5 -0.5 -0.5 -0.5 Time: 0
Position: 68.2733 120.103 -385.967 Orientation: -0.677 -0.261213 -0.592429 0.349951 Time: 0
Position: 52.9267 119.647 -407.62 Orientation: -0.343371 -0.937902 0.021069 0.0446382 Time: 0
Position: -3.69731e+028 -3.69731e+028 -3.69731e+028 Orientation: -0.5 -0.5 -0.5 -0.5 Time: 0
Position: 68.3133 120.1 -386.017 Orientation: -0.677043 -0.261117 -0.592538 0.349756 Time: 0
Position: 52.93 119.687 -407.687 Orientation: -0.343401 -0.937894 0.0210021 0.0446045 Time: 0
Position: -3.69731e+028 -3.69731e+028 -3.69731e+028 Orientation: -0.5 -0.5 -0.5 -0.5 Time: 0
Position: 68.2967 119.98 -386.06 Orientation: -0.677613 -0.261131 -0.592203 0.349208 Time: 0
Position: 52.82 119.65 -407.557 Orientation: -0.343258 -0.937933 0.0211015 0.0448365 Time: 0
Position: -3.69731e+028 -3.69731e+028 -3.69731e+028 Orientation: -0.5 -0.5 -0.5 -0.5 Time: 0
Position: 68.3633 119.98 -386.047 Orientation: -0.677027 -0.26179 -0.592353 0.349598 Time: 0
Position: 52.8533 119.697 -407.58 Orientation: -0.343221 -0.937957 0.0209013 0.0447027 Time: 0
Position: -3.69731e+028 -3.69731e+028 -3.69731e+028 Orientation: -0.5 -0.5 -0.5 -0.5 Time: 0
Position: 68.32 120.053 -386.097 Orientation: -0.67693 -0.261891 -0.592122 0.3501 Time: 0
Position: 52.88 119.727 -407.687 Orientation: -0.343219 -0.937952 0.0208345 0.0448691 Time: 0
Position: -3.69731e+028 -3.69731e+028 -3.69731e+028 Orientation: -0.5 -0.5 -0.5 -0.5 Time: 0
Position: 68.3267 119.997 -386.057 Orientation: -0.677291 -0.261522 -0.59215 0.34963 Time: 0
Position: 52.9833 119.66 -407.803 Orientation: -0.343384 -0.937915 0.0206344 0.0444689 Time: 0
Position: -3.69731e+028 -3.69731e+028 -3.69731e+028 Orientation: -0.5 -0.5 -0.5 -0.5 Time: 0
Position: 68.3733 119.997 -385.983 Orientation: -0.67729 -0.261188 -0.592516 0.349262 Time: 0
Position: 52.9833 119.643 -407.693 Orientation: -0.343405 -0.937915 0.0205003 0.0443674 Time: 0
Position: -3.69731e+028 -3.69731e+028 -3.69731e+028 Orientation: -0.5 -0.5 -0.5 -0.5 Time: 0
Position: 68.3433 120.057 -385.993 Orientation: -0.677039 -0.261261 -0.59253 0.349671 Time: 0
Position: 52.9133 119.58 -407.593 Orientation: -0.343392 -0.937903 0.0208349 0.04457 Time: 0
Position: -3.69731e+028 -3.69731e+028 -3.69731e+028 Orientation: -0.5 -0.5 -0.5 -0.5 Time: 0
Position: 68.33 120.08 -386.043 Orientation: -0.677092 -0.261356 -0.592352 0.349797 Time: 0
Position: 52.85 119.653 -407.633 Orientation: -0.343492 -0.93787 0.0206349 0.04457 Time: 0
Position: -3.69731e+028 -3.69731e+028 -3.69731e+028 Orientation: -0.5 -0.5 -0.5 -0.5 Time: 0
Position: 68.4467 119.987 -386.097 Orientation: -0.676774 -0.262062 -0.592498 0.349638 Time: 0
Position: 52.8633 119.647 -407.627 Orientation: -0.34346 -0.937872 0.0211016 0.0445701 Time: 0
Position: -3.69731e+028 -3.69731e+028 -3.69731e+028 Orientation: -0.5 -0.5 -0.5 -0.5 Time: 0
Position: 68.5067 119.963 -385.98 Orientation: -0.676522 -0.262322 -0.592715 0.349562 Time: 0
Position: 52.96 119.647 -407.59 Orientation: -0.343315 -0.93794 0.0207676 0.0444019 Time: 0
Position: -3.69731e+028 -3.69731e+028 -3.69731e+028 Orientation: -0.5 -0.5 -0.5 -0.5 Time: 0
Position: 68.3533 120 -385.877 Orientation: -0.676876 -0.261629 -0.592433 0.349873 Time: 0
Position: 52.9267 119.577 -407.573 Orientation: -0.343351 -0.937915 0.0208677 0.0446023 Time: 0
Position: -3.69731e+028 -3.69731e+028 -3.69731e+028 Orientation: -0.5 -0.5 -0.5 -0.5 Time: 0
Position: 68.4567 120.037 -385.947 Orientation: -0.676671 -0.261748 -0.592667 0.349786 Time: 0
Position: 52.8433 119.55 -407.627 Orientation: -0.343459 -0.93787 0.0210682 0.0446367 Time: 0
Position: -3.69731e+028 -3.69731e+028 -3.69731e+028 Orientation: -0.5 -0.5 -0.5 -0.5 Time: 0
Position: 68.36 120.13 -385.967 Orientation: -0.67696 -0.26129 -0.592453 0.349931 Time: 0
Position: 53.0233 119.577 -407.683 Orientation: -0.343523 -0.937862 0.0211347 0.0442696 Time: 0
Position: -3.69731e+028 -3.69731e+028 -3.69731e+028 Orientation: -0.5 -0.5 -0.5 -0.5 Time: 0
Position: 68.34 120.063 -385.957 Orientation: -0.676908 -0.261662 -0.592265 0.350072 Time: 0
Position: 52.9767 119.673 -407.707 Orientation: -0.343284 -0.937947 0.020901 0.0444356 Time: 0
Position: -3.69731e+028 -3.69731e+028 -3.69731e+028 Orientation: -0.5 -0.5 -0.5 -0.5 Time: 0
Position: 68.33 120.053 -386 Orientation: -0.677019 -0.261567 -0.592275 0.349911 Time: 0
Position: 52.9167 119.7 -407.59 Orientation: -0.343286 -0.937951 0.0205345 0.0445024 Time: 0
Position: -3.69731e+028 -3.69731e+028 -3.69731e+028 Orientation: -0.5 -0.5 -0.5 -0.5 Time: 0
Position: 68.2567 119.97 -386.067 Orientation: -0.677147 -0.261931 -0.59197 0.349908 Time: 0
Position: 52.8967 119.697 -407.677 Orientation: -0.343353 -0.93792 0.0207678 0.0445359 Time: 0
Position: -3.69731e+028 -3.69731e+028 -3.69731e+028 Orientation: -0.5 -0.5 -0.5 -0.5 Time: 0
Position: 68.24 120.033 -386.08 Orientation: -0.677149 -0.261619 -0.592076 0.349959 Time: 0
Position: 52.8867 119.61 -407.747 Orientation: -0.343429 -0.93788 0.0211018 0.0446371 Time: 0
Position: -3.69731e+028 -3.69731e+028 -3.69731e+028 Orientation: -0.5 -0.5 -0.5 -0.5 Time: 0
Position: 68.2967 120.033 -386.1 Orientation: -0.677059 -0.261789 -0.592218 0.349764 Time: 0
Position: 52.9633 119.63 -407.697 Orientation: -0.343488 -0.937857 0.021168 0.044636 Time: 0
Position: -3.69731e+028 -3.69731e+028 -3.69731e+028 Orientation: -0.5 -0.5 -0.5 -0.5 Time: 0
Position: 68.31 119.99 -386.117 Orientation: -0.677265 -0.261358 -0.59229 0.349567 Time: 0
Position: 52.92 119.62 -407.78 Orientation: -0.343584 -0.937815 0.0211678 0.044769 Time: 0
Position: -3.69731e+028 -3.69731e+028 -3.69731e+028 Orientation: -0.5 -0.5 -0.5 -0.5 Time: 0
Position: 68.4033 120.013 -385.93 Orientation: -0.676676 -0.261863 -0.5925 0.349973 Time: 0
Position: 52.8833 119.63 -407.633 Orientation: -0.343317 -0.937912 0.0211677 0.0448022 Time: 0
Position: -3.69731e+028 -3.69731e+028 -3.69731e+028 Orientation: -0.5 -0.5 -0.5 -0.5 Time: 0
Position: 68.5367 120.047 -385.943 Orientation: -0.676269 -0.262227 -0.592727 0.350102 Time: 0
Position: 52.9133 119.613 -407.677 Orientation: -0.343492 -0.937869 0.0209015 0.04447 Time: 0
Position: -3.69731e+028 -3.69731e+028 -3.69731e+028 Orientation: -0.5 -0.5 -0.5 -0.5 Time: 0
Position: 68.3867 120.017 -385.977 Orientation: -0.676961 -0.261557 -0.592453 0.349731 Time: 0
Position: 52.9333 119.647 -407.597 Orientation: -0.343523 -0.937864 0.0208348 0.0443697 Time: 0
Position: -3.69731e+028 -3.69731e+028 -3.69731e+028 Orientation: -0.5 -0.5 -0.5 -0.5 Time: 0
Position: 68.2833 120.023 -386.157 Orientation: -0.676956 -0.262088 -0.591949 0.350196 Time: 0
Position: 52.9233 119.573 -407.663 Orientation: -0.343525 -0.937869 0.0206349 0.0443366 Time: 0
Position: -3.69731e+028 -3.69731e+028 -3.69731e+028 Orientation: -0.5 -0.5 -0.5 -0.5 Time: 0
Position: 68.3533 119.977 -386.037 Orientation: -0.676937 -0.262061 -0.592195 0.349836 Time: 0
Position: 52.9333 119.623 -407.643 Orientation: -0.34343 -0.937883 0.0211019 0.0445706 Time: 0
Position: -3.69731e+028 -3.69731e+028 -3.69731e+028 Orientation: -0.5 -0.5 -0.5 -0.5 Time: 0
Position: 68.3633 120.01 -386.03 Orientation: -0.677207 -0.261528 -0.592298 0.349538 Time: 0
Position: 53.0167 119.693 -407.757 Orientation: -0.343324 -0.937931 0.0209681 0.0444364 Time: 0
Position: -3.69731e+028 -3.69731e+028 -3.69731e+028 Orientation: -0.5 -0.5 -0.5 -0.5 Time: 0
Position: 68.3133 120.03 -386.06 Orientation: -0.67759 -0.260889 -0.592383 0.349129 Time: 0
Position: 52.9167 119.68 -407.65 Orientation: -0.343308 -0.937921 0.0210671 0.0447343 Time: 0
Position: -3.69731e+028 -3.69731e+028 -3.69731e+028 Orientation: -0.5 -0.5 -0.5 -0.5 Time: 0
Position: 68.2567 119.997 -386.2 Orientation: -0.677531 -0.261391 -0.592089 0.349366 Time: 0
Position: 52.9167 119.617 -407.71 Orientation: -0.343253 -0.937953 0.0211012 0.0444692 Time: 0
Position: -3.69731e+028 -3.69731e+028 -3.69731e+028 Orientation: -0.5 -0.5 -0.5 -0.5 Time: 0
Position: 68.28 120.027 -386.08 Orientation: -0.677162 -0.261624 -0.592054 0.349965 Time: 0
Position: 52.82 119.62 -407.53 Orientation: -0.343251 -0.937948 0.0210344 0.0446023 Time: 0
Position: -3.69731e+028 -3.69731e+028 -3.69731e+028 Orientation: -0.5 -0.5 -0.5 -0.5 Time: 0
Position: 68.3033 120 -385.987 Orientation: -0.677455 -0.261021 -0.592381 0.349295 Time: 0
Position: 52.9367 119.637 -407.65 Orientation: -0.343389 -0.937895 0.0211681 0.0446029 Time: 0
Position: -3.69731e+028 -3.69731e+028 -3.69731e+028 Orientation: -0.5 -0.5 -0.5 -0.5 Time: 0
Position: 68.3433 119.973 -386.107 Orientation: -0.677499 -0.261359 -0.592257 0.349167 Time: 0
Position: 52.9867 119.553 -407.553 Orientation: -0.343433 -0.937889 0.021202 0.0443709 Time: 0
Position: -3.69731e+028 -3.69731e+028 -3.69731e+028 Orientation: -0.5 -0.5 -0.5 -0.5 Time: 0
Position: 68.32 120.063 -386.103 Orientation: -0.677141 -0.261495 -0.592132 0.349972 Time: 0
Position: 52.9867 119.647 -407.663 Orientation: -0.343393 -0.937905 0.0207683 0.0445368 Time: 0
Position: -3.69731e+028 -3.69731e+028 -3.69731e+028 Orientation: -0.5 -0.5 -0.5 -0.5 Time: 0
Position: 68.35 120.073 -386.003 Orientation: -0.676508 -0.261829 -0.592432 0.350439 Time: 0
Position: 52.9467 119.583 -407.65 Orientation: -0.343462 -0.937879 0.0208684 0.0445038 Time: 0
Position: -3.69731e+028 -3.69731e+028 -3.69731e+028 Orientation: -0.5 -0.5 -0.5 -0.5 Time: 0
Position: 68.3367 120.043 -386.087 Orientation: -0.677098 -0.261458 -0.592357 0.3497 Time: 0
Position: 52.96 119.573 -407.653 Orientation: -0.343457 -0.937864 0.0213348 0.0446364 Time: 0
Position: -3.69731e+028 -3.69731e+028 -3.69731e+028 Orientation: -0.5 -0.5 -0.5 -0.5 Time: 0
Position: 68.3367 119.977 -386.123 Orientation: -0.67733 -0.261658 -0.592122 0.3495 Time: 0
Position: 52.8733 119.543 -407.623 Orientation: -0.343427 -0.937874 0.0213017 0.0446702 Time: 0
Position: -3.69731e+028 -3.69731e+028 -3.69731e+028 Orientation: -0.5 -0.5 -0.5 -0.5 Time: 0
Position: 68.3733 119.997 -386.07 Orientation: -0.677032 -0.261858 -0.592257 0.3497 Time: 0
Position: 52.8533 119.547 -407.65 Orientation: -0.343516 -0.937844 0.0212343 0.0446687 Time: 0
Position: -3.69731e+028 -3.69731e+028 -3.69731e+028 Orientation: -0.5 -0.5 -0.5 -0.5 Time: 0
Position: 68.4033 120.017 -386.017 Orientation: -0.676906 -0.261861 -0.592397 0.349704 Time: 0
Position: 52.9533 119.667 -407.74 Orientation: -0.34342 -0.937887 0.0210012 0.0446026 Time: 0
Position: -3.69731e+028 -3.69731e+028 -3.69731e+028 Orientation: -0.5 -0.5 -0.5 -0.5 Time: 0
Position: 68.42 119.973 -385.967 Orientation: -0.677024 -0.261756 -0.59245 0.349463 Time: 0
Position: 52.9333 119.613 -407.753 Orientation: -0.343362 -0.937912 0.0210351 0.0445037 Time: 0
Position: -3.69731e+028 -3.69731e+028 -3.69731e+028 Orientation: -0.5 -0.5 -0.5 -0.5 Time: 0
Position: 68.3667 120.053 -385.96 Orientation: -0.677086 -0.261187 -0.592613 0.349494 Time: 0
Position: 52.95 119.56 -407.66 Orientation: -0.343489 -0.937861 0.0212347 0.0445029 Time: 0
Position: -3.69731e+028 -3.69731e+028 -3.69731e+028 Orientation: -0.5 -0.5 -0.5 -0.5 Time: 0
Position: 68.38 120.063 -385.95 Orientation: -0.676862 -0.261424 -0.592721 0.349566 Time: 0
Position: 52.9233 119.56 -407.613 Orientation: -0.34349 -0.937863 0.0211681 0.044503 Time: 0
Position: -3.69731e+028 -3.69731e+028 -3.69731e+028 Orientation: -0.5 -0.5 -0.5 -0.5 Time: 0
Position: 68.39 120.073 -386.027 Orientation: -0.676779 -0.261418 -0.592707 0.349757 Time: 0
Position: 52.95 119.553 -407.55 Orientation: -0.343428 -0.937877 0.0213684 0.0445703 Time: 0
Position: -3.69731e+028 -3.69731e+028 -3.69731e+028 Orientation: -0.5 -0.5 -0.5 -0.5 Time: 0
Position: 68.3467 119.98 -385.933 Orientation: -0.677109 -0.261262 -0.592566 0.349472 Time: 0
Position: 52.87 119.613 -407.52 Orientation: -0.34336 -0.937905 0.0211016 0.0446368 Time: 0
Position: -3.69731e+028 -3.69731e+028 -3.69731e+028 Orientation: -0.5 -0.5 -0.5 -0.5 Time: 0
Position: 68.3367 119.913 -385.95 Orientation: -0.677323 -0.261555 -0.592316 0.349262 Time: 0
Position: 52.8267 119.64 -407.683 Orientation: -0.343492 -0.93787 0.0205682 0.0446033 Time: 0
Position: -3.69731e+028 -3.69731e+028 -3.69731e+028 Orientation: -0.5 -0.5 -0.5 -0.5 Time: 0
Position: 68.3033 119.95 -385.99 Orientation: -0.6776 -0.261292 -0.592191 0.349134 Time: 0
Position: 52.8867 119.563 -407.76 Orientation: -0.343619 -0.937819 0.0210012 0.0445025 Time: 0
Position: -3.69731e+028 -3.69731e+028 -3.69731e+028 Orientation: -0.5 -0.5 -0.5 -0.5 Time: 0
Position: 68.2833 120.013 -386.027 Orientation: -0.677686 -0.260987 -0.592212 0.34916 Time: 0
Position: 52.91 119.493 -407.613 Orientation: -0.343587 -0.937822 0.0212679 0.0445693 Time: 0
Position: -3.69731e+028 -3.69731e+028 -3.69731e+028 Orientation: -0.5 -0.5 -0.5 -0.5 Time: 0
Position: 68.2933 119.983 -386.02 Orientation: -0.677655 -0.260954 -0.592281 0.349128 Time: 0
Position: 52.8767 119.513 -407.6 Orientation: -0.343428 -0.937877 0.0213018 0.0446037 Time: 0
Position: -3.69731e+028 -3.69731e+028 -3.69731e+028 Orientation: -0.5 -0.5 -0.5 -0.5 Time: 0
