Position: -3.69731e+028 -3.69731e+028 -3.69731e+028 Orientation: -0.5 -0.5 -0.5 -0.5 Time: 0
Position: -113.587 116.177 -388.913 Orientation: -0.677562 -0.246183 -0.61214 0.324943 Time: 0
Position: -2.46488e+028 -2.46488e+028 -2.46488e+028 Orientation: -0.5 -0.5 -0.5 -0.5 Time: 0
Position: -70.7267 133.27 -381.11 Orientation: -0.266319 -0.640447 -0.241718 0.678583 Time: 0
Position: -55.3267 118.547 -389.157 Orientation: -0.672228 -0.264524 -0.600121 0.343498 Time: 0
Position: -3.69731e+028 -3.69731e+028 -3.69731e+028 Orientation: -0.5 -0.5 -0.5 -0.5 Time: 0
Position: -70.6733 133.363 -381.123 Orientation: -0.265662 -0.640603 -0.241493 0.678773 Time: 0
Position: -55.3 118.467 -389.14 Orientation: -0.672408 -0.264163 -0.6004 0.342938 Time: 0
Position: -3.69731e+028 -3.69731e+028 -3.69731e+028 Orientation: -0.5 -0.5 -0.5 -0.5 Time: 0
Position: -70.67 133.38 -381.093 Orientation: -0.265757 -0.640457 -0.241622 0.678827 Time: 0
Position: -55.3333 118.497 -389.17 Orientation: -0.672371 -0.263994 -0.60063 0.342736 Time: 0
Position: -3.69731e+028 -3.69731e+028 -3.69731e+028 Orientation: -0.5 -0.5 -0.5 -0.5 Time: 0
Position: -70.6967 133.397 -381.08 Orientation: -0.265229 -0.640671 -0.241127 0.679008 Time: 0
Position: -55.1067 118.663 -389.217 Orientation: -0.6719 -0.262193 -0.60276 0.341301 Time: 0
Position: -3.69731e+028 -3.69731e+028 -3.69731e+028 Orientation: -0.5 -0.5 -0.5 -0.5 Time: 0
Position: -70.81 133.26 -381.097 Orientation: -0.265325 -0.640661 -0.240323 0.679265 Time: 0
Position: -55.23 118.54 -389.203 Orientation: -0.672506 -0.262428 -0.601998 0.34127 Time: 0
Position: -3.69731e+028 -3.69731e+028 -3.69731e+028 Orientation: -0.5 -0.5 -0.5 -0.5 Time: 0
Position: -70.8233 133.22 -381.083 Orientation: -0.266393 -0.640131 -0.241391 0.678968 Time: 0
Position: -55.19 118.627 -389.19 Orientation: -0.672025 -0.263523 -0.601152 0.342863 Time: 0
Position: -3.69731e+028 -3.69731e+028 -3.69731e+028 Orientation: -0.5 -0.5 -0.5 -0.5 Time: 0
Position: -70.73 133.23 -381.077 Orientation: -0.265933 -0.640581 -0.24103 0.678852 Time: 0
Position: -55.0867 118.74 -389.19 Orientation: -0.671471 -0.264028 -0.601164 0.343537 Time: 0
Position: -3.69731e+028 -3.69731e+028 -3.69731e+028 Orientation: -0.5 -0.5 -0.5 -0.5 Time: 0
Position: -70.6833 133.273 -381.05 Orientation: -0.265558 -0.640694 -0.240923 0.678931 Time: 0
Position: -55.14 118.673 -389.19 Orientation: -0.671722 -0.263855 -0.60125 0.343028 Time: 0
Position: -3.69731e+028 -3.69731e+028 -3.69731e+028 Orientation: -0.5 -0.5 -0.5 -0.5 Time: 0
Position: -70.79 133.25 -381.063 Orientation: -0.266089 -0.640287 -0.241154 0.679024 Time: 0
Position: -55.2 118.687 -389.12 Orientation: -0.672134 -0.262726 -0.601793 0.342134 Time: 0
Position: -3.69731e+028 -3.69731e+028 -3.69731e+028 Orientation: -0.5 -0.5 -0.5 -0.5 Time: 0
Position: -70.7933 133.263 -381.133 Orientation: -0.266217 -0.640307 -0.241282 0.67891 Time: 0
Position: -55.26 118.66 -389.143 Orientation: -0.672308 -0.262896 -0.601333 0.342471 Time: 0
Position: -3.69731e+028 -3.69731e+028 -3.69731e+028 Orientation: -0.5 -0.5 -0.5 -0.5 Time: 0
Position: -70.77 133.31 -381.097 Orientation: -0.265488 -0.640584 -0.240852 0.679087 Time: 0
Position: -55.2067 118.553 -389.18 Orientation: -0.672265 -0.263292 -0.601458 0.342033 Time: 0
Position: -3.69731e+028 -3.69731e+028 -3.69731e+028 Orientation: -0.5 -0.5 -0.5 -0.5 Time: 0
Position: -70.7667 133.25 -381 Orientation: -0.26586 -0.640597 -0.241024 0.678868 Time: 0
Position: -55.2567 118.57 -389.227 Orientation: -0.672428 -0.262891 -0.601622 0.341731 Time: 0
Position: -3.69731e+028 -3.69731e+028 -3.69731e+028 Orientation: -0.5 -0.5 -0.5 -0.5 Time: 0
Position: -70.69 133.257 -381.08 Orientation: -0.266221 -0.640484 -0.241619 0.678621 Time: 0
Position: -55.13 118.647 -389.25 Orientation: -0.672122 -0.262288 -0.602417 0.341395 Time: 0
Position: -3.69731e+028 -3.69731e+028 -3.69731e+028 Orientation: -0.5 -0.5 -0.5 -0.5 Time: 0
Position: -70.74 133.387 -381.047 Orientation: -0.265334 -0.64035 -0.241265 0.679221 Time: 0
Position: -55.3267 118.543 -389.25 Orientation: -0.672439 -0.264129 -0.600398 0.342904 Time: 0
Position: -3.69731e+028 -3.69731e+028 -3.69731e+028 Orientation: -0.5 -0.5 -0.5 -0.5 Time: 0
Position: -70.6867 133.383 -380.957 Orientation: -0.265493 -0.640396 -0.24159 0.679 Time: 0
Position: -55.5267 118.42 -389.21 Orientation: -0.673016 -0.264453 -0.599578 0.342959 Time: 0
Position: -3.69731e+028 -3.69731e+028 -3.69731e+028 Orientation: -0.5 -0.5 -0.5 -0.5 Time: 0
Position: -70.72 133.27 -381 Orientation: -0.266258 -0.640327 -0.241689 0.67873 Time: 0
Position: -55.3133 118.443 -389.187 Orientation: -0.672459 -0.264257 -0.600419 0.34273 Time: 0
Position: -3.69731e+028 -3.69731e+028 -3.69731e+028 Orientation: -0.5 -0.5 -0.5 -0.5 Time: 0
Position: -70.65 133.253 -381.057 Orientation: -0.266129 -0.640604 -0.241627 0.678541 Time: 0
Position: -55.18 118.697 -389.183 Orientation: -0.671709 -0.263996 -0.600968 0.343439 Time: 0
Position: -3.69731e+028 -3.69731e+028 -3.69731e+028 Orientation: -0.5 -0.5 -0.5 -0.5 Time: 0
Position: -70.69 133.213 -381.053 Orientation: -0.266292 -0.640528 -0.24149 0.678598 Time: 0
Position: -55.1267 118.74 -389.143 Orientation: -0.671829 -0.262624 -0.602256 0.341998 Time: 0
Position: -3.69731e+028 -3.69731e+028 -3.69731e+028 Orientation: -0.5 -0.5 -0.5 -0.5 Time: 0
Position: -70.7833 133.287 -381.05 Orientation: -0.26589 -0.640389 -0.241288 0.678959 Time: 0
Position: -55.2 118.723 -389.133 Orientation: -0.671935 -0.263494 -0.601261 0.342868 Time: 0
Position: -3.69731e+028 -3.69731e+028 -3.69731e+028 Orientation: -0.5 -0.5 -0.5 -0.5 Time: 0
Position: -70.81 133.243 -381.157 Orientation: -0.265654 -0.640582 -0.240585 0.679118 Time: 0
Position: -55.2767 118.727 -389.217 Orientation: -0.672001 -0.26386 -0.600627 0.343568 Time: 0
Position: -3.69731e+028 -3.69731e+028 -3.69731e+028 Orientation: -0.5 -0.5 -0.5 -0.5 Time: 0
Position: -70.6567 133.24 -381.087 Orientation: -0.26582 -0.640748 -0.241185 0.678684 Time: 0
Position: -55.2533 118.567 -389.263 Orientation: -0.672167 -0.26446 -0.600293 0.343367 Time: 0
Position: -3.69731e+028 -3.69731e+028 -3.69731e+028 Orientation: -0.5 -0.5 -0.5 -0.5 Time: 0
Position: -70.68 133.25 -381.18 Orientation: -0.265927 -0.640799 -0.241158 0.678603 Time: 0
Position: -55.1833 118.57 -389.217 Orientation: -0.672101 -0.263626 -0.60136 0.342268 Time: 0
Position: -3.69731e+028 -3.69731e+028 -3.69731e+028 Orientation: -0.5 -0.5 -0.5 -0.5 Time: 0
Position: -70.7667 133.267 -381.08 Orientation: -0.265691 -0.640658 -0.240689 0.678995 Time: 0
Position: -55.2133 118.56 -389.193 Orientation: -0.672284 -0.263366 -0.601341 0.342143 Time: 0
Position: -3.69731e+028 -3.69731e+028 -3.69731e+028 Orientation: -0.5 -0.5 -0.5 -0.5 Time: 0
Position: -70.6267 133.297 -381.09 Orientation: -0.265853 -0.640749 -0.241518 0.678551 Time: 0
Position: -55.2033 118.613 -389.213 Orientation: -0.672234 -0.262826 -0.601827 0.341801 Time: 0
Position: -3.69731e+028 -3.69731e+028 -3.69731e+028 Orientation: -0.5 -0.5 -0.5 -0.5 Time: 0
Position: -70.6567 133.3 -381.05 Orientation: -0.265496 -0.640737 -0.241127 0.678841 Time: 0
Position: -55.19 118.64 -389.183 Orientation: -0.6718 -0.263726 -0.601293 0.342901 Time: 0
Position: -3.69731e+028 -3.69731e+028 -3.69731e+028 Orientation: -0.5 -0.5 -0.5 -0.5 Time: 0
Position: -70.6867 133.32 -381.04 Orientation: -0.265859 -0.640396 -0.241657 0.678833 Time: 0
Position: -55.1767 118.507 -389.22 Orientation: -0.671758 -0.265023 -0.600485 0.343396 Time: 0
Position: -3.69731e+028 -3.69731e+028 -3.69731e+028 Orientation: -0.5 -0.5 -0.5 -0.5 Time: 0
Position: -70.6667 133.227 -381.113 Orientation: -0.265892 -0.640928 -0.241056 0.678531 Time: 0
Position: -55.3367 118.483 -389.23 Orientation: -0.672252 -0.264887 -0.600013 0.34336 Time: 0
Position: -3.69731e+028 -3.69731e+028 -3.69731e+028 Orientation: -0.5 -0.5 -0.5 -0.5 Time: 0
Position: -70.75 133.263 -381.08 Orientation: -0.265898 -0.640575 -0.241195 0.678813 Time: 0
Position: -55.3667 118.51 -389.17 Orientation: -0.672371 -0.264295 -0.60023 0.343203 Time: 0
Position: -3.69731e+028 -3.69731e+028 -3.69731e+028 Orientation: -0.5 -0.5 -0.5 -0.5 Time: 0
Position: -70.76 133.267 -381.093 Orientation: -0.266187 -0.640316 -0.241452 0.678852 Time: 0
Position: -55.2667 118.633 -389.197 Orientation: -0.672096 -0.263591 -0.601022 0.342898 Time: 0
Position: -3.69731e+028 -3.69731e+028 -3.69731e+028 Orientation: -0.5 -0.5 -0.5 -0.5 Time: 0
Position: -70.6933 133.283 -381.067 Orientation: -0.265451 -0.640809 -0.240883 0.678878 Time: 0
Position: -55.3267 118.613 -389.247 Orientation: -0.672304 -0.263861 -0.600497 0.343203 Time: 0
Position: -3.69731e+028 -3.69731e+028 -3.69731e+028 Orientation: -0.5 -0.5 -0.5 -0.5 Time: 0
Position: -70.7367 133.293 -381.11 Orientation: -0.265496 -0.640639 -0.240727 0.679076 Time: 0
Position: -55.1733 118.607 -389.187 Orientation: -0.671711 -0.264618 -0.600606 0.343589 Time: 0
Position: -3.69731e+028 -3.69731e+028 -3.69731e+028 Orientation: -0.5 -0.5 -0.5 -0.5 Time: 0
Position: -70.67 133.28 -381.06 Orientation: -0.265959 -0.640563 -0.24129 0.678766 Time: 0
Position: -55.1733 118.55 -389.213 Orientation: -0.671963 -0.264491 -0.600623 0.343165 Time: 0
Position: -3.69731e+028 -3.69731e+028 -3.69731e+028 Orientation: -0.5 -0.5 -0.5 -0.5 Time: 0
Position: -70.7733 133.297 -381.003 Orientation: -0.265985 -0.640178 -0.241584 0.679014 Time: 0
Position: -55.2733 118.497 -389.247 Orientation: -0.672397 -0.263825 -0.600924 0.342299 Time: 0
Position: -3.69731e+028 -3.69731e+028 -3.69731e+028 Orientation: -0.5 -0.5 -0.5 -0.5 Time: 0
Position: -70.71 133.28 -381.07 Orientation: -0.266093 -0.64043 -0.241491 0.678768 Time: 0
Position: -55.15 118.563 -389.21 Orientation: -0.671789 -0.264389 -0.600883 0.343129 Time: 0
Position: -3.69731e+028 -3.69731e+028 -3.69731e+028 Orientation: -0.5 -0.5 -0.5 -0.5 Time: 0
Position: -70.7967 133.333 -381.093 Orientation: -0.265392 -0.64046 -0.240789 0.679264 Time: 0
Position: -55.2333 118.63 -389.197 Orientation: -0.672006 -0.264062 -0.600532 0.343571 Time: 0
Position: -3.69731e+028 -3.69731e+028 -3.69731e+028 Orientation: -0.5 -0.5 -0.5 -0.5 Time: 0
Position: -70.7667 133.317 -381.117 Orientation: -0.265323 -0.64079 -0.240655 0.679027 Time: 0
Position: -55.22 118.673 -389.153 Orientation: -0.671861 -0.263724 -0.601055 0.343198 Time: 0
Position: -3.69731e+028 -3.69731e+028 -3.69731e+028 Orientation: -0.5 -0.5 -0.5 -0.5 Time: 0
Position: -70.7333 133.167 -381.117 Orientation: -0.265991 -0.640791 -0.240755 0.678728 Time: 0
Position: -55.3467 118.507 -389.203 Orientation: -0.672125 -0.26529 -0.599652 0.34393 Time: 0
Position: -3.69731e+028 -3.69731e+028 -3.69731e+028 Orientation: -0.5 -0.5 -0.5 -0.5 Time: 0
Position: -70.81 133.243 -381.073 Orientation: -0.265834 -0.640448 -0.240831 0.679087 Time: 0
Position: -55.2967 118.49 -389.173 Orientation: -0.672391 -0.264323 -0.600352 0.34293 Time: 0
Position: -3.69731e+028 -3.69731e+028 -3.69731e+028 Orientation: -0.5 -0.5 -0.5 -0.5 Time: 0
Position: -70.7333 133.193 -381.09 Orientation: -0.265767 -0.640813 -0.240597 0.678852 Time: 0
Position: -55.2733 118.503 -389.187 Orientation: -0.672247 -0.264132 -0.600572 0.342974 Time: 0
Position: -3.69731e+028 -3.69731e+028 -3.69731e+028 Orientation: -0.5 -0.5 -0.5 -0.5 Time: 0
Position: -70.68 133.28 -381.04 Orientation: -0.266292 -0.640393 -0.241756 0.67863 Time: 0
Position: -55.22 118.59 -389.237 Orientation: -0.6719 -0.264293 -0.60076 0.343201 Time: 0
Position: -3.69731e+028 -3.69731e+028 -3.69731e+028 Orientation: -0.5 -0.5 -0.5 -0.5 Time: 0
Position: -70.75 133.343 -381.073 Orientation: -0.265754 -0.640417 -0.241286 0.678986 Time: 0
Position: -55.2267 118.603 -389.233 Orientation: -0.672228 -0.263591 -0.601122 0.342465 Time: 0
Position: -3.69731e+028 -3.69731e+028 -3.69731e+028 Orientation: -0.5 -0.5 -0.5 -0.5 Time: 0
Position: -70.6833 133.27 -381.11 Orientation: -0.265862 -0.640635 -0.241192 0.678772 Time: 0
Position: -55.1633 118.653 -389.177 Orientation: -0.67183 -0.263558 -0.60139 0.342799 Time: 0
Position: -3.69731e+028 -3.69731e+028 -3.69731e+028 Orientation: -0.5 -0.5 -0.5 -0.5 Time: 0
Position: -70.7033 133.26 -381.153 Orientation: -0.265825 -0.640627 -0.241089 0.67883 Time: 0
Position: -55.2867 118.663 -389.207 Orientation: -0.672094 -0.26399 -0.600487 0.343531 Time: 0
Position: -3.69731e+028 -3.69731e+028 -3.69731e+028 Orientation: -0.5 -0.5 -0.5 -0.5 Time: 0
Position: -70.76 133.243 -381.113 Orientation: -0.266223 -0.640454 -0.24122 0.678791 Time: 0
Position: -55.16 118.663 -389.23 Orientation: -0.671654 -0.264234 -0.600845 0.343578 Time: 0
Position: -3.69731e+028 -3.69731e+028 -3.69731e+028 Orientation: -0.5 -0.5 -0.5 -0.5 Time: 0
Position: -70.7733 133.283 -381.08 Orientation: -0.265829 -0.640403 -0.240993 0.679074 Time: 0
Position: -55.2033 118.6 -389.24 Orientation: -0.672102 -0.263927 -0.600828 0.342968 Time: 0
Position: -3.69731e+028 -3.69731e+028 -3.69731e+028 Orientation: -0.5 -0.5 -0.5 -0.5 Time: 0
Position: -70.7733 133.27 -381.073 Orientation: -0.265224 -0.640791 -0.240288 0.679194 Time: 0
Position: -55.1567 118.6 -389.24 Orientation: -0.671709 -0.26453 -0.600734 0.343439 Time: 0
Position: -3.69731e+028 -3.69731e+028 -3.69731e+028 Orientation: -0.5 -0.5 -0.5 -0.5 Time: 0
Position: -70.7933 133.197 -381.06 Orientation: -0.265726 -0.640729 -0.240357 0.679032 Time: 0
Position: -55.4 118.48 -389.203 Orientation: -0.672492 -0.264823 -0.599619 0.34363 Time: 0
Position: -3.69731e+028 -3.69731e+028 -3.69731e+028 Orientation: -0.5 -0.5 -0.5 -0.5 Time: 0
Position: -70.6367 133.183 -381.063 Orientation: -0.26616 -0.64093 -0.241124 0.6784 Time: 0
Position: -55.2633 118.447 -389.223 Orientation: -0.672246 -0.264651 -0.600374 0.342923 Time: 0
Position: -3.69731e+028 -3.69731e+028 -3.69731e+028 Orientation: -0.5 -0.5 -0.5 -0.5 Time: 0
Position: -70.75 133.32 -381.12 Orientation: -0.265657 -0.640524 -0.241088 0.678994 Time: 0
Position: -55.2233 118.59 -389.26 Orientation: -0.672319 -0.262987 -0.601647 0.341827 Time: 0
Position: -3.69731e+028 -3.69731e+028 -3.69731e+028 Orientation: -0.5 -0.5 -0.5 -0.5 Time: 0
Position: -70.8367 133.317 -381.06 Orientation: -0.265692 -0.640162 -0.241057 0.679332 Time: 0
Position: -55.2533 118.613 -389.173 Orientation: -0.672512 -0.262364 -0.602037 0.34124 Time: 0
Position: -3.69731e+028 -3.69731e+028 -3.69731e+028 Orientation: -0.5 -0.5 -0.5 -0.5 Time: 0
Position: -70.7767 133.207 -381.077 Orientation: -0.266286 -0.640346 -0.241084 0.678916 Time: 0
Position: -55.1967 118.51 -389.18 Orientation: -0.672252 -0.263587 -0.601346 0.342026 Time: 0
Position: -3.69731e+028 -3.69731e+028 -3.69731e+028 Orientation: -0.5 -0.5 -0.5 -0.5 Time: 0
Position: -70.6433 133.257 -381.053 Orientation: -0.265663 -0.640739 -0.241027 0.67881 Time: 0
Position: -55.16 118.577 -389.193 Orientation: -0.672002 -0.263594 -0.601428 0.342368 Time: 0
Position: -3.69731e+028 -3.69731e+028 -3.69731e+028 Orientation: -0.5 -0.5 -0.5 -0.5 Time: 0
Position: -70.6567 133.237 -381.097 Orientation: -0.265658 -0.64096 -0.240856 0.678664 Time: 0
Position: -55.13 118.607 -389.127 Orientation: -0.671971 -0.263494 -0.60143 0.342503 Time: 0
Position: -3.69731e+028 -3.69731e+028 -3.69731e+028 Orientation: -0.5 -0.5 -0.5 -0.5 Time: 0
Position: -70.71 133.24 -381.1 Orientation: -0.266219 -0.640545 -0.241384 0.678648 Time: 0
Position: -55.2167 118.587 -389.143 Orientation: -0.672266 -0.263026 -0.601459 0.342233 Time: 0
Position: -3.69731e+028 -3.69731e+028 -3.69731e+028 Orientation: -0.5 -0.5 -0.5 -0.5 Time: 0
Position: -70.69 133.233 -381.153 Orientation: -0.265917 -0.640742 -0.241016 0.678711 Time: 0
Position: -55.2 118.617 -389.25 Orientation: -0.672357 -0.262089 -0.602317 0.341262 Time: 0
Position: -3.69731e+028 -3.69731e+028 -3.69731e+028 Orientation: -0.5 -0.5 -0.5 -0.5 Time: 0
Position: -70.6833 133.217 -381.087 Orientation: -0.266126 -0.640662 -0.241223 0.678632 Time: 0
Position: -55.1767 118.673 -389.26 Orientation: -0.672241 -0.262062 -0.602566 0.341071 Time: 0
Position: -3.69731e+028 -3.69731e+028 -3.69731e+028 Orientation: -0.5 -0.5 -0.5 -0.5 Time: 0
Position: -70.6867 133.217 -381.033 Orientation: -0.265689 -0.640853 -0.240753 0.678789 Time: 0
Position: -55.3 118.597 -389.203 Orientation: -0.672403 -0.263327 -0.601096 0.342369 Time: 0
Position: -3.69731e+028 -3.69731e+028 -3.69731e+028 Orientation: -0.5 -0.5 -0.5 -0.5 Time: 0
Position: -70.7233 133.26 -381.087 Orientation: -0.265758 -0.64066 -0.240889 0.678896 Time: 0
Position: -55.2667 118.627 -389.29 Orientation: -0.671863 -0.265291 -0.599656 0.344432 Time: 0
Position: -3.69731e+028 -3.69731e+028 -3.69731e+028 Orientation: -0.5 -0.5 -0.5 -0.5 Time: 0
Position: -70.73 133.213 -381.09 Orientation: -0.265889 -0.640722 -0.240687 0.678858 Time: 0
Position: -55.2767 118.627 -389.237 Orientation: -0.671872 -0.265095 -0.599731 0.344437 Time: 0
Position: -3.69731e+028 -3.69731e+028 -3.69731e+028 Orientation: -0.5 -0.5 -0.5 -0.5 Time: 0
Position: -70.8 133.24 -381.087 Orientation: -0.26609 -0.640357 -0.241055 0.678993 Time: 0
Position: -55.3433 118.523 -389.27 Orientation: -0.672086 -0.265687 -0.59908 0.344694 Time: 0
Position: -3.69731e+028 -3.69731e+028 -3.69731e+028 Orientation: -0.5 -0.5 -0.5 -0.5 Time: 0
Position: -70.7267 133.24 -381.067 Orientation: -0.26609 -0.640522 -0.241088 0.678826 Time: 0
Position: -55.27 118.527 -389.253 Orientation: -0.67224 -0.264529 -0.600332 0.343104 Time: 0
Position: -3.69731e+028 -3.69731e+028 -3.69731e+028 Orientation: -0.5 -0.5 -0.5 -0.5 Time: 0
Position: -70.7033 133.283 -381.06 Orientation: -0.265826 -0.640597 -0.241157 0.678834 Time: 0
Position: -55.14 118.557 -389.263 Orientation: -0.672006 -0.263962 -0.601165 0.342537 Time: 0
Position: -3.69731e+028 -3.69731e+028 -3.69731e+028 Orientation: -0.5 -0.5 -0.5 -0.5 Time: 0
Position: -70.5867 133.257 -381.123 Orientation: -0.266362 -0.640703 -0.24186 0.678274 Time: 0
Position: -55.28 118.6 -389.26 Orientation: -0.672382 -0.263499 -0.600907 0.342609 Time: 0
Position: -3.69731e+028 -3.69731e+028 -3.69731e+028 Orientation: -0.5 -0.5 -0.5 -0.5 Time: 0
Position: -70.6433 133.237 -381.147 Orientation: -0.266192 -0.640761 -0.241356 0.678465 Time: 0
Position: -55.2033 118.597 -389.273 Orientation: -0.672161 -0.263524 -0.601188 0.342531 Time: 0
Position: -3.69731e+028 -3.69731e+028 -3.69731e+028 Orientation: -0.5 -0.5 -0.5 -0.5 Time: 0
Position: -70.65 133.323 -380.973 Orientation: -0.265755 -0.640586 -0.241486 0.678755 Time: 0
Position: -55.2 118.63 -389.14 Orientation: -0.671992 -0.263756 -0.601086 0.342863 Time: 0
Position: -3.69731e+028 -3.69731e+028 -3.69731e+028 Orientation: -0.5 -0.5 -0.5 -0.5 Time: 0
Position: -70.6733 133.353 -380.993 Orientation: -0.265623 -0.640521 -0.241421 0.678891 Time: 0
Position: -55.2 118.633 -389.183 Orientation: -0.671913 -0.263818 -0.601208 0.342757 Time: 0
Position: -3.69731e+028 -3.69731e+028 -3.69731e+028 Orientation: -0.5 -0.5 -0.5 -0.5 Time: 0
Position: -70.7467 133.317 -381.07 Orientation: -0.26552 -0.640416 -0.240985 0.679185 Time: 0
Position: -55.1967 118.67 -389.193 Orientation: -0.671887 -0.263721 -0.601048 0.343161 Time: 0
Position: -3.69731e+028 -3.69731e+028 -3.69731e+028 Orientation: -0.5 -0.5 -0.5 -0.5 Time: 0
