Position: -2.97 -191.61 -737.97 Orientation: 0.2324 -0.0375 0.9698 -0.063 Time: 455173741693932
Position: -1.32 -102.46 -736.14 Orientation: 0.2339 -0.0119 0.9713 -0.0403 Time: 455173805642828
Position: -1.31 -102.46 -736.1 Orientation: 0.2323 -0.0119 0.9717 -0.0403 Time: 455173901648581
Position: -1.3 -102.46 -736.11 Orientation: 0.2326 -0.0119 0.9716 -0.0404 Time: 455173965632836
Position: -1.3 -102.47 -736.12 Orientation: 0.2325 -0.0118 0.9716 -0.0403 Time: 455174029722597
Position: -1.31 -102.46 -736.11 Orientation: 0.2325 -0.0118 0.9716 -0.0403 Time: 455174125557259
Position: -1.31 -102.46 -736.12 Orientation: 0.2333 -0.0118 0.9714 -0.0403 Time: 455174222634616
Position: -1.31 -102.46 -736.1 Orientation: 0.2325 -0.0117 0.9716 -0.0403 Time: 455174286599480
Position: -1.31 -102.46 -736.08 Orientation: 0.2323 -0.012 0.9717 -0.0403 Time: 455174350659586
Position: -1.32 -102.46 -736.12 Orientation: 0.2332 -0.012 0.9715 -0.0403 Time: 455174446661347
Position: -1.3 -102.46 -736.08 Orientation: 0.2323 -0.0115 0.9717 -0.0403 Time: 455174510706054
Position: -1.31 -102.46 -736.11 Orientation: 0.233 -0.0117 0.9715 -0.0403 Time: 455174606611434
Position: -1.31 -102.46 -736.1 Orientation: 0.2332 -0.0119 0.9715 -0.0403 Time: 455174670627626
Position: -1.31 -102.47 -736.09 Orientation: 0.2323 -0.0115 0.9717 -0.0403 Time: 455174767588070
Position: -1.3 -102.46 -736.1 Orientation: 0.2321 -0.0118 0.9717 -0.0404 Time: 455174831676121
Position: -1.31 -102.47 -736.12 Orientation: 0.233 -0.0118 0.9715 -0.0403 Time: 455174927691569
Position: -1.31 -102.46 -736.11 Orientation: 0.2329 -0.012 0.9715 -0.0403 Time: 455174991586286
Position: -1.31 -102.47 -736.11 Orientation: 0.2327 -0.0119 0.9716 -0.0403 Time: 455175055616736
Position: -1.31 -102.46 -736.08 Orientation: 0.2326 -0.0118 0.9716 -0.0403 Time: 455175151594544
Position: -1.31 -102.46 -736.09 Orientation: 0.2323 -0.0116 0.9717 -0.0403 Time: 455175215634689
Position: -1.31 -102.46 -736.12 Orientation: 0.2332 -0.0118 0.9715 -0.0403 Time: 455175311633029
Position: -1.31 -102.45 -736.1 Orientation: 0.2328 -0.0118 0.9716 -0.0404 Time: 455175375577933
Position: -1.31 -102.46 -736.09 Orientation: 0.2327 -0.012 0.9716 -0.0403 Time: 455175439580437
Position: -1.31 -102.46 -736.09 Orientation: 0.2326 -0.0116 0.9716 -0.0403 Time: 455175536549436
Position: -1.31 -102.45 -736.1 Orientation: 0.2327 -0.0117 0.9716 -0.0403 Time: 455175600586159
Position: -1.29 -102.46 -736.09 Orientation: 0.2322 -0.0116 0.9717 -0.0404 Time: 455175665607229
Position: -1.31 -102.46 -736.1 Orientation: 0.2327 -0.0119 0.9716 -0.0404 Time: 455175761596444
Position: -1.29 -102.46 -736.08 Orientation: 0.2318 -0.0117 0.9718 -0.0404 Time: 455175825665104
Position: -1.3 -102.46 -736.09 Orientation: 0.2319 -0.0115 0.9718 -0.0403 Time: 455175921595577
Position: -1.3 -102.46 -736.1 Orientation: 0.2324 -0.0118 0.9717 -0.0403 Time: 455175985578121
Position: -1.3 -102.47 -736.1 Orientation: 0.2324 -0.0116 0.9717 -0.0403 Time: 455176081628928
Position: -1.3 -102.46 -736.09 Orientation: 0.2322 -0.0118 0.9717 -0.0404 Time: 455176145609761
Position: -1.3 -102.46 -736.07 Orientation: 0.2315 -0.0115 0.9719 -0.0403 Time: 455176209582040
Position: -1.3 -102.46 -736.11 Orientation: 0.2327 -0.0118 0.9716 -0.0404 Time: 455176305602051
Position: -1.31 -102.46 -736.11 Orientation: 0.2332 -0.0118 0.9715 -0.0404 Time: 455176369576040
Position: -1.31 -102.47 -736.11 Orientation: 0.2326 -0.0119 0.9716 -0.0403 Time: 455176465565255
Position: -1.31 -102.46 -736.14 Orientation: 0.2338 -0.0119 0.9713 -0.0403 Time: 455176530550966
Position: -1.31 -102.47 -736.12 Orientation: 0.2331 -0.0118 0.9715 -0.0403 Time: 455176626657093
Position: -1.31 -102.47 -736.11 Orientation: 0.2326 -0.0118 0.9716 -0.0402 Time: 455176690648191
Position: -1.31 -102.46 -736.09 Orientation: 0.2325 -0.0119 0.9716 -0.0403 Time: 455176754550893
Position: -1.3 -102.46 -736.09 Orientation: 0.2322 -0.0117 0.9717 -0.0404 Time: 455176850548662
Position: -1.32 -102.46 -736.13 Orientation: 0.2331 -0.0119 0.9715 -0.0403 Time: 455176914556869
Position: -1.29 -102.46 -736.09 Orientation: 0.2318 -0.0117 0.9718 -0.0404 Time: 455177010595130
Position: -1.29 -102.46 -736.06 Orientation: 0.2319 -0.0116 0.9718 -0.0404 Time: 455177074534901
Position: -1.31 -102.46 -736.11 Orientation: 0.2329 -0.0117 0.9715 -0.0403 Time: 455177138591585
Position: -1.31 -102.46 -736.09 Orientation: 0.2324 -0.0118 0.9717 -0.0403 Time: 455177234576807
Position: -1.31 -102.46 -736.09 Orientation: 0.233 -0.0118 0.9715 -0.0403 Time: 455177298535399
Position: -1.31 -102.46 -736.12 Orientation: 0.2325 -0.0119 0.9716 -0.0403 Time: 455177394570237
Position: -1.32 -102.46 -736.12 Orientation: 0.2333 -0.0118 0.9714 -0.0403 Time: 455177491552924
Position: -1.31 -102.46 -736.09 Orientation: 0.2325 -0.0116 0.9716 -0.0403 Time: 455177555542882
Position: -1.29 -102.46 -736.08 Orientation: 0.2316 -0.0117 0.9718 -0.0405 Time: 455177619597284
Position: -1.32 -102.46 -736.11 Orientation: 0.2333 -0.0117 0.9714 -0.0403 Time: 455177715528898
Position: -1.31 -102.46 -736.11 Orientation: 0.2331 -0.0118 0.9715 -0.0403 Time: 455177811574572
Position: -1.31 -102.46 -736.11 Orientation: 0.2325 -0.0118 0.9716 -0.0403 Time: 455177876745633
Position: -1.3 -102.46 -736.07 Orientation: 0.2322 -0.0118 0.9717 -0.0403 Time: 455177972548927
Position: -1.31 -102.46 -736.1 Orientation: 0.2326 -0.0117 0.9716 -0.0403 Time: 455178036529761
Position: -1.32 -102.46 -736.11 Orientation: 0.2332 -0.0118 0.9715 -0.0403 Time: 455178133609969
Position: -1.3 -102.46 -736.09 Orientation: 0.2322 -0.0116 0.9717 -0.0403 Time: 455178197560576
Position: -1.29 -102.46 -736.1 Orientation: 0.2319 -0.0116 0.9718 -0.0404 Time: 455178294629378
Position: -1.32 -102.46 -736.13 Orientation: 0.233 -0.0118 0.9715 -0.0403 Time: 455178390507383
Position: -1.3 -102.46 -736.1 Orientation: 0.2321 -0.0117 0.9717 -0.0403 Time: 455178454548098
Position: -1.3 -102.46 -736.09 Orientation: 0.2325 -0.0118 0.9716 -0.0403 Time: 455178518619040
Position: -1.32 -102.47 -736.11 Orientation: 0.2329 -0.0117 0.9715 -0.0403 Time: 455178614538106
Position: -1.31 -102.46 -736.1 Orientation: 0.2328 -0.0117 0.9716 -0.0403 Time: 455178679539786
Position: -1.3 -102.46 -736.09 Orientation: 0.2326 -0.0117 0.9716 -0.0403 Time: 455178775495923
Position: -1.31 -102.46 -736.11 Orientation: 0.233 -0.012 0.9715 -0.0404 Time: 455178840546078
Position: -1.32 -102.46 -736.12 Orientation: 0.2334 -0.0118 0.9714 -0.0403 Time: 455178937508233
Position: -1.29 -102.46 -736.07 Orientation: 0.2319 -0.0117 0.9718 -0.0404 Time: 455179033539080
Position: -1.3 -102.46 -736.1 Orientation: 0.2321 -0.0119 0.9717 -0.0404 Time: 455179105568061
Position: -1.31 -102.46 -736.09 Orientation: 0.233 -0.0118 0.9715 -0.0403 Time: 455179204500050
Position: -1.31 -102.46 -736.11 Orientation: 0.2328 -0.0117 0.9716 -0.0403 Time: 455179268590952
Position: -1.31 -102.47 -736.12 Orientation: 0.2328 -0.0117 0.9716 -0.0403 Time: 455179367590237
Position: -1.3 -102.46 -736.08 Orientation: 0.2316 -0.0119 0.9718 -0.0404 Time: 455179431523735
Position: -1.3 -102.47 -736.12 Orientation: 0.2326 -0.0119 0.9716 -0.0404 Time: 455179527601917
Position: -1.31 -102.46 -736.08 Orientation: 0.2327 -0.0116 0.9716 -0.0403 Time: 455179591565071
Position: -1.31 -102.46 -736.09 Orientation: 0.2328 -0.0117 0.9716 -0.0403 Time: 455179692705853
Position: -1.3 -102.46 -736.1 Orientation: 0.2328 -0.0117 0.9716 -0.0403 Time: 455179790508638
Position: -1.3 -102.47 -736.12 Orientation: 0.2328 -0.0117 0.9716 -0.0404 Time: 455179854535666
Position: -1.31 -102.46 -736.12 Orientation: 0.2327 -0.0118 0.9716 -0.0404 Time: 455179950598449
Position: -1.31 -102.47 -736.11 Orientation: 0.2324 -0.0119 0.9716 -0.0403 Time: 455180014521682
Position: -1.3 -102.46 -736.08 Orientation: 0.232 -0.0116 0.9717 -0.0403 Time: 455180111612726
Position: -1.31 -102.45 -736.09 Orientation: 0.2328 -0.0119 0.9716 -0.0404 Time: 455180214515750
Position: -1.3 -102.46 -736.06 Orientation: 0.2319 -0.0116 0.9718 -0.0403 Time: 455180280593596
Position: -1.31 -102.46 -736.09 Orientation: 0.2325 -0.0118 0.9716 -0.0403 Time: 455180379556952
Position: -1.31 -102.46 -736.09 Orientation: 0.2323 -0.0118 0.9717 -0.0403 Time: 455180462572293
Position: -1.31 -102.46 -736.09 Orientation: 0.2324 -0.0118 0.9716 -0.0403 Time: 455180564505228
Position: -1.31 -102.46 -736.1 Orientation: 0.2328 -0.0117 0.9716 -0.0403 Time: 455180628617802
Position: -1.32 -102.46 -736.11 Orientation: 0.2332 -0.012 0.9715 -0.0403 Time: 455180726612780
Position: -1.29 -102.46 -736.07 Orientation: 0.2321 -0.0116 0.9717 -0.0404 Time: 455180794068483
Position: -1.32 -102.45 -736.09 Orientation: 0.2333 -0.0118 0.9714 -0.0403 Time: 455180866544013
Position: -1.31 -102.46 -736.13 Orientation: 0.2333 -0.0117 0.9714 -0.0403 Time: 455180964469413
Position: -1.31 -102.46 -736.1 Orientation: 0.2325 -0.012 0.9716 -0.0404 Time: 455181063520596
Position: -1.3 -102.46 -736.07 Orientation: 0.2315 -0.0115 0.9719 -0.0403 Time: 455181130571383
Position: -1.31 -102.46 -736.1 Orientation: 0.2324 -0.0119 0.9716 -0.0403 Time: 455181231531948
Position: -1.32 -102.47 -736.12 Orientation: 0.2331 -0.0119 0.9715 -0.0403 Time: 455181297483185
Position: -1.3 -102.46 -736.08 Orientation: 0.2323 -0.0116 0.9717 -0.0403 Time: 455181362512240
Position: -1.3 -102.46 -736.1 Orientation: 0.2324 -0.012 0.9716 -0.0403 Time: 455181462774751
Position: -1.3 -102.47 -736.07 Orientation: 0.2322 -0.0116 0.9717 -0.0403 Time: 455181562598698
Position: -1.3 -102.46 -736.09 Orientation: 0.2321 -0.0117 0.9717 -0.0403 Time: 455181628540241
Position: -1.3 -102.47 -736.08 Orientation: 0.2318 -0.0115 0.9718 -0.0403 Time: 455181726522101
Position: -1.31 -102.46 -736.08 Orientation: 0.2321 -0.0118 0.9717 -0.0404 Time: 455181825597808
Position: -1.31 -102.45 -736.1 Orientation: 0.2327 -0.0118 0.9716 -0.0403 Time: 455181891547905
Position: -1.31 -102.46 -736.1 Orientation: 0.2327 -0.0118 0.9716 -0.0403 Time: 455181957552181
Position: -1.31 -102.46 -736.12 Orientation: 0.2333 -0.0119 0.9714 -0.0404 Time: 455182056555459
Position: -1.31 -102.47 -736.12 Orientation: 0.233 -0.0118 0.9715 -0.0403 Time: 455182122477040
Position: -1.31 -102.47 -736.11 Orientation: 0.2329 -0.0118 0.9715 -0.0403 Time: 455182187589359
Position: -1.31 -102.46 -736.11 Orientation: 0.2329 -0.0116 0.9715 -0.0402 Time: 455182253499535
Position: -1.31 -102.47 -736.11 Orientation: 0.2325 -0.0118 0.9716 -0.0403 Time: 455182353527651
Position: -1.3 -102.46 -736.1 Orientation: 0.2322 -0.0118 0.9717 -0.0404 Time: 455182419592950
Position: -1.3 -102.46 -736.11 Orientation: 0.2326 -0.0118 0.9716 -0.0404 Time: 455182485499704
Position: -1.3 -102.46 -736.1 Orientation: 0.2323 -0.0118 0.9717 -0.0404 Time: 455182550565258
Position: -1.3 -102.46 -736.07 Orientation: 0.2315 -0.0116 0.9719 -0.0403 Time: 455182649554848
Position: -1.31 -102.46 -736.1 Orientation: 0.233 -0.0119 0.9715 -0.0403 Time: 455182715536882
Position: -1.31 -102.46 -736.1 Orientation: 0.2323 -0.0116 0.9717 -0.0403 Time: 455182781497815
Position: -1.31 -102.46 -736.09 Orientation: 0.2328 -0.012 0.9715 -0.0403 Time: 455182877586833
Position: -1.31 -102.46 -736.13 Orientation: 0.2332 -0.0119 0.9715 -0.0404 Time: 455182943781021
Position: -1.31 -102.45 -736.06 Orientation: 0.2324 -0.0116 0.9717 -0.0403 Time: 455183044644063
Position: -1.31 -102.46 -736.11 Orientation: 0.2329 -0.0117 0.9715 -0.0403 Time: 455183110630660
Position: -1.3 -102.46 -736.07 Orientation: 0.2318 -0.0116 0.9718 -0.0403 Time: 455183209619680
Position: -1.3 -102.47 -736.09 Orientation: 0.2321 -0.0117 0.9717 -0.0404 Time: 455183277941677
Position: -1.31 -102.46 -736.11 Orientation: 0.2324 -0.0116 0.9717 -0.0403 Time: 455183343545028
Position: -1.3 -102.47 -736.09 Orientation: 0.2322 -0.0115 0.9717 -0.0403 Time: 455183407496206
Position: -1.3 -102.47 -736.11 Orientation: 0.233 -0.0119 0.9715 -0.0404 Time: 455183505523691
Position: -1.31 -102.46 -736.12 Orientation: 0.2329 -0.0121 0.9715 -0.0403 Time: 455183570480316
Position: -1.31 -102.47 -736.11 Orientation: 0.2327 -0.012 0.9716 -0.0403 Time: 455183635565831
Position: -1.31 -102.46 -736.09 Orientation: 0.2326 -0.0117 0.9716 -0.0403 Time: 455183732584446
Position: -1.31 -102.46 -736.09 Orientation: 0.2327 -0.0115 0.9716 -0.0403 Time: 455183799553108
Position: -1.3 -102.45 -736.07 Orientation: 0.2317 -0.0118 0.9718 -0.0404 Time: 455183864474945
Position: -1.31 -102.46 -736.1 Orientation: 0.2323 -0.0116 0.9717 -0.0403 Time: 455183929476625
Position: -1.32 -102.46 -736.1 Orientation: 0.2331 -0.0119 0.9715 -0.0403 Time: 455184026543716
Position: -1.31 -102.46 -736.1 Orientation: 0.2327 -0.0119 0.9716 -0.0403 Time: 455184091508896
Position: -1.31 -102.47 -736.1 Orientation: 0.2328 -0.0117 0.9715 -0.0403 Time: 455184156495177
Position: -1.3 -102.46 -736.06 Orientation: 0.2318 -0.0116 0.9718 -0.0403 Time: 455184253443075
Position: -1.3 -102.47 -736.08 Orientation: 0.2322 -0.0116 0.9717 -0.0403 Time: 455184318515472
Position: -1.31 -102.47 -736.1 Orientation: 0.2328 -0.0116 0.9716 -0.0403 Time: 455184383557073
Position: -1.31 -102.45 -736.1 Orientation: 0.2323 -0.0118 0.9717 -0.0403 Time: 455184481452248
Position: -1.3 -102.47 -736.09 Orientation: 0.2322 -0.0116 0.9717 -0.0403 Time: 455184545482127
Position: -1.31 -102.46 -736.1 Orientation: 0.2325 -0.0117 0.9716 -0.0403 Time: 455184609622646
Position: -1.32 -102.46 -736.1 Orientation: 0.2329 -0.0117 0.9715 -0.0403 Time: 455184674449241
