Position: 3.18 51 -736.77 Orientation: 0.2386 0.0035 0.9707 -0.0258 Time: 456278437966474
Position: 2.2 24.53 -736.37 Orientation: 0.2371 -0.0188 0.9703 -0.0432 Time: 456278533925462
Position: 2.19 24.53 -736.37 Orientation: 0.2376 -0.0186 0.9702 -0.0431 Time: 456278597938232
Position: 2.21 24.53 -736.35 Orientation: 0.2365 -0.0186 0.9704 -0.0432 Time: 456278693938853
Position: 2.2 24.53 -736.35 Orientation: 0.2364 -0.0188 0.9704 -0.0432 Time: 456278757932803
Position: 2.2 24.53 -736.38 Orientation: 0.2371 -0.0186 0.9703 -0.0432 Time: 456278821930175
Position: 2.21 24.53 -736.32 Orientation: 0.2359 -0.0183 0.9706 -0.0432 Time: 456278917908553
Position: 2.21 24.53 -736.36 Orientation: 0.2366 -0.0183 0.9704 -0.0431 Time: 456278981991471
Position: 2.21 24.53 -736.34 Orientation: 0.2358 -0.0185 0.9706 -0.0432 Time: 456279078891463
Position: 2.2 24.53 -736.35 Orientation: 0.2367 -0.0185 0.9704 -0.0431 Time: 456279142910507
Position: 2.19 24.53 -736.4 Orientation: 0.2376 -0.0188 0.9702 -0.0432 Time: 456279206948370
Position: 2.2 24.53 -736.36 Orientation: 0.2371 -0.0185 0.9703 -0.0431 Time: 456279302915343
Position: 2.21 24.53 -736.35 Orientation: 0.2365 -0.0185 0.9704 -0.0431 Time: 456279366868801
Position: 2.21 24.53 -736.34 Orientation: 0.2366 -0.0183 0.9704 -0.0431 Time: 456279462908773
Position: 2.2 24.53 -736.36 Orientation: 0.2369 -0.0185 0.9703 -0.0432 Time: 456279526871356
Position: 2.2 24.53 -736.36 Orientation: 0.2369 -0.0186 0.9703 -0.0432 Time: 456279590906939
Position: 2.21 24.53 -736.35 Orientation: 0.236 -0.0183 0.9706 -0.0432 Time: 456279654887202
Position: 2.2 24.52 -736.36 Orientation: 0.2371 -0.0187 0.9703 -0.0432 Time: 456279750878127
Position: 2.19 24.53 -736.38 Orientation: 0.2375 -0.0187 0.9702 -0.0432 Time: 456279814864663
Position: 2.21 24.53 -736.37 Orientation: 0.2364 -0.0184 0.9704 -0.0431 Time: 456279910881252
Position: 2.2 24.54 -736.38 Orientation: 0.2368 -0.0187 0.9704 -0.0432 Time: 456279974940788
Position: 2.21 24.53 -736.37 Orientation: 0.2366 -0.0186 0.9704 -0.0432 Time: 456280070963650
Position: 2.2 24.53 -736.35 Orientation: 0.2371 -0.0183 0.9703 -0.0431 Time: 456280134941061
Position: 2.2 24.53 -736.39 Orientation: 0.2368 -0.0186 0.9703 -0.0432 Time: 456280230892065
Position: 2.21 24.53 -736.36 Orientation: 0.2363 -0.0184 0.9705 -0.0432 Time: 456280294844953
Position: 2.2 24.53 -736.39 Orientation: 0.2365 -0.0185 0.9704 -0.0432 Time: 456280358933574
Position: 2.19 24.53 -736.38 Orientation: 0.2376 -0.0187 0.9702 -0.0431 Time: 456280454932484
Position: 2.2 24.53 -736.37 Orientation: 0.2373 -0.0185 0.9702 -0.0432 Time: 456280550862387
Position: 2.19 24.54 -736.38 Orientation: 0.2373 -0.0187 0.9702 -0.0432 Time: 456280614908805
Position: 2.2 24.53 -736.38 Orientation: 0.2367 -0.0187 0.9704 -0.0432 Time: 456280710851254
Position: 2.19 24.53 -736.36 Orientation: 0.237 -0.0186 0.9703 -0.0432 Time: 456280774894251
Position: 2.21 24.53 -736.34 Orientation: 0.2358 -0.0183 0.9706 -0.0432 Time: 456280838849420
Position: 2.21 24.53 -736.35 Orientation: 0.2361 -0.0186 0.9705 -0.0432 Time: 456280934854603
Position: 2.21 24.53 -736.34 Orientation: 0.2362 -0.0185 0.9705 -0.0432 Time: 456280998866803
Position: 2.21 24.53 -736.34 Orientation: 0.2365 -0.0185 0.9704 -0.0432 Time: 456281094887384
Position: 2.2 24.53 -736.34 Orientation: 0.2367 -0.0185 0.9704 -0.0432 Time: 456281158855671
Position: 2.21 24.53 -736.35 Orientation: 0.2364 -0.0185 0.9704 -0.0432 Time: 456281254859143
Position: 2.2 24.53 -736.36 Orientation: 0.237 -0.0187 0.9703 -0.0432 Time: 456281318844538
Position: 2.2 24.54 -736.38 Orientation: 0.2371 -0.0189 0.9703 -0.0432 Time: 456281382880121
Position: 2.2 24.53 -736.37 Orientation: 0.237 -0.0185 0.9703 -0.0431 Time: 456281478843101
Position: 2.2 24.53 -736.38 Orientation: 0.2372 -0.0186 0.9703 -0.0432 Time: 456281542899785
Position: 2.2 24.53 -736.38 Orientation: 0.2368 -0.0185 0.9704 -0.0432 Time: 456281638888429
Position: 2.2 24.53 -736.37 Orientation: 0.2373 -0.0186 0.9702 -0.0432 Time: 456281702852723
Position: 2.21 24.53 -736.34 Orientation: 0.2361 -0.0182 0.9705 -0.0431 Time: 456281766994953
Position: 2.2 24.53 -736.37 Orientation: 0.2369 -0.0186 0.9703 -0.0432 Time: 456281862923715
Position: 2.2 24.53 -736.36 Orientation: 0.2365 -0.0185 0.9704 -0.0432 Time: 456281926881736
Position: 2.21 24.53 -736.34 Orientation: 0.2364 -0.0187 0.9705 -0.0432 Time: 456281990923021
Position: 2.22 24.53 -736.33 Orientation: 0.2355 -0.0186 0.9707 -0.0432 Time: 456282086826690
Position: 2.2 24.53 -736.36 Orientation: 0.237 -0.0185 0.9703 -0.0432 Time: 456282150878811
Position: 2.21 24.53 -736.34 Orientation: 0.236 -0.0182 0.9706 -0.0431 Time: 456282246819550
Position: 2.21 24.53 -736.35 Orientation: 0.2362 -0.0186 0.9705 -0.0432 Time: 456282310909882
Position: 2.2 24.53 -736.37 Orientation: 0.2371 -0.0187 0.9703 -0.0432 Time: 456282406866589
Position: 2.2 24.53 -736.37 Orientation: 0.237 -0.0185 0.9703 -0.0432 Time: 456282470857117
Position: 2.2 24.53 -736.37 Orientation: 0.2374 -0.0186 0.9702 -0.0431 Time: 456282534842513
Position: 2.19 24.53 -736.39 Orientation: 0.2374 -0.0186 0.9702 -0.0432 Time: 456282630848836
Position: 2.2 24.53 -736.34 Orientation: 0.237 -0.0186 0.9703 -0.0432 Time: 456282694863317
Position: 2.2 24.53 -736.39 Orientation: 0.2374 -0.0189 0.9702 -0.0432 Time: 456282758827612
Position: 2.2 24.53 -736.37 Orientation: 0.2367 -0.0184 0.9704 -0.0431 Time: 456282854861310
Position: 2.2 24.53 -736.38 Orientation: 0.2372 -0.0186 0.9703 -0.0432 Time: 456282918902025
Position: 2.2 24.53 -736.36 Orientation: 0.2367 -0.0184 0.9704 -0.0432 Time: 456282983991532
Position: 2.2 24.53 -736.37 Orientation: 0.2366 -0.0183 0.9704 -0.0431 Time: 456283079859271
Position: 2.21 24.53 -736.34 Orientation: 0.2361 -0.0184 0.9705 -0.0432 Time: 456283143898846
Position: 2.2 24.53 -736.39 Orientation: 0.2373 -0.0186 0.9702 -0.0432 Time: 456283207950967
Position: 2.2 24.53 -736.36 Orientation: 0.2368 -0.0186 0.9704 -0.0431 Time: 456283304849818
Position: 2.2 24.53 -736.37 Orientation: 0.2367 -0.0185 0.9704 -0.0432 Time: 456283368793582
Position: 2.19 24.53 -736.35 Orientation: 0.2374 -0.0185 0.9702 -0.0431 Time: 456283464900279
Position: 2.2 24.53 -736.35 Orientation: 0.2365 -0.0183 0.9704 -0.0431 Time: 456283528865143
Position: 2.2 24.54 -736.37 Orientation: 0.2368 -0.0186 0.9704 -0.0432 Time: 456283624802460
Position: 2.21 24.52 -736.33 Orientation: 0.2356 -0.0184 0.9706 -0.0431 Time: 456283688896214
Position: 2.21 24.53 -736.37 Orientation: 0.236 -0.0186 0.9706 -0.0432 Time: 456283784805015
Position: 2.2 24.53 -736.36 Orientation: 0.2369 -0.0186 0.9703 -0.0432 Time: 456283848836035
Position: 2.2 24.53 -736.35 Orientation: 0.2368 -0.0186 0.9704 -0.0431 Time: 456283944873725
Position: 2.2 24.53 -736.35 Orientation: 0.2367 -0.0183 0.9704 -0.0431 Time: 456284008905316
Position: 2.2 24.53 -736.39 Orientation: 0.2368 -0.0186 0.9704 -0.0432 Time: 456284104885976
Position: 2.19 24.54 -736.37 Orientation: 0.2373 -0.0188 0.9702 -0.0432 Time: 456284168890762
Position: 2.2 24.53 -736.35 Orientation: 0.2369 -0.0186 0.9703 -0.0432 Time: 456284264817242
Position: 2.21 24.53 -736.36 Orientation: 0.2362 -0.0186 0.9705 -0.0432 Time: 456284361863803
Position: 2.19 24.53 -736.41 Orientation: 0.2379 -0.0185 0.9701 -0.0431 Time: 456284426793624
Position: 2.2 24.53 -736.39 Orientation: 0.2368 -0.0188 0.9703 -0.0432 Time: 456284525819713
Position: 2.2 24.53 -736.37 Orientation: 0.2367 -0.0188 0.9704 -0.0432 Time: 456284622820079
Position: 2.2 24.53 -736.33 Orientation: 0.2365 -0.0183 0.9704 -0.0432 Time: 456284686928090
Position: 2.2 24.53 -736.37 Orientation: 0.2369 -0.0185 0.9703 -0.0431 Time: 456284750911205
Position: 2.2 24.53 -736.37 Orientation: 0.2367 -0.0184 0.9704 -0.0431 Time: 456284847853399
Position: 2.2 24.53 -736.37 Orientation: 0.2368 -0.0184 0.9704 -0.0432 Time: 456284911826248
Position: 2.2 24.53 -736.37 Orientation: 0.2368 -0.0184 0.9704 -0.0432 Time: 456285008856840
Position: 2.2 24.53 -736.36 Orientation: 0.2367 -0.0183 0.9704 -0.0431 Time: 456285072780642
Position: 2.19 24.53 -736.38 Orientation: 0.2373 -0.0185 0.9702 -0.0432 Time: 456285170240104
Position: 2.2 24.53 -736.36 Orientation: 0.2366 -0.0186 0.9704 -0.0432 Time: 456285235038184
Position: 2.19 24.54 -736.4 Orientation: 0.2373 -0.0187 0.9702 -0.0432 Time: 456285330787300
Position: 2.2 24.53 -736.36 Orientation: 0.2369 -0.0186 0.9703 -0.0432 Time: 456285398852659
Position: 2.2 24.53 -736.37 Orientation: 0.2369 -0.0186 0.9703 -0.0432 Time: 456285495785159
Position: 2.2 24.53 -736.38 Orientation: 0.2368 -0.0183 0.9704 -0.0431 Time: 456285559808194
Position: 2.2 24.53 -736.37 Orientation: 0.2374 -0.0185 0.9702 -0.0431 Time: 456285656810271
Position: 2.2 24.53 -736.35 Orientation: 0.2364 -0.0185 0.9705 -0.0432 Time: 456285753873370
Position: 2.2 24.53 -736.37 Orientation: 0.2372 -0.0188 0.9703 -0.0432 Time: 456285850800166
Position: 2.2 24.53 -736.38 Orientation: 0.2371 -0.0186 0.9703 -0.0431 Time: 456285914799820
Position: 2.2 24.53 -736.35 Orientation: 0.2367 -0.0182 0.9704 -0.0431 Time: 456286011772240
Position: 2.2 24.53 -736.37 Orientation: 0.2368 -0.0185 0.9704 -0.0432 Time: 456286075772464
Position: 2.2 24.52 -736.36 Orientation: 0.2371 -0.0185 0.9703 -0.0432 Time: 456286139836561
Position: 2.2 24.53 -736.36 Orientation: 0.2363 -0.0185 0.9705 -0.0432 Time: 456286235866838
Position: 2.2 24.53 -736.37 Orientation: 0.2366 -0.0184 0.9704 -0.0431 Time: 456286332798196
Position: 2.19 24.53 -736.36 Orientation: 0.2369 -0.0185 0.9703 -0.0432 Time: 456286397837516
Position: 2.21 24.53 -736.35 Orientation: 0.2362 -0.0184 0.9705 -0.0432 Time: 456286493794793
Position: 2.2 24.53 -736.35 Orientation: 0.2368 -0.0185 0.9704 -0.0431 Time: 456286559782531
Position: 2.2 24.53 -736.38 Orientation: 0.237 -0.0185 0.9703 -0.0432 Time: 456286656774342
Position: 2.2 24.54 -736.38 Orientation: 0.2366 -0.0185 0.9704 -0.0432 Time: 456286723836534
Position: 2.2 24.53 -736.36 Orientation: 0.2367 -0.0186 0.9704 -0.0432 Time: 456286820921305
Position: 2.19 24.53 -736.37 Orientation: 0.2376 -0.0184 0.9702 -0.0431 Time: 456286919819076
Position: 2.2 24.53 -736.37 Orientation: 0.2371 -0.0185 0.9703 -0.0432 Time: 456286987120226
Position: 2.21 24.53 -736.33 Orientation: 0.2361 -0.0184 0.9705 -0.0431 Time: 456287086116660
Position: 2.2 24.53 -736.39 Orientation: 0.2369 -0.0185 0.9703 -0.0432 Time: 456287151718301
Position: 2.2 24.53 -736.36 Orientation: 0.2367 -0.0185 0.9704 -0.0431 Time: 456287250801991
Position: 2.21 24.53 -736.33 Orientation: 0.236 -0.0184 0.9706 -0.0431 Time: 456287316749237
Position: 2.19 24.53 -736.41 Orientation: 0.2374 -0.0185 0.9702 -0.0431 Time: 456287414854284
Position: 2.2 24.53 -736.34 Orientation: 0.2364 -0.0183 0.9705 -0.0432 Time: 456287479771558
Position: 2.2 24.53 -736.37 Orientation: 0.2364 -0.0185 0.9704 -0.0432 Time: 456287545802639
Position: 2.2 24.53 -736.37 Orientation: 0.2369 -0.0185 0.9703 -0.0432 Time: 456287643733172
Position: 2.2 24.53 -736.36 Orientation: 0.237 -0.0186 0.9703 -0.0432 Time: 456287709826986
Position: 2.21 24.53 -736.34 Orientation: 0.236 -0.0185 0.9705 -0.0432 Time: 456287775903691
Position: 2.2 24.53 -736.34 Orientation: 0.2362 -0.0183 0.9705 -0.0432 Time: 456287876739929
Position: 2.19 24.53 -736.36 Orientation: 0.2375 -0.0184 0.9702 -0.0431 Time: 456287942922141
Position: 2.2 24.53 -736.36 Orientation: 0.2368 -0.0185 0.9704 -0.0431 Time: 456288042827071
Position: 2.21 24.53 -736.33 Orientation: 0.2362 -0.0183 0.9705 -0.0431 Time: 456288109733000
Position: 2.2 24.53 -736.38 Orientation: 0.2371 -0.0188 0.9703 -0.0432 Time: 456288208860033
Position: 2.2 24.53 -736.38 Orientation: 0.2369 -0.0186 0.9703 -0.0432 Time: 456288274819826
Position: 2.19 24.53 -736.38 Orientation: 0.237 -0.0187 0.9703 -0.0432 Time: 456288373756948
Position: 2.19 24.53 -736.38 Orientation: 0.237 -0.0186 0.9703 -0.0432 Time: 456288438760338
Position: 2.21 24.53 -736.33 Orientation: 0.2359 -0.0182 0.9706 -0.0432 Time: 456288537839467
Position: 2.2 24.53 -736.38 Orientation: 0.2368 -0.0185 0.9704 -0.0431 Time: 456288603788993
Position: 2.2 24.53 -736.37 Orientation: 0.2367 -0.0186 0.9704 -0.0432 Time: 456288669796121
Position: 2.2 24.53 -736.33 Orientation: 0.2367 -0.0186 0.9704 -0.0432 Time: 456288767780263
Position: 2.19 24.53 -736.38 Orientation: 0.2371 -0.0185 0.9703 -0.0431 Time: 456288833722946
Position: 2.19 24.53 -736.4 Orientation: 0.2374 -0.0188 0.9702 -0.0432 Time: 456288931804040
Position: 2.2 24.53 -736.37 Orientation: 0.2366 -0.0186 0.9704 -0.0432 Time: 456288997768395
Position: 2.19 24.53 -736.37 Orientation: 0.2373 -0.0185 0.9702 -0.0432 Time: 456289096763118
Position: 2.2 24.53 -736.37 Orientation: 0.2371 -0.0187 0.9703 -0.0432 Time: 456289161736853
Position: 2.2 24.53 -736.36 Orientation: 0.2366 -0.0185 0.9704 -0.0431 Time: 456289260769216
Position: 2.21 24.53 -736.37 Orientation: 0.2362 -0.0185 0.9705 -0.0432 Time: 456289326779765
Position: 2.21 24.53 -736.34 Orientation: 0.2363 -0.0185 0.9705 -0.0432 Time: 456289392745831
Position: 2.2 24.53 -736.36 Orientation: 0.237 -0.0184 0.9703 -0.0431 Time: 456289491747398
Position: 2.2 24.53 -736.36 Orientation: 0.2367 -0.0184 0.9704 -0.0432 Time: 456289557720307
Position: 2.19 24.53 -736.36 Orientation: 0.237 -0.0186 0.9703 -0.0432 Time: 456289623779332
