Position: 2.21 24.53 -736.35 Orientation: 0.2359 -0.0184 0.9706 -0.0432 Time: 456787153728056
Position: 0.23 146.37 -724.69 Orientation: 0.2347 -0.0374 0.9698 -0.0539 Time: 456787217699765
Position: 0.24 146.36 -724.65 Orientation: 0.2334 -0.0374 0.9701 -0.0539 Time: 456787313653050
Position: 0.22 146.37 -724.72 Orientation: 0.2351 -0.0376 0.9697 -0.0539 Time: 456787409669639
Position: 0.23 146.38 -724.7 Orientation: 0.2344 -0.0374 0.9699 -0.0539 Time: 456787473685261
Position: 0.22 146.37 -724.67 Orientation: 0.2345 -0.0373 0.9698 -0.0539 Time: 456787537671797
Position: 0.22 146.38 -724.69 Orientation: 0.2343 -0.0374 0.9699 -0.0539 Time: 456787633638199
Position: 0.23 146.37 -724.68 Orientation: 0.234 -0.0373 0.97 -0.0539 Time: 456787697723968
Position: 0.23 146.36 -724.65 Orientation: 0.2339 -0.0373 0.97 -0.0539 Time: 456787793682386
Position: 0.23 146.38 -724.69 Orientation: 0.2345 -0.0375 0.9698 -0.0539 Time: 456787857658087
Position: 0.23 146.37 -724.67 Orientation: 0.2338 -0.0374 0.97 -0.0539 Time: 456787953654145
Position: 0.23 146.36 -724.66 Orientation: 0.234 -0.0375 0.97 -0.0539 Time: 456788049667882
Position: 0.22 146.38 -724.71 Orientation: 0.2352 -0.0376 0.9697 -0.0539 Time: 456788113647575
Position: 0.24 146.37 -724.64 Orientation: 0.2331 -0.0371 0.9702 -0.0539 Time: 456788177692852
Position: 0.22 146.38 -724.71 Orientation: 0.2351 -0.0376 0.9697 -0.0539 Time: 456788273643286
Position: 0.22 146.37 -724.69 Orientation: 0.2349 -0.0376 0.9697 -0.0539 Time: 456788337670314
Position: 0.23 146.37 -724.67 Orientation: 0.2345 -0.0375 0.9698 -0.0539 Time: 456788433650404
Position: 0.23 146.37 -724.66 Orientation: 0.2337 -0.0371 0.97 -0.0538 Time: 456788498688583
Position: 0.23 146.37 -724.69 Orientation: 0.2344 -0.0374 0.9699 -0.0539 Time: 456788562625502
Position: 0.23 146.37 -724.66 Orientation: 0.2338 -0.0373 0.97 -0.0539 Time: 456788658659200
Position: 0.22 146.36 -724.7 Orientation: 0.235 -0.0376 0.9697 -0.0539 Time: 456788722675963
Position: 0.23 146.37 -724.67 Orientation: 0.234 -0.0374 0.9699 -0.0538 Time: 456788818658334
Position: 0.23 146.37 -724.67 Orientation: 0.234 -0.0376 0.9699 -0.0539 Time: 456788882669393
Position: 0.22 146.37 -724.68 Orientation: 0.2344 -0.0374 0.9699 -0.0539 Time: 456788978671154
Position: 0.22 146.37 -724.69 Orientation: 0.2349 -0.0372 0.9697 -0.0538 Time: 456789042710729
Position: 0.23 146.38 -724.68 Orientation: 0.2336 -0.0377 0.97 -0.054 Time: 456789138648045
Position: 0.23 146.37 -724.68 Orientation: 0.2346 -0.0373 0.9698 -0.0538 Time: 456789202669940
Position: 0.23 146.37 -724.68 Orientation: 0.234 -0.0373 0.9699 -0.0539 Time: 456789266725484
Position: 0.22 146.37 -724.71 Orientation: 0.2352 -0.0374 0.9697 -0.0539 Time: 456789363664827
Position: 0.24 146.37 -724.66 Orientation: 0.2334 -0.0373 0.9701 -0.0539 Time: 456789427638816
Position: 0.23 146.37 -724.66 Orientation: 0.2337 -0.0374 0.97 -0.0539 Time: 456789492603426
Position: 0.21 146.37 -724.71 Orientation: 0.2351 -0.0374 0.9697 -0.0538 Time: 456789588626288
Position: 0.23 146.37 -724.69 Orientation: 0.2345 -0.0375 0.9698 -0.0539 Time: 456789652657879
Position: 0.22 146.37 -724.68 Orientation: 0.2345 -0.0374 0.9698 -0.0539 Time: 456789748649374
Position: 0.23 146.37 -724.68 Orientation: 0.234 -0.0375 0.9699 -0.0539 Time: 456789812646746
Position: 0.22 146.36 -724.67 Orientation: 0.2346 -0.0376 0.9698 -0.0539 Time: 456789908612008
Position: 0.23 146.37 -724.68 Orientation: 0.2341 -0.0375 0.9699 -0.0539 Time: 456789972635043
Position: 0.22 146.38 -724.72 Orientation: 0.235 -0.0376 0.9697 -0.0539 Time: 456790068656195
Position: 0.22 146.37 -724.7 Orientation: 0.2343 -0.0376 0.9699 -0.0539 Time: 456790132775612
Position: 0.22 146.37 -724.69 Orientation: 0.2347 -0.0374 0.9698 -0.0539 Time: 456790228651906
Position: 0.23 146.37 -724.68 Orientation: 0.234 -0.0376 0.9699 -0.0539 Time: 456790292681215
Position: 0.22 146.37 -724.69 Orientation: 0.2344 -0.0374 0.9699 -0.0539 Time: 456790388621384
Position: 0.22 146.37 -724.7 Orientation: 0.2347 -0.0374 0.9698 -0.0539 Time: 456790452653544
Position: 0.23 146.36 -724.67 Orientation: 0.234 -0.0373 0.97 -0.0538 Time: 456790516666885
Position: 0.22 146.37 -724.69 Orientation: 0.2346 -0.0374 0.9698 -0.0538 Time: 456790612623021
Position: 0.23 146.37 -724.69 Orientation: 0.2347 -0.0374 0.9698 -0.0539 Time: 456790676608987
Position: 0.23 146.37 -724.68 Orientation: 0.2345 -0.0373 0.9698 -0.0539 Time: 456790772624436
Position: 0.23 146.38 -724.69 Orientation: 0.2342 -0.0372 0.9699 -0.0539 Time: 456790836633784
Position: 0.22 146.37 -724.67 Orientation: 0.2346 -0.0374 0.9698 -0.0538 Time: 456790900614617
Position: 0.23 146.37 -724.68 Orientation: 0.2343 -0.0374 0.9699 -0.0539 Time: 456790996689378
Position: 0.23 146.37 -724.69 Orientation: 0.2339 -0.0375 0.97 -0.0539 Time: 456791060633141
Position: 0.23 146.37 -724.68 Orientation: 0.2341 -0.0372 0.9699 -0.0538 Time: 456791156595551
Position: 0.22 146.37 -724.69 Orientation: 0.2343 -0.0374 0.9699 -0.0539 Time: 456791220581517
Position: 0.23 146.37 -724.68 Orientation: 0.2347 -0.0374 0.9698 -0.0539 Time: 456791316689355
Position: 0.24 146.37 -724.66 Orientation: 0.2335 -0.0372 0.9701 -0.0539 Time: 456791380592626
Position: 0.23 146.37 -724.7 Orientation: 0.2343 -0.0374 0.9699 -0.0539 Time: 456791477650593
Position: 0.23 146.37 -724.66 Orientation: 0.2333 -0.0375 0.9701 -0.0539 Time: 456791541598919
Position: 0.22 146.37 -724.7 Orientation: 0.2347 -0.0376 0.9698 -0.0539 Time: 456791606683863
Position: 0.24 146.36 -724.64 Orientation: 0.2333 -0.0372 0.9701 -0.0538 Time: 456791702604641
Position: 0.23 146.37 -724.66 Orientation: 0.2338 -0.0374 0.97 -0.0539 Time: 456791798596706
Position: 0.23 146.37 -724.67 Orientation: 0.234 -0.0375 0.97 -0.0539 Time: 456791862631719
Position: 0.23 146.37 -724.65 Orientation: 0.2334 -0.0374 0.9701 -0.0539 Time: 456791926679278
Position: 0.22 146.36 -724.69 Orientation: 0.2346 -0.0374 0.9698 -0.0539 Time: 456792022601196
Position: 0.24 146.36 -724.67 Orientation: 0.2335 -0.0372 0.9701 -0.0539 Time: 456792086649325
Position: 0.23 146.37 -724.69 Orientation: 0.2343 -0.0374 0.9699 -0.0539 Time: 456792216973766
Position: 0.23 146.37 -724.68 Orientation: 0.234 -0.0375 0.9699 -0.0539 Time: 456792280590174
Position: 0.22 146.37 -724.7 Orientation: 0.2349 -0.0376 0.9697 -0.0539 Time: 456792378566902
Position: 0.23 146.37 -724.67 Orientation: 0.2338 -0.0373 0.97 -0.0538 Time: 456792442650390
Position: 0.23 146.37 -724.68 Orientation: 0.2344 -0.0376 0.9698 -0.054 Time: 456792539570343
Position: 0.24 146.37 -724.68 Orientation: 0.2338 -0.0373 0.97 -0.0539 Time: 456792603588246
Position: 0.23 146.37 -724.67 Orientation: 0.234 -0.0374 0.97 -0.0539 Time: 456792699666998
Position: 0.23 146.37 -724.69 Orientation: 0.2342 -0.0373 0.9699 -0.0539 Time: 456792764603663
Position: 0.24 146.37 -724.65 Orientation: 0.2336 -0.0374 0.9701 -0.0539 Time: 456792861590341
Position: 0.24 146.37 -724.66 Orientation: 0.2334 -0.0372 0.9701 -0.0539 Time: 456792925646455
Position: 0.23 146.37 -724.68 Orientation: 0.234 -0.0374 0.97 -0.0539 Time: 456793022593782
Position: 0.22 146.38 -724.72 Orientation: 0.2352 -0.0374 0.9697 -0.0539 Time: 456793119568484
Position: 0.23 146.37 -724.69 Orientation: 0.2345 -0.0374 0.9698 -0.0539 Time: 456793185087430
Position: 0.23 146.37 -724.66 Orientation: 0.234 -0.0372 0.97 -0.0538 Time: 456793282687757
Position: 0.22 146.37 -724.7 Orientation: 0.2344 -0.0374 0.9699 -0.0539 Time: 456793378599410
Position: 0.23 146.37 -724.68 Orientation: 0.2342 -0.0372 0.9699 -0.0538 Time: 456793445570924
Position: 0.22 146.37 -724.7 Orientation: 0.2347 -0.0372 0.9698 -0.0538 Time: 456793541658230
Position: 0.23 146.37 -724.67 Orientation: 0.2337 -0.0374 0.97 -0.0539 Time: 456793605536979
Position: 0.23 146.37 -724.66 Orientation: 0.2339 -0.0373 0.97 -0.0538 Time: 456793701560982
Position: 0.23 146.37 -724.68 Orientation: 0.2339 -0.0375 0.97 -0.0539 Time: 456793765633634
Position: 0.23 146.38 -724.7 Orientation: 0.2346 -0.0374 0.9698 -0.0539 Time: 456793861576654
Position: 0.22 146.37 -724.69 Orientation: 0.2348 -0.0375 0.9698 -0.0539 Time: 456793958615230
Position: 0.22 146.37 -724.68 Orientation: 0.2347 -0.0377 0.9698 -0.0539 Time: 456794023619761
Position: 0.23 146.37 -724.7 Orientation: 0.2342 -0.0375 0.9699 -0.0539 Time: 456794120549979
Position: 0.23 146.37 -724.68 Orientation: 0.2341 -0.0373 0.9699 -0.0539 Time: 456794185581314
Position: 0.23 146.37 -724.68 Orientation: 0.2342 -0.0376 0.9699 -0.0539 Time: 456794281675465
Position: 0.22 146.37 -724.69 Orientation: 0.2346 -0.0374 0.9698 -0.0538 Time: 456794378563480
Position: 0.23 146.37 -724.69 Orientation: 0.2343 -0.0375 0.9699 -0.0539 Time: 456794475592361
Position: 0.24 146.37 -724.65 Orientation: 0.2331 -0.0372 0.9702 -0.0539 Time: 456794539558367
Position: 0.22 146.37 -724.69 Orientation: 0.2347 -0.0376 0.9698 -0.0539 Time: 456794636550178
Position: 0.23 146.37 -724.68 Orientation: 0.2345 -0.0374 0.9698 -0.0539 Time: 456794700589182
Position: 0.23 146.37 -724.66 Orientation: 0.2339 -0.0377 0.97 -0.0539 Time: 456794797596391
Position: 0.22 146.36 -724.67 Orientation: 0.2343 -0.0378 0.9699 -0.054 Time: 456794861611443
Position: 0.23 146.37 -724.68 Orientation: 0.2342 -0.0375 0.9699 -0.0539 Time: 456794925663564
Position: 0.23 146.37 -724.67 Orientation: 0.2337 -0.0375 0.97 -0.0539 Time: 456795021599170
Position: 0.21 146.37 -724.7 Orientation: 0.2351 -0.0375 0.9697 -0.0539 Time: 456795117596939
Position: 0.22 146.37 -724.68 Orientation: 0.235 -0.0376 0.9697 -0.0539 Time: 456795181554960
Position: 0.23 146.37 -724.67 Orientation: 0.2337 -0.0376 0.97 -0.0539 Time: 456795278571864
Position: 0.23 146.36 -724.66 Orientation: 0.2342 -0.0371 0.9699 -0.0538 Time: 456795346545974
Position: 0.23 146.37 -724.69 Orientation: 0.2344 -0.0373 0.9699 -0.0538 Time: 456795443600519
Position: 0.22 146.37 -724.7 Orientation: 0.2343 -0.0374 0.9699 -0.0539 Time: 456795508568550
Position: 0.23 146.37 -724.69 Orientation: 0.2343 -0.0375 0.9699 -0.0539 Time: 456795606579497
Position: 0.23 146.37 -724.68 Orientation: 0.2345 -0.0374 0.9698 -0.0539 Time: 456795671588020
Position: 0.23 146.37 -724.67 Orientation: 0.2337 -0.0374 0.97 -0.0539 Time: 456795768542191
Position: 0.23 146.37 -724.68 Orientation: 0.2341 -0.0372 0.9699 -0.0538 Time: 456795832873192
Position: 0.23 146.37 -724.67 Orientation: 0.2339 -0.0373 0.97 -0.0539 Time: 456795928610331
Position: 0.23 146.37 -724.68 Orientation: 0.234 -0.0372 0.97 -0.0539 Time: 456795993546425
Position: 0.24 146.37 -724.67 Orientation: 0.2336 -0.0373 0.9701 -0.0539 Time: 456796089506554
Position: 0.23 146.37 -724.69 Orientation: 0.2346 -0.0375 0.9698 -0.0539 Time: 456796154643396
Position: 0.22 146.37 -724.68 Orientation: 0.2345 -0.0376 0.9698 -0.0539 Time: 456796254587677
Position: 0.23 146.37 -724.66 Orientation: 0.2336 -0.0372 0.9701 -0.0539 Time: 456796319548865
Position: 0.22 146.38 -724.69 Orientation: 0.2344 -0.0372 0.9699 -0.0539 Time: 456796418581228
Position: 0.23 146.38 -724.7 Orientation: 0.2347 -0.0375 0.9698 -0.0539 Time: 456796483549830
Position: 0.23 146.37 -724.69 Orientation: 0.2341 -0.0374 0.9699 -0.0539 Time: 456796549536427
Position: 0.23 146.37 -724.68 Orientation: 0.2338 -0.0373 0.97 -0.0539 Time: 456796648541415
Position: 0.22 146.37 -724.7 Orientation: 0.2348 -0.0374 0.9698 -0.0539 Time: 456796714512043
Position: 0.22 146.37 -724.69 Orientation: 0.2347 -0.0376 0.9698 -0.0539 Time: 456796813505056
Position: 0.22 146.37 -724.69 Orientation: 0.2346 -0.0371 0.9698 -0.0538 Time: 456796879543550
Position: 0.22 146.37 -724.67 Orientation: 0.2347 -0.0374 0.9698 -0.0539 Time: 456796945483952
Position: 0.23 146.37 -724.67 Orientation: 0.2343 -0.0375 0.9699 -0.0538 Time: 456797044563650
Position: 0.22 146.37 -724.71 Orientation: 0.2347 -0.0375 0.9698 -0.0539 Time: 456797110545114
Position: 0.23 146.37 -724.69 Orientation: 0.234 -0.0374 0.97 -0.0539 Time: 456797209568923
Position: 0.22 146.37 -724.69 Orientation: 0.2348 -0.0376 0.9698 -0.0539 Time: 456797275513317
Position: 0.22 146.36 -724.68 Orientation: 0.2345 -0.0375 0.9698 -0.0539 Time: 456797376571975
Position: 0.23 146.37 -724.68 Orientation: 0.2343 -0.0375 0.9699 -0.0539 Time: 456797442530056
