Position: 92.94 -219.92 -737.29 Orientation: 0.2059 -0.0802 0.9674 -0.1236 Time: 454900281538592
Position: -2.97 -191.61 -737.98 Orientation: 0.2325 -0.0376 0.9698 -0.063 Time: 454900347480705
Position: -2.96 -191.6 -737.97 Orientation: 0.2318 -0.0376 0.9699 -0.0631 Time: 454900413503231
Position: -2.95 -191.61 -737.98 Orientation: 0.2317 -0.0376 0.9699 -0.0631 Time: 454900512536734
Position: -2.96 -191.61 -737.97 Orientation: 0.2316 -0.0377 0.97 -0.0631 Time: 454900610498064
Position: -2.96 -191.61 -737.96 Orientation: 0.2319 -0.0374 0.9699 -0.0631 Time: 454900675546509
Position: -2.95 -191.6 -737.94 Orientation: 0.2311 -0.0377 0.9701 -0.0631 Time: 454900741594128
Position: -2.96 -191.61 -737.96 Orientation: 0.2317 -0.0376 0.97 -0.0631 Time: 454900840588851
Position: -2.97 -191.61 -737.99 Orientation: 0.2323 -0.0379 0.9698 -0.0631 Time: 454900906567463
Position: -2.96 -191.6 -737.96 Orientation: 0.2321 -0.0374 0.9699 -0.063 Time: 454900972518131
Position: -2.95 -191.62 -737.97 Orientation: 0.2307 -0.0374 0.9702 -0.0631 Time: 454901071549353
Position: -2.95 -191.61 -737.95 Orientation: 0.2311 -0.0375 0.9701 -0.0631 Time: 454901137482341
Position: -2.98 -191.61 -738 Orientation: 0.2328 -0.0378 0.9697 -0.0631 Time: 454901236531814
Position: -2.95 -191.61 -737.96 Orientation: 0.2313 -0.0377 0.97 -0.0631 Time: 454901303550663
Position: -2.97 -191.61 -737.98 Orientation: 0.2325 -0.0375 0.9698 -0.0631 Time: 454901368491320
Position: -2.96 -191.61 -737.97 Orientation: 0.2316 -0.0377 0.97 -0.0631 Time: 454901465507084
Position: -2.95 -191.61 -737.95 Orientation: 0.2307 -0.0375 0.9702 -0.0631 Time: 454901530523021
Position: -2.96 -191.61 -737.97 Orientation: 0.2318 -0.0377 0.9699 -0.0631 Time: 454901628572178
Position: -2.95 -191.62 -737.98 Orientation: 0.2312 -0.0375 0.9701 -0.0631 Time: 454901694542806
Position: -2.96 -191.61 -737.98 Orientation: 0.2322 -0.0377 0.9698 -0.0631 Time: 454901759519392
Position: -2.96 -191.61 -737.97 Orientation: 0.2318 -0.0375 0.9699 -0.0631 Time: 454901857442511
Position: -2.95 -191.61 -737.95 Orientation: 0.2309 -0.0377 0.9701 -0.0631 Time: 454901923442795
Position: -2.96 -191.61 -737.97 Orientation: 0.2318 -0.0375 0.9699 -0.0631 Time: 454901989500110
Position: -2.96 -191.61 -737.96 Orientation: 0.2316 -0.0374 0.97 -0.063 Time: 454902088487989
Position: -2.96 -191.61 -737.98 Orientation: 0.2321 -0.0374 0.9699 -0.063 Time: 454902154459188
Position: -2.96 -191.61 -737.97 Orientation: 0.2315 -0.0375 0.97 -0.0631 Time: 454902219499078
Position: -2.97 -191.62 -738.01 Orientation: 0.2324 -0.0375 0.9698 -0.063 Time: 454902285514760
Position: -2.97 -191.61 -737.97 Orientation: 0.2324 -0.0377 0.9698 -0.0631 Time: 454902383437879
Position: -2.96 -191.61 -737.96 Orientation: 0.2315 -0.0375 0.97 -0.0631 Time: 454902448449824
Position: -2.96 -191.61 -737.99 Orientation: 0.2321 -0.0378 0.9698 -0.0631 Time: 454902514463225
Position: -2.96 -191.61 -737.97 Orientation: 0.2317 -0.0375 0.97 -0.0631 Time: 454902611538301
Position: -2.96 -191.61 -737.99 Orientation: 0.2321 -0.0378 0.9698 -0.0631 Time: 454902676480098
Position: -2.95 -191.61 -737.97 Orientation: 0.2316 -0.0375 0.97 -0.0631 Time: 454902742460422
Position: -2.95 -191.61 -737.96 Orientation: 0.2314 -0.0376 0.97 -0.0631 Time: 454902841483090
Position: -2.95 -191.61 -737.95 Orientation: 0.231 -0.0376 0.9701 -0.0631 Time: 454902907566638
Position: -2.96 -191.61 -737.98 Orientation: 0.2321 -0.0377 0.9698 -0.0631 Time: 454903006463839
Position: -2.96 -191.61 -737.96 Orientation: 0.2314 -0.0376 0.97 -0.0631 Time: 454903072510888
Position: -2.95 -191.61 -737.94 Orientation: 0.2307 -0.0375 0.9702 -0.0631 Time: 454903136455792
Position: -2.95 -191.61 -737.97 Orientation: 0.2312 -0.0376 0.9701 -0.0631 Time: 454903233400838
Position: -2.95 -191.61 -737.96 Orientation: 0.231 -0.0375 0.9701 -0.0631 Time: 454903298432744
Position: -2.96 -191.61 -737.97 Orientation: 0.2314 -0.0375 0.97 -0.0631 Time: 454903363459517
Position: -2.96 -191.61 -737.98 Orientation: 0.2321 -0.0376 0.9698 -0.0631 Time: 454903460442203
Position: -2.95 -191.61 -737.94 Orientation: 0.2303 -0.0377 0.9703 -0.0631 Time: 454903525454718
Position: -2.95 -191.61 -737.95 Orientation: 0.2313 -0.0375 0.97 -0.0631 Time: 454903590472366
Position: -2.96 -191.61 -737.97 Orientation: 0.2317 -0.0378 0.9699 -0.0631 Time: 454903686472987
Position: -2.95 -191.61 -737.97 Orientation: 0.2312 -0.0375 0.9701 -0.0631 Time: 454903751472385
Position: -2.97 -191.6 -737.95 Orientation: 0.2318 -0.0376 0.9699 -0.0631 Time: 454903848419712
Position: -2.95 -191.61 -737.96 Orientation: 0.2309 -0.0375 0.9701 -0.0631 Time: 454903912564793
Position: -2.96 -191.61 -737.98 Orientation: 0.2318 -0.0378 0.9699 -0.0631 Time: 454903978461282
Position: -2.95 -191.61 -737.95 Orientation: 0.2307 -0.0376 0.9702 -0.0631 Time: 454904075474764
Position: -2.95 -191.61 -737.96 Orientation: 0.2308 -0.0376 0.9702 -0.0631 Time: 454904140526631
Position: -2.96 -191.6 -737.97 Orientation: 0.2316 -0.0378 0.9699 -0.0631 Time: 454904204451574
Position: -2.97 -191.61 -738 Orientation: 0.2324 -0.0374 0.9698 -0.063 Time: 454904301406315
Position: -2.95 -191.61 -737.95 Orientation: 0.2308 -0.0376 0.9701 -0.0632 Time: 454904366499814
Position: -2.96 -191.61 -737.95 Orientation: 0.2316 -0.0374 0.97 -0.0631 Time: 454904431464994
Position: -2.96 -191.6 -737.97 Orientation: 0.2324 -0.0377 0.9698 -0.0631 Time: 454904528558889
Position: -2.95 -191.6 -737.95 Orientation: 0.2312 -0.0377 0.9701 -0.0631 Time: 454904593465328
Position: -2.96 -191.61 -737.96 Orientation: 0.2316 -0.0376 0.97 -0.0631 Time: 454904657519160
Position: -2.96 -191.6 -737.96 Orientation: 0.2321 -0.0378 0.9698 -0.0631 Time: 454904753430813
Position: -2.96 -191.61 -737.97 Orientation: 0.2319 -0.0375 0.9699 -0.0631 Time: 454904818450172
Position: -2.96 -191.61 -737.95 Orientation: 0.2314 -0.0377 0.97 -0.0631 Time: 454904914486722
Position: -2.96 -191.61 -737.97 Orientation: 0.2316 -0.0376 0.97 -0.0631 Time: 454904979545432
Position: -2.94 -191.61 -737.91 Orientation: 0.2299 -0.0372 0.9704 -0.0631 Time: 454905045625559
Position: -2.95 -191.61 -737.96 Orientation: 0.2309 -0.0378 0.9701 -0.0632 Time: 454905143520163
Position: -2.96 -191.61 -737.95 Orientation: 0.232 -0.0375 0.9699 -0.0631 Time: 454905208483062
Position: -2.96 -191.61 -737.97 Orientation: 0.2316 -0.0376 0.97 -0.0631 Time: 454905272507238
Position: -2.95 -191.6 -737.93 Orientation: 0.2308 -0.0377 0.9701 -0.0631 Time: 454905368502726
Position: -2.96 -191.6 -737.97 Orientation: 0.2318 -0.0377 0.9699 -0.0631 Time: 454905432417404
Position: -2.96 -191.61 -737.96 Orientation: 0.2313 -0.0376 0.97 -0.0631 Time: 454905528522390
Position: -2.96 -191.61 -737.99 Orientation: 0.2317 -0.0378 0.9699 -0.0632 Time: 454905592401139
Position: -2.95 -191.61 -737.94 Orientation: 0.2308 -0.0376 0.9702 -0.0631 Time: 454905657433615
Position: -2.96 -191.61 -737.99 Orientation: 0.2321 -0.0377 0.9698 -0.0631 Time: 454905753442790
Position: -2.96 -191.61 -737.99 Orientation: 0.2315 -0.0378 0.97 -0.0632 Time: 454905817456130
Position: -2.96 -191.61 -737.97 Orientation: 0.2313 -0.0375 0.97 -0.0631 Time: 454905913446485
Position: -2.96 -191.61 -737.97 Orientation: 0.2316 -0.0377 0.97 -0.0631 Time: 454905978454438
Position: -2.96 -191.6 -737.96 Orientation: 0.2317 -0.0376 0.9699 -0.0631 Time: 454906043435016
Position: -2.96 -191.6 -737.97 Orientation: 0.2316 -0.0375 0.97 -0.0631 Time: 454906139402559
Position: -2.96 -191.61 -737.96 Orientation: 0.2316 -0.0376 0.97 -0.0631 Time: 454906203492321
Position: -2.96 -191.61 -737.96 Orientation: 0.2314 -0.0376 0.97 -0.0631 Time: 454906299382302
Position: -2.96 -191.61 -737.97 Orientation: 0.2313 -0.0376 0.97 -0.0631 Time: 454906363408189
Position: -2.96 -191.61 -737.98 Orientation: 0.2313 -0.0376 0.97 -0.0631 Time: 454906428994432
Position: -2.95 -191.61 -737.97 Orientation: 0.2312 -0.0376 0.9701 -0.0631 Time: 454906525434187
Position: -2.95 -191.61 -737.97 Orientation: 0.2313 -0.0376 0.97 -0.0632 Time: 454906589385935
Position: -2.96 -191.61 -737.96 Orientation: 0.2317 -0.0377 0.9699 -0.0631 Time: 454906654392177
Position: -2.97 -191.61 -737.99 Orientation: 0.232 -0.0377 0.9699 -0.0631 Time: 454906750431008
Position: -2.97 -191.61 -737.99 Orientation: 0.2327 -0.0376 0.9697 -0.0631 Time: 454906814408989
Position: -2.96 -191.6 -737.94 Orientation: 0.231 -0.0378 0.9701 -0.0631 Time: 454906910398204
Position: -2.95 -191.61 -737.96 Orientation: 0.231 -0.0375 0.9701 -0.0631 Time: 454906974409833
Position: -2.94 -191.61 -737.93 Orientation: 0.2301 -0.0373 0.9703 -0.0631 Time: 454907071346325
Position: -2.96 -191.61 -737.95 Orientation: 0.2316 -0.0377 0.97 -0.0631 Time: 454907135380767
Position: -2.95 -191.61 -737.96 Orientation: 0.2315 -0.0375 0.97 -0.0631 Time: 454907199386693
Position: -2.96 -191.61 -737.97 Orientation: 0.2314 -0.0376 0.97 -0.0631 Time: 454907295482555
Position: -2.97 -191.61 -737.98 Orientation: 0.2318 -0.0376 0.9699 -0.0631 Time: 454907359450841
Position: -2.95 -191.61 -737.93 Orientation: 0.2306 -0.0374 0.9702 -0.0631 Time: 454907424413740
Position: -2.96 -191.6 -737.95 Orientation: 0.2315 -0.0375 0.97 -0.0631 Time: 454907520403525
Position: -2.95 -191.61 -737.97 Orientation: 0.2309 -0.0377 0.9701 -0.0631 Time: 454907584375803
Position: -2.95 -191.61 -737.96 Orientation: 0.231 -0.0377 0.9701 -0.0631 Time: 454907680424329
Position: -2.97 -191.61 -737.97 Orientation: 0.232 -0.0375 0.9699 -0.063 Time: 454907744351554
Position: -2.96 -191.61 -737.98 Orientation: 0.2314 -0.0376 0.97 -0.0631 Time: 454907840417189
Position: -2.96 -191.61 -737.97 Orientation: 0.2315 -0.0377 0.97 -0.0632 Time: 454907904331867
Position: -2.95 -191.61 -737.93 Orientation: 0.231 -0.0374 0.9701 -0.0631 Time: 454907968474097
Position: -2.95 -191.6 -737.94 Orientation: 0.2309 -0.0376 0.9701 -0.0631 Time: 454908064436507
Position: -2.95 -191.61 -737.96 Orientation: 0.2311 -0.0375 0.9701 -0.0631 Time: 454908128432738
Position: -2.96 -191.61 -737.97 Orientation: 0.2318 -0.0377 0.9699 -0.0631 Time: 454908224382031
Position: -2.96 -191.6 -737.93 Orientation: 0.2313 -0.0374 0.97 -0.063 Time: 454908288352028
Position: -2.96 -191.61 -737.97 Orientation: 0.2318 -0.0375 0.9699 -0.0631 Time: 454908352383619
Position: -2.95 -191.61 -737.93 Orientation: 0.2306 -0.0375 0.9702 -0.0631 Time: 454908448456668
Position: -2.96 -191.61 -737.97 Orientation: 0.232 -0.0376 0.9699 -0.0631 Time: 454908512467727
Position: -2.95 -191.61 -737.98 Orientation: 0.2309 -0.0377 0.9701 -0.0631 Time: 454908576332218
Position: -2.95 -191.61 -737.96 Orientation: 0.231 -0.0375 0.9701 -0.0631 Time: 454908672418385
Position: -2.96 -191.61 -737.96 Orientation: 0.2318 -0.0376 0.9699 -0.0631 Time: 454908736382109
Position: -2.96 -191.6 -737.97 Orientation: 0.2317 -0.0379 0.9699 -0.0632 Time: 454908832341667
Position: -2.97 -191.61 -737.97 Orientation: 0.2321 -0.0374 0.9699 -0.0631 Time: 454908896375539
Position: -2.96 -191.61 -737.98 Orientation: 0.232 -0.0377 0.9699 -0.0631 Time: 454908993367920
Position: -2.96 -191.61 -737.97 Orientation: 0.2315 -0.0376 0.97 -0.0631 Time: 454909057390956
Position: -2.96 -191.6 -737.95 Orientation: 0.2319 -0.0377 0.9699 -0.0631 Time: 454909121352969
Position: -2.95 -191.61 -737.94 Orientation: 0.2313 -0.0374 0.9701 -0.0631 Time: 454909217370128
Position: -2.97 -191.61 -738.01 Orientation: 0.2323 -0.0378 0.9698 -0.0631 Time: 454909281380617
Position: -2.97 -191.61 -737.98 Orientation: 0.2325 -0.0377 0.9697 -0.0631 Time: 454909377396636
Position: -2.96 -191.6 -737.95 Orientation: 0.2314 -0.0376 0.97 -0.0631 Time: 454909441450468
Position: -2.94 -191.61 -737.93 Orientation: 0.2303 -0.0376 0.9703 -0.0632 Time: 454909505333209
Position: -2.96 -191.6 -737.97 Orientation: 0.2315 -0.0377 0.97 -0.0631 Time: 454909601365196
Position: -2.96 -191.61 -737.96 Orientation: 0.232 -0.0375 0.9699 -0.0631 Time: 454909665393365
Position: -2.96 -191.6 -737.98 Orientation: 0.2322 -0.0378 0.9698 -0.0631 Time: 454909761398548
Position: -2.96 -191.6 -737.95 Orientation: 0.2325 -0.0374 0.9698 -0.0631 Time: 454909825382232
Position: -2.96 -191.61 -737.98 Orientation: 0.232 -0.0377 0.9699 -0.0631 Time: 454909889427510
Position: -2.97 -191.61 -737.99 Orientation: 0.2323 -0.0378 0.9698 -0.0632 Time: 454909985342014
Position: -2.97 -191.6 -737.97 Orientation: 0.2322 -0.0377 0.9698 -0.0631 Time: 454910049329691
Position: -2.97 -191.61 -738.01 Orientation: 0.2326 -0.0378 0.9697 -0.0631 Time: 454910145420420
Position: -2.97 -191.61 -737.98 Orientation: 0.232 -0.0377 0.9699 -0.0631 Time: 454910209362472
Position: -2.97 -191.61 -738 Orientation: 0.2326 -0.0377 0.9697 -0.0631 Time: 454910273371821
Position: -2.96 -191.61 -737.98 Orientation: 0.2318 -0.0377 0.9699 -0.0631 Time: 454910369404949
Position: -2.97 -191.6 -737.96 Orientation: 0.2322 -0.0377 0.9698 -0.063 Time: 454910433420571
Position: -2.96 -191.61 -737.98 Orientation: 0.2316 -0.0376 0.97 -0.0631 Time: 454910497384295
Position: -2.97 -191.6 -737.97 Orientation: 0.2323 -0.0378 0.9698 -0.0631 Time: 454910593382064
Position: -2.96 -191.6 -737.98 Orientation: 0.2319 -0.0377 0.9699 -0.0631 Time: 454910657400537
Position: -2.96 -191.61 -737.97 Orientation: 0.2317 -0.0377 0.9699 -0.0631 Time: 454910753344127
Position: -2.96 -191.61 -737.96 Orientation: 0.2316 -0.0376 0.97 -0.0631 Time: 454910817302148
Position: -2.97 -191.61 -737.99 Orientation: 0.2327 -0.0377 0.9697 -0.0631 Time: 454910881407878
Position: -2.97 -191.61 -737.99 Orientation: 0.232 -0.0377 0.9699 -0.0631 Time: 454910977320671
Position: -2.95 -191.61 -737.96 Orientation: 0.2312 -0.0375 0.9701 -0.0631 Time: 454911041399027
Position: -2.96 -191.61 -737.95 Orientation: 0.2314 -0.0376 0.97 -0.0631 Time: 454911137360296
Position: -2.96 -191.61 -737.96 Orientation: 0.2316 -0.0376 0.97 -0.0631 Time: 454911201326872
Position: -2.96 -191.61 -737.96 Orientation: 0.2314 -0.0376 0.97 -0.0631 Time: 454911265333939
Position: -2.96 -191.6 -737.96 Orientation: 0.2317 -0.0378 0.9699 -0.0631 Time: 454911361420105
Position: -2.96 -191.6 -737.98 Orientation: 0.2321 -0.0379 0.9698 -0.0632 Time: 454911425313111
Position: -2.97 -191.61 -737.99 Orientation: 0.2323 -0.0375 0.9698 -0.063 Time: 454911489360670
Position: -2.95 -191.61 -737.96 Orientation: 0.2308 -0.0376 0.9702 -0.0631 Time: 454911585365283
Position: -2.95 -191.61 -737.95 Orientation: 0.2309 -0.0378 0.9701 -0.0632 Time: 454911649307335
Position: -2.95 -191.61 -737.95 Orientation: 0.2311 -0.0375 0.9701 -0.0631 Time: 454911745444259
Position: -2.95 -191.61 -737.96 Orientation: 0.2309 -0.0376 0.9701 -0.0631 Time: 454911809362358
Position: -2.96 -191.61 -737.97 Orientation: 0.2315 -0.0375 0.97 -0.0631 Time: 454911906381544
Position: -2.94 -191.61 -737.93 Orientation: 0.2303 -0.0375 0.9703 -0.0631 Time: 454911970409712
Position: -2.96 -191.61 -737.97 Orientation: 0.2314 -0.0375 0.97 -0.0631 Time: 454912034421342
Position: -2.96 -191.61 -737.96 Orientation: 0.2316 -0.0375 0.97 -0.0631 Time: 454912130380901
Position: -2.97 -191.62 -738.01 Orientation: 0.2326 -0.0376 0.9697 -0.063 Time: 454912194358312
Position: -2.94 -191.61 -737.94 Orientation: 0.2303 -0.0372 0.9703 -0.0631 Time: 454912258372223
Position: -2.95 -191.61 -737.97 Orientation: 0.2306 -0.0375 0.9702 -0.0631 Time: 454912354385960
Position: -2.97 -191.61 -737.97 Orientation: 0.2319 -0.0377 0.9699 -0.0631 Time: 454912418320599
Position: -2.96 -191.6 -737.94 Orientation: 0.2315 -0.0376 0.97 -0.0631 Time: 454912514374258
Position: -2.95 -191.6 -737.92 Orientation: 0.2308 -0.0373 0.9702 -0.0631 Time: 454912578428090
Position: -2.95 -191.6 -737.9 Orientation: 0.2305 -0.0373 0.9702 -0.0631 Time: 454912642329651
Position: -2.96 -191.6 -737.98 Orientation: 0.232 -0.0377 0.9699 -0.0631 Time: 454912739357391
Position: -2.96 -191.6 -737.97 Orientation: 0.2316 -0.0379 0.97 -0.0632 Time: 454912804357360
Position: -2.96 -191.61 -737.95 Orientation: 0.2313 -0.0373 0.9701 -0.0631 Time: 454912900316918
Position: -2.95 -191.61 -737.95 Orientation: 0.2305 -0.0376 0.9702 -0.0631 Time: 454912964377594
Position: -2.97 -191.6 -737.99 Orientation: 0.2325 -0.0378 0.9697 -0.0631 Time: 454913028414887
Position: -2.96 -191.61 -737.98 Orientation: 0.2319 -0.0377 0.9699 -0.0631 Time: 454913124321978
Position: -2.96 -191.61 -737.99 Orientation: 0.2319 -0.0378 0.9699 -0.0631 Time: 454913188391208
Position: -2.97 -191.6 -737.98 Orientation: 0.2323 -0.0377 0.9698 -0.0631 Time: 454913252350940
Position: -2.96 -191.61 -737.97 Orientation: 0.2316 -0.0377 0.97 -0.0631 Time: 454913348373803
Position: -2.94 -191.61 -737.94 Orientation: 0.2303 -0.0374 0.9703 -0.0631 Time: 454913412357487
Position: -2.97 -191.61 -737.98 Orientation: 0.2323 -0.0375 0.9698 -0.0631 Time: 454913508333014
Position: -2.95 -191.61 -737.95 Orientation: 0.2311 -0.0375 0.9701 -0.0631 Time: 454913572324113
Position: -2.96 -191.6 -737.97 Orientation: 0.2315 -0.0377 0.97 -0.0631 Time: 454913636308938
Position: -2.96 -191.61 -737.99 Orientation: 0.2317 -0.0376 0.9699 -0.0631 Time: 454913732311840
Position: -2.97 -191.61 -738.01 Orientation: 0.2327 -0.0379 0.9697 -0.0632 Time: 454913796334306
Position: -2.96 -191.61 -737.99 Orientation: 0.2315 -0.0377 0.97 -0.0631 Time: 454913892350895
Position: -2.95 -191.61 -737.95 Orientation: 0.2311 -0.0375 0.9701 -0.0631 Time: 454913956316330
Position: -2.96 -191.61 -737.96 Orientation: 0.2308 -0.0376 0.9702 -0.0631 Time: 454914020364459
Position: -2.96 -191.61 -737.95 Orientation: 0.2317 -0.0374 0.97 -0.063 Time: 454914116306338
Position: -2.97 -191.61 -737.99 Orientation: 0.2321 -0.0375 0.9698 -0.0631 Time: 454914180335647
Position: -2.96 -191.61 -738 Orientation: 0.2319 -0.0376 0.9699 -0.0631 Time: 454914244297660
Position: -2.96 -191.61 -737.97 Orientation: 0.2311 -0.0375 0.9701 -0.0631 Time: 454914340279460
Position: -2.96 -191.61 -737.97 Orientation: 0.2311 -0.0375 0.9701 -0.0631 Time: 454914405321632
Position: -2.95 -191.61 -737.94 Orientation: 0.2312 -0.0374 0.9701 -0.063 Time: 454914501338791
Position: -2.97 -191.62 -738 Orientation: 0.2321 -0.0372 0.9699 -0.063 Time: 454914565335593
Position: -2.96 -191.61 -737.97 Orientation: 0.2314 -0.0376 0.97 -0.0631 Time: 454914629352925
Position: -2.95 -191.61 -737.96 Orientation: 0.2308 -0.0376 0.9702 -0.0631 Time: 454914693267603
Position: -2.96 -191.61 -737.96 Orientation: 0.2315 -0.0379 0.97 -0.0632 Time: 454914789296739
Position: -2.96 -191.61 -737.96 Orientation: 0.2314 -0.0378 0.97 -0.0631 Time: 454914853288408
Position: -2.96 -191.61 -737.99 Orientation: 0.2321 -0.0375 0.9699 -0.0631 Time: 454914917291483
Position: -2.97 -191.61 -737.99 Orientation: 0.2325 -0.0375 0.9698 -0.0631 Time: 454915013422703
Position: -2.97 -191.61 -737.97 Orientation: 0.2321 -0.0377 0.9698 -0.0631 Time: 454915077331678
Position: -2.95 -191.6 -737.96 Orientation: 0.2314 -0.0376 0.97 -0.0631 Time: 454915142306553
Position: -2.97 -191.61 -737.98 Orientation: 0.2318 -0.0373 0.9699 -0.0631 Time: 454915238258698
Position: -2.95 -191.61 -737.94 Orientation: 0.2313 -0.0374 0.97 -0.0631 Time: 454915302248086
Position: -2.96 -191.6 -737.95 Orientation: 0.2317 -0.0374 0.97 -0.0631 Time: 454915398305166
Position: -2.96 -191.61 -737.97 Orientation: 0.2312 -0.0375 0.9701 -0.0631 Time: 454915462361850
Position: -2.96 -191.61 -737.98 Orientation: 0.232 -0.0377 0.9699 -0.0631 Time: 454915526289645
Position: -2.96 -191.61 -737.97 Orientation: 0.2316 -0.0377 0.97 -0.0631 Time: 454915622400905
Position: -2.96 -191.61 -737.97 Orientation: 0.2315 -0.0378 0.97 -0.0632 Time: 454915686324137
Position: -2.96 -191.61 -737.98 Orientation: 0.2317 -0.0379 0.9699 -0.0631 Time: 454915750259346
Position: -2.96 -191.61 -737.97 Orientation: 0.2312 -0.0377 0.97 -0.0631 Time: 454915846282208
Position: -2.96 -191.61 -737.97 Orientation: 0.2319 -0.0377 0.9699 -0.0631 Time: 454915910321783
Position: -2.96 -191.61 -737.94 Orientation: 0.2313 -0.0375 0.9701 -0.0631 Time: 454916006269365
Position: -2.96 -191.61 -737.97 Orientation: 0.2318 -0.0375 0.9699 -0.0631 Time: 454916070275862
Position: -2.96 -191.61 -737.97 Orientation: 0.2314 -0.0377 0.97 -0.0631 Time: 454916166318115
Position: -2.95 -191.61 -737.96 Orientation: 0.2311 -0.0376 0.9701 -0.0631 Time: 454916230252753
Position: -2.95 -191.61 -737.96 Orientation: 0.2309 -0.0376 0.9701 -0.0631 Time: 454916294297460
Position: -2.96 -191.62 -737.98 Orientation: 0.2311 -0.0378 0.9701 -0.0632 Time: 454916390361385
Position: -2.97 -191.61 -737.97 Orientation: 0.2319 -0.0375 0.9699 -0.0631 Time: 454916454285758
Position: -2.97 -191.6 -737.97 Orientation: 0.2324 -0.0375 0.9698 -0.063 Time: 454916550274972
Position: -2.96 -191.61 -737.97 Orientation: 0.231 -0.0375 0.9701 -0.0631 Time: 454916614337929
Position: -2.96 -191.61 -737.98 Orientation: 0.2317 -0.0375 0.97 -0.0631 Time: 454916679003699
Position: -2.96 -191.6 -737.96 Orientation: 0.2315 -0.0378 0.97 -0.0631 Time: 454916775276355
Position: -2.95 -191.61 -737.96 Orientation: 0.231 -0.0377 0.9701 -0.0631 Time: 454916839278290
Position: -2.96 -191.61 -737.96 Orientation: 0.2312 -0.0376 0.9701 -0.0631 Time: 454916903251139
Position: -2.97 -191.61 -737.99 Orientation: 0.2319 -0.0377 0.9699 -0.0631 Time: 454917000213294
Position: -2.95 -191.61 -737.94 Orientation: 0.2311 -0.0375 0.9701 -0.0631 Time: 454917065230942
Position: -2.96 -191.61 -737.97 Orientation: 0.2314 -0.0375 0.97 -0.0631 Time: 454917129282493
Position: -2.96 -191.61 -737.98 Orientation: 0.2319 -0.0376 0.9699 -0.0631 Time: 454917194287594
Position: -2.95 -191.61 -737.96 Orientation: 0.231 -0.0375 0.9701 -0.0631 Time: 454917293237833
Position: -2.96 -191.6 -737.97 Orientation: 0.2321 -0.0377 0.9698 -0.0631 Time: 454917359303702
Position: -2.96 -191.61 -737.98 Orientation: 0.2315 -0.0376 0.97 -0.0631 Time: 454917422235174
Position: -2.97 -191.6 -738 Orientation: 0.2329 -0.0379 0.9696 -0.0631 Time: 454917488360925
Position: -2.96 -191.6 -737.93 Orientation: 0.2316 -0.0375 0.97 -0.0631 Time: 454917586236139
Position: -2.96 -191.61 -737.96 Orientation: 0.2319 -0.0376 0.9699 -0.0631 Time: 454917652244407
Position: -2.97 -191.61 -738 Orientation: 0.2323 -0.0378 0.9698 -0.0631 Time: 454917718315409
Position: -2.96 -191.61 -737.96 Orientation: 0.232 -0.0376 0.9699 -0.0631 Time: 454917783234394
Position: -2.97 -191.6 -737.97 Orientation: 0.2318 -0.038 0.9699 -0.0631 Time: 454917849263764
Position: -2.96 -191.61 -737.96 Orientation: 0.2312 -0.0374 0.9701 -0.0631 Time: 454917915269181
Position: -2.96 -191.6 -737.93 Orientation: 0.2313 -0.0377 0.97 -0.0631 Time: 454917981255777
Position: -2.96 -191.61 -737.96 Orientation: 0.2312 -0.0373 0.9701 -0.0631 Time: 454918080301828
Position: -2.97 -191.6 -737.97 Orientation: 0.2322 -0.0379 0.9698 -0.0632 Time: 454918146259339
Position: -2.97 -191.61 -737.99 Orientation: 0.2322 -0.0376 0.9698 -0.0631 Time: 454918211310065
Position: -2.95 -191.61 -737.95 Orientation: 0.2309 -0.0374 0.9701 -0.0631 Time: 454918276322010
Position: -2.95 -191.6 -737.93 Orientation: 0.2308 -0.0375 0.9702 -0.0631 Time: 454918342253287
Position: -2.95 -191.6 -737.94 Orientation: 0.2312 -0.0377 0.9701 -0.0632 Time: 454918408267829
Position: -2.96 -191.6 -737.95 Orientation: 0.2316 -0.0376 0.97 -0.0631 Time: 454918507206091
Position: -2.95 -191.61 -737.94 Orientation: 0.2305 -0.0375 0.9702 -0.0631 Time: 454918572267083
Position: -2.96 -191.61 -737.96 Orientation: 0.2315 -0.0376 0.97 -0.0631 Time: 454918638223453
Position: -2.96 -191.61 -737.95 Orientation: 0.2313 -0.0377 0.97 -0.0631 Time: 454918703231976
Position: -2.96 -191.61 -738 Orientation: 0.232 -0.0377 0.9699 -0.0631 Time: 454918769256213
Position: -2.96 -191.61 -737.98 Orientation: 0.2319 -0.0375 0.9699 -0.0631 Time: 454918835240529
Position: -2.96 -191.6 -737.96 Orientation: 0.2316 -0.0377 0.97 -0.0631 Time: 454918901224274
Position: -2.96 -191.61 -737.97 Orientation: 0.2318 -0.0375 0.9699 -0.0631 Time: 454918998225780
Position: -2.96 -191.6 -737.93 Orientation: 0.2314 -0.0374 0.97 -0.063 Time: 454919062252808
Position: -2.96 -191.6 -737.95 Orientation: 0.231 -0.0376 0.9701 -0.0631 Time: 454919128243397
Position: -2.95 -191.61 -737.94 Orientation: 0.2304 -0.0375 0.9703 -0.0631 Time: 454919193255912
Position: -2.97 -191.6 -737.96 Orientation: 0.2321 -0.0376 0.9698 -0.0631 Time: 454919258225084
Position: -2.97 -191.61 -737.98 Orientation: 0.232 -0.0377 0.9699 -0.0631 Time: 454919322244128
Position: -2.96 -191.61 -737.97 Orientation: 0.2315 -0.0376 0.97 -0.0631 Time: 454919420223707
Position: -2.96 -191.61 -737.98 Orientation: 0.2321 -0.0377 0.9698 -0.0631 Time: 454919486271897
Position: -2.95 -191.6 -737.95 Orientation: 0.231 -0.0375 0.9701 -0.0631 Time: 454919551230804
Position: -2.96 -191.6 -737.96 Orientation: 0.232 -0.0376 0.9699 -0.0631 Time: 454919616289514
Position: -2.96 -191.6 -737.94 Orientation: 0.2317 -0.0377 0.9699 -0.0631 Time: 454919682249876
Position: -2.96 -191.6 -737.95 Orientation: 0.2312 -0.0377 0.9701 -0.0632 Time: 454919780304166
Position: -2.95 -191.61 -737.94 Orientation: 0.2309 -0.0375 0.9701 -0.0631 Time: 454919845326947
Position: -2.97 -191.6 -737.98 Orientation: 0.2327 -0.0378 0.9697 -0.0631 Time: 454919911651735
Position: -2.96 -191.61 -737.97 Orientation: 0.2319 -0.0377 0.9699 -0.0631 Time: 454920011306301
Position: -2.95 -191.6 -737.94 Orientation: 0.2306 -0.0374 0.9702 -0.0631 Time: 454920076222435
Position: -2.97 -191.6 -737.97 Orientation: 0.2321 -0.0376 0.9699 -0.0631 Time: 454920172196251
Position: -2.97 -191.61 -738 Orientation: 0.2322 -0.0378 0.9698 -0.0631 Time: 454920237198501
Position: -2.96 -191.61 -737.96 Orientation: 0.2315 -0.0375 0.97 -0.0631 Time: 454920303289463
Position: -2.96 -191.61 -737.97 Orientation: 0.2317 -0.0377 0.9699 -0.0631 Time: 454920402200921
Position: -2.95 -191.6 -737.93 Orientation: 0.2307 -0.0375 0.9702 -0.0631 Time: 454920467304686
Position: -2.97 -191.61 -737.99 Orientation: 0.2325 -0.0376 0.9698 -0.0631 Time: 454920534323535
Position: -2.97 -191.61 -737.97 Orientation: 0.2317 -0.0376 0.9699 -0.0631 Time: 454920633296586
Position: -2.97 -191.61 -737.96 Orientation: 0.2317 -0.0375 0.97 -0.0631 Time: 454920700219054
Position: -2.96 -191.61 -737.96 Orientation: 0.2314 -0.0375 0.97 -0.0631 Time: 454920767347401
Position: -2.96 -191.61 -737.97 Orientation: 0.2316 -0.0378 0.97 -0.0631 Time: 454920867244347
Position: -2.96 -191.61 -737.97 Orientation: 0.2318 -0.0374 0.9699 -0.0631 Time: 454920931204650
Position: -2.96 -191.61 -737.97 Orientation: 0.2318 -0.0377 0.9699 -0.0632 Time: 454921031195696
Position: -2.96 -191.6 -737.97 Orientation: 0.2314 -0.0378 0.97 -0.0632 Time: 454921096204219
Position: -2.96 -191.61 -737.96 Orientation: 0.2312 -0.0376 0.9701 -0.0631 Time: 454921162175417
Position: -2.96 -191.61 -737.98 Orientation: 0.2317 -0.0377 0.9699 -0.0631 Time: 454921259225970
Position: -2.96 -191.6 -737.98 Orientation: 0.2318 -0.0379 0.9699 -0.0632 Time: 454921323222772
Position: -2.97 -191.61 -737.98 Orientation: 0.2322 -0.0375 0.9698 -0.0631 Time: 454921387195050
Position: -2.96 -191.6 -737.95 Orientation: 0.2314 -0.0378 0.97 -0.0631 Time: 454921451239758
Position: -2.96 -191.61 -737.96 Orientation: 0.2313 -0.0375 0.9701 -0.0631 Time: 454921516223187
Position: -2.95 -191.61 -737.94 Orientation: 0.2305 -0.0373 0.9703 -0.0631 Time: 454921612240347
Position: -2.96 -191.61 -737.96 Orientation: 0.2317 -0.0375 0.97 -0.0631 Time: 454922126177181
Position: -2.97 -191.61 -737.97 Orientation: 0.2324 -0.0376 0.9698 -0.0631 Time: 454922191157189
Position: -2.96 -191.61 -737.99 Orientation: 0.2318 -0.0378 0.9699 -0.0632 Time: 454922256235289
Position: -2.97 -191.61 -737.95 Orientation: 0.2316 -0.0375 0.97 -0.0631 Time: 454922320199013
Position: -2.96 -191.61 -737.96 Orientation: 0.2311 -0.0377 0.9701 -0.0631 Time: 454922416207618
Position: -2.96 -191.61 -737.95 Orientation: 0.2313 -0.0373 0.9701 -0.0631 Time: 454922480187881
Position: -2.96 -191.61 -737.98 Orientation: 0.2314 -0.0376 0.97 -0.0631 Time: 454922545259708
Position: -2.96 -191.6 -737.93 Orientation: 0.231 -0.0375 0.9701 -0.0631 Time: 454922611765282
Position: -2.97 -191.61 -738 Orientation: 0.2328 -0.0378 0.9697 -0.0631 Time: 454922677242597
Position: -2.96 -191.6 -737.95 Orientation: 0.2311 -0.0377 0.9701 -0.0632 Time: 454922773155390
Position: -2.97 -191.61 -737.97 Orientation: 0.2319 -0.0377 0.9699 -0.0631 Time: 454922837172723
Position: -2.97 -191.61 -737.98 Orientation: 0.2324 -0.0377 0.9698 -0.0631 Time: 454922901229977
Position: -2.97 -191.6 -737.98 Orientation: 0.2323 -0.0378 0.9698 -0.0631 Time: 454922966281273
Position: -2.95 -191.61 -737.96 Orientation: 0.2313 -0.0376 0.97 -0.0631 Time: 454923063153890
Position: -2.95 -191.61 -737.95 Orientation: 0.2312 -0.0375 0.9701 -0.0631 Time: 454923128215452
Position: -2.96 -191.61 -737.98 Orientation: 0.2314 -0.0376 0.97 -0.0631 Time: 454923192186019
Position: -2.96 -191.61 -737.98 Orientation: 0.2316 -0.0376 0.97 -0.0631 Time: 454923257202527
Position: -2.97 -191.6 -737.95 Orientation: 0.2319 -0.0378 0.9699 -0.0631 Time: 454923353176343
Position: -2.96 -191.61 -737.97 Orientation: 0.2316 -0.0376 0.97 -0.0631 Time: 454923417223902
Position: -2.96 -191.61 -737.96 Orientation: 0.2311 -0.0376 0.9701 -0.0631 Time: 454924892110226
Position: -2.96 -191.6 -737.96 Orientation: 0.232 -0.0375 0.9699 -0.0631 Time: 454924989175036
Position: -2.96 -191.6 -737.94 Orientation: 0.231 -0.0376 0.9701 -0.0631 Time: 454925053153018
Position: -2.97 -191.6 -737.97 Orientation: 0.2323 -0.0377 0.9698 -0.0631 Time: 454925117149819
Position: -2.97 -191.6 -737.97 Orientation: 0.2321 -0.0376 0.9698 -0.0631 Time: 454925181110692
Position: -2.97 -191.61 -737.97 Orientation: 0.2319 -0.0378 0.9699 -0.0631 Time: 454925277163780
Position: -2.96 -191.61 -737.97 Orientation: 0.2314 -0.0375 0.97 -0.0631 Time: 454925341124083
Position: -2.96 -191.61 -737.96 Orientation: 0.2313 -0.0377 0.97 -0.0631 Time: 454925405170501
Position: -2.97 -191.6 -737.96 Orientation: 0.2317 -0.0377 0.9699 -0.0631 Time: 454925469174716
Position: -2.96 -191.6 -737.94 Orientation: 0.2315 -0.0377 0.97 -0.0631 Time: 454925565143970
Position: -2.96 -191.61 -737.99 Orientation: 0.2316 -0.0374 0.97 -0.0631 Time: 454925629192670
Position: -2.96 -191.61 -737.97 Orientation: 0.232 -0.0378 0.9699 -0.0631 Time: 454925693129589
Position: -2.96 -191.61 -737.99 Orientation: 0.2319 -0.0377 0.9699 -0.0631 Time: 454925789131350
Position: -2.97 -191.6 -737.97 Orientation: 0.2323 -0.0378 0.9698 -0.0631 Time: 454925853165222
Position: -2.97 -191.61 -737.99 Orientation: 0.2319 -0.0376 0.9699 -0.0631 Time: 454925917202515
Position: -2.98 -191.6 -737.98 Orientation: 0.2327 -0.0376 0.9697 -0.0631 Time: 454925981128029
Position: -2.96 -191.61 -737.97 Orientation: 0.2317 -0.0376 0.97 -0.0631 Time: 454926077118384
Position: -2.96 -191.6 -737.93 Orientation: 0.2313 -0.0373 0.97 -0.0631 Time: 454926141146553
Position: -2.96 -191.61 -737.96 Orientation: 0.2315 -0.0377 0.97 -0.0631 Time: 454926205109136
Position: -2.95 -191.61 -737.96 Orientation: 0.2308 -0.0376 0.9702 -0.0631 Time: 454926269124758
Position: -2.96 -191.6 -737.95 Orientation: 0.2314 -0.0376 0.97 -0.0631 Time: 454926365142487
Position: -2.96 -191.61 -737.95 Orientation: 0.2312 -0.0378 0.9701 -0.0632 Time: 454926429121610
Position: -2.96 -191.61 -737.94 Orientation: 0.2312 -0.0374 0.9701 -0.0631 Time: 454926493083052
Position: -2.96 -191.61 -737.97 Orientation: 0.2314 -0.0377 0.97 -0.0631 Time: 454926589175492
Position: -2.95 -191.6 -737.95 Orientation: 0.231 -0.0375 0.9701 -0.0631 Time: 454926653149482
Position: -2.97 -191.6 -737.96 Orientation: 0.2322 -0.0375 0.9698 -0.063 Time: 454926717113776
Position: -2.96 -191.6 -737.95 Orientation: 0.2315 -0.0377 0.97 -0.0631 Time: 454928253063251
Position: -2.96 -191.6 -737.95 Orientation: 0.2322 -0.0375 0.9698 -0.0631 Time: 454928349103223
Position: -2.96 -191.6 -737.92 Orientation: 0.2312 -0.0374 0.9701 -0.0631 Time: 454928413173594
Position: -2.94 -191.6 -737.92 Orientation: 0.2303 -0.0376 0.9703 -0.0632 Time: 454928477092264
Position: -2.97 -191.6 -737.96 Orientation: 0.2322 -0.0375 0.9698 -0.0631 Time: 454928573111134
Position: -2.96 -191.61 -737.95 Orientation: 0.2312 -0.0375 0.9701 -0.0631 Time: 454928637135881
Position: -2.98 -191.6 -737.97 Orientation: 0.2327 -0.0376 0.9697 -0.0631 Time: 454928733102283
Position: -2.96 -191.61 -737.97 Orientation: 0.2317 -0.0376 0.9699 -0.0631 Time: 454928797131592
Position: -2.96 -191.6 -737.92 Orientation: 0.2313 -0.0375 0.97 -0.0631 Time: 454928862097913
Position: -2.96 -191.61 -737.96 Orientation: 0.2318 -0.0376 0.9699 -0.0631 Time: 454928958208602
Position: -2.97 -191.6 -737.97 Orientation: 0.2324 -0.0377 0.9698 -0.0631 Time: 454929022113015
Position: -2.96 -191.61 -737.97 Orientation: 0.2315 -0.0378 0.97 -0.0631 Time: 454929087109561
Position: -2.97 -191.6 -737.96 Orientation: 0.2321 -0.0375 0.9698 -0.0631 Time: 454929183118736
Position: -2.96 -191.61 -737.96 Orientation: 0.2315 -0.0376 0.97 -0.0631 Time: 454929247051664
Position: -2.96 -191.6 -737.94 Orientation: 0.2315 -0.0375 0.97 -0.0631 Time: 454929311099793
Position: -2.96 -191.6 -737.95 Orientation: 0.2313 -0.0378 0.97 -0.0632 Time: 454929407096422
Position: -2.96 -191.6 -737.95 Orientation: 0.2315 -0.0375 0.97 -0.0631 Time: 454929471062427
Position: -2.96 -191.61 -737.99 Orientation: 0.2317 -0.038 0.9699 -0.0632 Time: 454929535119111
Position: -2.96 -191.61 -737.94 Orientation: 0.2316 -0.0377 0.97 -0.0631 Time: 454929631100341
Position: -2.96 -191.6 -737.94 Orientation: 0.2314 -0.0374 0.97 -0.0631 Time: 454929696132817
Position: -2.96 -191.6 -737.94 Orientation: 0.231 -0.0376 0.9701 -0.0631 Time: 454931136079391
Position: -2.96 -191.61 -737.96 Orientation: 0.2314 -0.0375 0.97 -0.0631 Time: 454931200054521
Position: -2.98 -191.6 -738.02 Orientation: 0.2331 -0.0381 0.9696 -0.0632 Time: 454931296062555
Position: -2.96 -191.61 -737.97 Orientation: 0.2315 -0.0377 0.97 -0.0632 Time: 454931392035801
Position: -2.96 -191.61 -737.95 Orientation: 0.2313 -0.0375 0.97 -0.0631 Time: 454931456104461
Position: -2.96 -191.61 -737.95 Orientation: 0.2309 -0.0377 0.9701 -0.0631 Time: 454931553008445
Position: -2.96 -191.61 -737.97 Orientation: 0.2313 -0.0376 0.97 -0.0631 Time: 454931649048417
Position: -2.96 -191.61 -737.98 Orientation: 0.2316 -0.0377 0.97 -0.0631 Time: 454931713067460
Position: -2.96 -191.61 -737.95 Orientation: 0.2319 -0.0377 0.9699 -0.0631 Time: 454931809034433
Position: -2.96 -191.6 -737.91 Orientation: 0.2311 -0.0373 0.9701 -0.0631 Time: 454931873036367
Position: -2.96 -191.6 -737.96 Orientation: 0.232 -0.0377 0.9699 -0.0631 Time: 454931969015886
Position: -2.97 -191.6 -737.96 Orientation: 0.2319 -0.0377 0.9699 -0.0631 Time: 454932033086828
Position: -2.97 -191.6 -737.98 Orientation: 0.232 -0.0377 0.9699 -0.0631 Time: 454932129093722
Position: -2.96 -191.61 -737.98 Orientation: 0.2316 -0.0378 0.97 -0.0632 Time: 454932225086358
Position: -2.95 -191.61 -737.95 Orientation: 0.2312 -0.0373 0.9701 -0.0631 Time: 454932289037535
Position: -2.95 -191.61 -737.94 Orientation: 0.2308 -0.0377 0.9702 -0.0631 Time: 454932353081672
Position: -2.96 -191.61 -737.96 Orientation: 0.2315 -0.0375 0.97 -0.0631 Time: 454932449008723
Position: -2.96 -191.6 -737.94 Orientation: 0.2308 -0.0375 0.9702 -0.0631 Time: 454932513102477
Position: -2.97 -191.6 -737.98 Orientation: 0.2323 -0.0376 0.9698 -0.0631 Time: 454932609035231
Position: -2.96 -191.6 -737.96 Orientation: 0.2318 -0.0377 0.9699 -0.0632 Time: 454932673080509
Position: -2.97 -191.6 -737.97 Orientation: 0.2319 -0.0379 0.9699 -0.0631 Time: 454932769046341
Position: -2.96 -191.61 -737.97 Orientation: 0.2319 -0.0376 0.9699 -0.0631 Time: 454932833129829
Position: -2.96 -191.61 -737.96 Orientation: 0.231 -0.0374 0.9701 -0.063 Time: 454932897073022
Position: -2.96 -191.61 -737.95 Orientation: 0.2315 -0.0375 0.97 -0.063 Time: 454932993039424
Position: -2.96 -191.6 -737.95 Orientation: 0.2315 -0.0378 0.97 -0.0631 Time: 454933057055616
Position: -2.97 -191.61 -737.97 Orientation: 0.2323 -0.0378 0.9698 -0.0631 Time: 454934533028942
Position: -2.96 -191.6 -737.95 Orientation: 0.2314 -0.0375 0.97 -0.0631 Time: 454934629046672
Position: -2.97 -191.61 -737.97 Orientation: 0.2325 -0.0374 0.9698 -0.063 Time: 454934693994172
Position: -2.95 -191.61 -737.91 Orientation: 0.2306 -0.0375 0.9702 -0.0631 Time: 454934760072018
Position: -2.96 -191.6 -737.94 Orientation: 0.2317 -0.0376 0.9699 -0.0631 Time: 454934857042157
Position: -2.96 -191.61 -737.96 Orientation: 0.2312 -0.0378 0.97 -0.0632 Time: 454934923036168
Position: -2.95 -191.6 -737.94 Orientation: 0.2312 -0.0376 0.9701 -0.0631 Time: 454934989024475
Position: -2.96 -191.61 -737.97 Orientation: 0.2311 -0.0376 0.9701 -0.0631 Time: 454935055016775
Position: -2.97 -191.61 -737.95 Orientation: 0.232 -0.0376 0.9699 -0.0631 Time: 454935153003769
Position: -2.97 -191.6 -737.97 Orientation: 0.2315 -0.0376 0.97 -0.0631 Time: 454935218019136
Position: -2.95 -191.61 -737.95 Orientation: 0.2308 -0.0375 0.9702 -0.0631 Time: 454935283032791
Position: -2.95 -191.6 -737.91 Orientation: 0.2307 -0.0374 0.9702 -0.0631 Time: 454935348999998
Position: -2.96 -191.61 -737.96 Orientation: 0.2309 -0.0378 0.9701 -0.0631 Time: 454935448088821
Position: -2.96 -191.61 -737.97 Orientation: 0.2318 -0.0377 0.9699 -0.0631 Time: 454935513977325
Position: -2.97 -191.61 -737.98 Orientation: 0.2318 -0.0377 0.9699 -0.0631 Time: 454935578064235
Position: -2.96 -191.6 -737.95 Orientation: 0.2313 -0.0377 0.97 -0.0631 Time: 454935644029731
Position: -2.96 -191.61 -737.96 Orientation: 0.2319 -0.0374 0.9699 -0.0631 Time: 454935743004493
Position: -2.97 -191.61 -737.99 Orientation: 0.2328 -0.0375 0.9697 -0.0631 Time: 454935806998443
Position: -2.96 -191.61 -737.99 Orientation: 0.2312 -0.0379 0.97 -0.0632 Time: 454935872035482
Position: -2.96 -191.61 -737.97 Orientation: 0.2321 -0.0376 0.9699 -0.0631 Time: 454935971034197
Position: -2.96 -191.61 -737.97 Orientation: 0.2318 -0.0376 0.9699 -0.0631 Time: 454937266986683
Position: -2.96 -191.61 -737.98 Orientation: 0.2317 -0.0376 0.9699 -0.0631 Time: 454937363989330
Position: -2.98 -191.61 -738 Orientation: 0.2327 -0.0379 0.9697 -0.0631 Time: 454937429030361
Position: -2.97 -191.61 -737.99 Orientation: 0.2322 -0.0378 0.9698 -0.0631 Time: 454937529020266
Position: -2.94 -191.6 -737.91 Orientation: 0.2299 -0.0374 0.9704 -0.0631 Time: 454937592986842
Position: -2.97 -191.6 -737.99 Orientation: 0.2322 -0.0378 0.9698 -0.0631 Time: 454937689986067
Position: -2.97 -191.61 -737.98 Orientation: 0.2322 -0.0378 0.9698 -0.0631 Time: 454937753976025
Position: -2.97 -191.61 -737.98 Orientation: 0.2323 -0.0376 0.9698 -0.063 Time: 454937817972256
Position: -2.96 -191.61 -737.97 Orientation: 0.2315 -0.0376 0.97 -0.0631 Time: 454937915997460
Position: -2.98 -191.61 -738.01 Orientation: 0.2331 -0.0379 0.9696 -0.0631 Time: 454937979985137
Position: -2.95 -191.6 -737.94 Orientation: 0.2312 -0.0375 0.9701 -0.0631 Time: 454938077989240
Position: -2.96 -191.61 -737.97 Orientation: 0.2316 -0.0376 0.97 -0.0631 Time: 454938142965826
Position: -2.97 -191.61 -737.99 Orientation: 0.2324 -0.0377 0.9698 -0.0631 Time: 454938240002121
Position: -2.97 -191.6 -737.95 Orientation: 0.2318 -0.0376 0.9699 -0.0631 Time: 454938305056839
Position: -2.96 -191.61 -737.98 Orientation: 0.2318 -0.0377 0.9699 -0.0631 Time: 454938370929945
Position: -2.97 -191.6 -737.97 Orientation: 0.2324 -0.0377 0.9698 -0.0631 Time: 454938466963643
Position: -2.97 -191.61 -737.99 Orientation: 0.2323 -0.0377 0.9698 -0.0631 Time: 454938530943906
Position: -2.97 -191.61 -737.96 Orientation: 0.2321 -0.0376 0.9699 -0.0631 Time: 454938595959273
Position: -2.96 -191.62 -737.99 Orientation: 0.2321 -0.0375 0.9699 -0.0631 Time: 454938693967368
Position: -2.97 -191.61 -737.97 Orientation: 0.2323 -0.0377 0.9698 -0.0631 Time: 454938758935970
Position: -2.96 -191.61 -737.96 Orientation: 0.2317 -0.0376 0.97 -0.0631 Time: 454938823134089
Position: -2.95 -191.61 -737.97 Orientation: 0.2313 -0.0377 0.97 -0.0631 Time: 454938920995045
Position: -2.96 -191.6 -737.92 Orientation: 0.231 -0.0376 0.9701 -0.0631 Time: 454938985045456
Position: -2.97 -191.61 -737.97 Orientation: 0.2318 -0.0375 0.9699 -0.0631 Time: 454939082937208
Position: -2.96 -191.61 -737.98 Orientation: 0.2317 -0.0377 0.9699 -0.0631 Time: 454939147003587
