Position: 24.5267 88.3233 -1015.23 Orientation: -0.479999 0.0598708 -0.259751 0.83579 Time: 514126644239032
Position: 24.52 88.33 -1015.26 Orientation: -0.479992 0.0603032 -0.259814 0.835744 Time: 514126880573141
Position: 24.5333 88.3333 -1015.25 Orientation: -0.48016 0.0598408 -0.259632 0.835737 Time: 514127160554990
Position: 24.5333 88.33 -1015.25 Orientation: -0.480105 0.0599382 -0.259721 0.835734 Time: 514127393962102
Position: 24.5367 88.3433 -1015.26 Orientation: -0.480286 0.0596398 -0.259595 0.835691 Time: 514127674626796
Position: 24.5233 88.32 -1015.23 Orientation: -0.479877 0.0601388 -0.259857 0.835809 Time: 514127998434892
Position: 24.5367 88.34 -1015.23 Orientation: -0.48024 0.059205 -0.259522 0.83577 Time: 514128241319336
Position: 24.53 88.3267 -1015.22 Orientation: -0.480065 0.0596706 -0.259684 0.835788 Time: 514128600130675
Position: 24.5333 88.3333 -1015.24 Orientation: -0.480092 0.0597698 -0.259647 0.835777 Time: 514128829244149
Position: 24.54 88.35 -1015.23 Orientation: -0.480382 0.0590726 -0.25946 0.835718 Time: 514129062222011
Position: 24.5267 88.3233 -1015.22 Orientation: -0.479975 0.0601386 -0.259789 0.835773 Time: 514129354919766
Position: 24.5167 88.3133 -1015.26 Orientation: -0.47974 0.0608718 -0.259955 0.835803 Time: 514129648509478
Position: 24.5267 88.3333 -1015.25 Orientation: -0.480115 0.0600727 -0.259726 0.835717 Time: 514129975906694
Position: 24.5333 88.3167 -1015.22 Orientation: -0.479994 0.0602368 -0.259815 0.835747 Time: 514130232658300
Position: 24.5267 88.33 -1015.23 Orientation: -0.480106 0.0600715 -0.259688 0.835735 Time: 514130530634990
Position: 24.53 88.3267 -1015.21 Orientation: -0.480094 0.0594075 -0.259633 0.835806 Time: 514130826365628
Position: 24.5267 88.32 -1015.26 Orientation: -0.479922 0.0605404 -0.25993 0.835731 Time: 514131124629942
Position: 24.51 88.3133 -1015.24 Orientation: -0.479873 0.0604383 -0.259921 0.835769 Time: 514131423163820
Position: 24.5233 88.3167 -1015.25 Orientation: -0.479869 0.0605712 -0.259919 0.835762 Time: 514131735633108
Position: 24.5233 88.32 -1015.24 Orientation: -0.479932 0.0601374 -0.259817 0.835789 Time: 514132009633405
Position: 24.5233 88.3233 -1015.23 Orientation: -0.48005 0.0602397 -0.259794 0.835721 Time: 514132298917883
Position: 24.5267 88.3267 -1015.26 Orientation: -0.480079 0.0602724 -0.259758 0.835713 Time: 514132589026262
Position: 24.5267 88.3267 -1015.23 Orientation: -0.480068 0.0595709 -0.259685 0.835793 Time: 514132861179531
Position: 24.5233 88.3233 -1015.24 Orientation: -0.479943 0.0602387 -0.259823 0.835774 Time: 514133101489808
Position: 24.5167 88.3167 -1015.23 Orientation: -0.479826 0.0604032 -0.259881 0.835811 Time: 514133350811857
Position: 24.52 88.3167 -1015.24 Orientation: -0.47991 0.0605055 -0.259924 0.835742 Time: 514133641865042
Position: 24.5233 88.3133 -1015.25 Orientation: -0.479816 0.0606396 -0.259927 0.835786 Time: 514133884109793
Position: 24.5167 88.32 -1015.24 Orientation: -0.479862 0.0603702 -0.259915 0.835782 Time: 514134134204227
Position: 24.5233 88.3267 -1015.25 Orientation: -0.48007 0.0601379 -0.259753 0.83573 Time: 514134408091414
Position: 24.52 88.3233 -1015.26 Orientation: -0.479895 0.0600702 -0.259815 0.835816 Time: 514134646499152
Position: 24.5167 88.3167 -1015.28 Orientation: -0.479825 0.0606032 -0.259947 0.835777 Time: 514134882150985
Position: 24.5233 88.3233 -1015.28 Orientation: -0.479942 0.0602719 -0.259823 0.835772 Time: 514135159592315
Position: 24.53 88.33 -1015.26 Orientation: -0.480143 0.0599721 -0.259723 0.835709 Time: 514135393970656
Position: 24.5233 88.3133 -1015.22 Orientation: -0.479966 0.0603041 -0.259818 0.835757 Time: 514135676314139
Position: 24.5233 88.3167 -1015.24 Orientation: -0.47997 0.0603379 -0.259786 0.835763 Time: 514135908773404
Position: 24.5233 88.3167 -1015.24 Orientation: -0.479932 0.0604707 -0.25985 0.835755 Time: 514136178555914
Position: 24.5233 88.3167 -1015.24 Orientation: -0.480016 0.0607063 -0.25986 0.835686 Time: 514136429201832
Position: 24.5267 88.3233 -1015.24 Orientation: -0.480043 0.059872 -0.259723 0.835774 Time: 514136715150024
Position: 24.5167 88.3133 -1015.23 Orientation: -0.479898 0.060604 -0.259884 0.835755 Time: 514136950302651
Position: 24.5167 88.3133 -1015.23 Orientation: -0.479982 0.0603728 -0.259793 0.835751 Time: 514137227924006
Position: 24.5367 88.33 -1015.19 Orientation: -0.480296 0.0588703 -0.259449 0.835785 Time: 514137505300321
Position: 24.52 88.3167 -1015.26 Orientation: -0.479834 0.060571 -0.259885 0.835793 Time: 514137787828012
Position: 24.53 88.32 -1015.23 Orientation: -0.480081 0.0599059 -0.259726 0.835749 Time: 514137983780138
Position: 24.5167 88.3167 -1015.25 Orientation: -0.479789 0.0605404 -0.259963 0.835797 Time: 514138269859881
Position: 24.5367 88.3333 -1015.23 Orientation: -0.480276 0.0593386 -0.259523 0.83574 Time: 514138514947984
Position: 24.5333 88.33 -1015.22 Orientation: -0.480126 0.0596033 -0.259614 0.835779 Time: 514138795724649
Position: 24.5267 88.3233 -1015.22 Orientation: -0.480158 0.0600364 -0.25968 0.835709 Time: 514139032041838
Position: 24.5233 88.3133 -1015.23 Orientation: -0.479927 0.0603034 -0.259815 0.835781 Time: 514139277952703
Position: 24.5133 88.32 -1015.26 Orientation: -0.479817 0.060473 -0.25996 0.835787 Time: 514139568209931
Position: 24.5167 88.3067 -1015.23 Orientation: -0.479765 0.0604373 -0.259951 0.835822 Time: 514139832780802
Position: 24.5133 88.31 -1015.24 Orientation: -0.47976 0.0608033 -0.260014 0.835779 Time: 514140088567262
Position: 24.52 88.32 -1015.27 Orientation: -0.480009 0.060672 -0.259923 0.835674 Time: 514140421491686
Position: 24.5233 88.3233 -1015.23 Orientation: -0.480067 0.0599042 -0.259718 0.835759 Time: 514140676372881
Position: 24.5233 88.3233 -1015.24 Orientation: -0.479998 0.059904 -0.259751 0.835789 Time: 514141002032187
Position: 24.5233 88.3233 -1015.22 Orientation: -0.480147 0.0596725 -0.259659 0.835748 Time: 514141330387326
Position: 24.52 88.31 -1015.2 Orientation: -0.479897 0.0600038 -0.259816 0.835819 Time: 514141622909617
Position: 24.52 88.3167 -1015.21 Orientation: -0.480038 0.0597381 -0.259787 0.835766 Time: 514141863960720
Position: 24.5233 88.3233 -1015.23 Orientation: -0.480059 0.0600366 -0.259747 0.835745 Time: 514142106554308
Position: 24.5233 88.3133 -1015.23 Orientation: -0.479873 0.0605717 -0.259888 0.83577 Time: 514142350907288
Position: 24.5233 88.3233 -1015.23 Orientation: -0.48008 0.0599391 -0.259725 0.835747 Time: 514142590168583
Position: 24.5167 88.3167 -1015.22 Orientation: -0.479936 0.0603046 -0.259853 0.835764 Time: 514142830409853
Position: 24.5233 88.3133 -1015.25 Orientation: -0.479897 0.0601372 -0.259783 0.83582 Time: 514143112540422
Position: 24.51 88.3 -1015.24 Orientation: -0.479621 0.0610069 -0.260063 0.835828 Time: 514143352805264
Position: 24.5233 88.32 -1015.23 Orientation: -0.480078 0.0601723 -0.259791 0.835711 Time: 514143597662964
Position: 24.5233 88.3167 -1015.23 Orientation: -0.48 0.0600375 -0.259818 0.835757 Time: 514143841089389
Position: 24.5233 88.3167 -1015.22 Orientation: -0.480037 0.0599379 -0.259753 0.835764 Time: 514144118452966
Position: 24.5233 88.32 -1015.23 Orientation: -0.480035 0.0598377 -0.259786 0.835761 Time: 514144400716417
Position: 24.52 88.3167 -1015.21 Orientation: -0.479997 0.0602705 -0.259783 0.835753 Time: 514144639367865
Position: 24.5233 88.3167 -1015.21 Orientation: -0.480045 0.0601056 -0.259758 0.835745 Time: 514144882287098
Position: 24.5133 88.3033 -1015.25 Orientation: -0.479669 0.0608045 -0.260019 0.835829 Time: 514145118941338
Position: 24.5267 88.3267 -1015.21 Orientation: -0.480047 0.0594058 -0.259692 0.835815 Time: 514145361731872
Position: 24.5167 88.31 -1015.23 Orientation: -0.479895 0.0605702 -0.259915 0.835749 Time: 514145598457590
Position: 24.5233 88.32 -1015.23 Orientation: -0.480005 0.0598381 -0.25972 0.835799 Time: 514145881242299
Position: 24.5233 88.3233 -1015.23 Orientation: -0.480059 0.0600366 -0.259747 0.835745 Time: 514146121520068
Position: 24.5167 88.3133 -1015.25 Orientation: -0.479895 0.0605702 -0.259915 0.835749 Time: 514146434675432
Position: 24.5233 88.3167 -1015.22 Orientation: -0.479945 0.060139 -0.259825 0.835779 Time: 514146682958766
Position: 24.5233 88.3033 -1015.21 Orientation: -0.479918 0.0603731 -0.259895 0.835756 Time: 514146962510034
Position: 24.52 88.3133 -1015.22 Orientation: -0.479922 0.0605028 -0.259912 0.835739 Time: 514147159106605
Position: 24.5267 88.3267 -1015.22 Orientation: -0.480161 0.0596035 -0.259648 0.835748 Time: 514147440853548
Position: 24.52 88.3133 -1015.24 Orientation: -0.479891 0.0604073 -0.259898 0.835768 Time: 514147673427254
Position: 24.5267 88.32 -1015.2 Orientation: -0.480103 0.0593712 -0.259653 0.835797 Time: 514147920058414
Position: 24.52 88.31 -1015.23 Orientation: -0.47988 0.0601725 -0.259825 0.835814 Time: 514148241803715
Position: 24.52 88.3067 -1015.23 Orientation: -0.479913 0.0602391 -0.259858 0.83578 Time: 514148547705937
Position: 24.52 88.3133 -1015.22 Orientation: -0.479906 0.0601383 -0.259822 0.835803 Time: 514148787937321
Position: 24.5233 88.32 -1015.24 Orientation: -0.479976 0.0598053 -0.259756 0.835807 Time: 514149076405692
Position: 24.5167 88.3133 -1015.23 Orientation: -0.479935 0.0607044 -0.259986 0.835694 Time: 514149380275156
Position: 24.52 88.31 -1015.22 Orientation: -0.479833 0.0604708 -0.259918 0.835791 Time: 514149672130950
Position: 24.5167 88.31 -1015.23 Orientation: -0.479938 0.0605715 -0.259887 0.835733 Time: 514149934628192
Position: 24.5267 88.3233 -1015.22 Orientation: -0.480096 0.0596037 -0.259649 0.835785 Time: 514150225797148
Position: 24.52 88.3067 -1015.25 Orientation: -0.479793 0.06067 -0.259981 0.83578 Time: 514150508264197
Position: 24.5167 88.3133 -1015.24 Orientation: -0.479915 0.0604728 -0.259893 0.835751 Time: 514150820971872
Position: 24.5267 88.32 -1015.23 Orientation: -0.479994 0.0602368 -0.259815 0.835747 Time: 514151066108831
Position: 24.5267 88.3233 -1015.24 Orientation: -0.480091 0.0600072 -0.259731 0.835734 Time: 514151369897312
Position: 24.5133 88.3067 -1015.26 Orientation: -0.479728 0.0607035 -0.259982 0.835815 Time: 514151613510606
Position: 24.5167 88.3167 -1015.24 Orientation: -0.479987 0.0606735 -0.259896 0.835694 Time: 514151904916430
Position: 24.52 88.3133 -1015.22 Orientation: -0.479987 0.0603734 -0.259862 0.835727 Time: 514152184810261
Position: 24.5233 88.3167 -1015.22 Orientation: -0.480037 0.060238 -0.259787 0.835731 Time: 514152423725191
Position: 24.5233 88.3167 -1015.25 Orientation: -0.479947 0.060706 -0.259892 0.835716 Time: 514152717013782
Position: 24.53 88.33 -1015.22 Orientation: -0.480312 0.0593055 -0.259558 0.835711 Time: 514152985631349
Position: 24.5233 88.3233 -1015.24 Orientation: -0.480113 0.0603058 -0.259792 0.835681 Time: 514153228734790
