Position: 272.04 3.43667 -1001.48 Orientation: 0.0767385 0.0335356 0.0955064 0.9919 Time: 514792980804285
Position: 272.04 3.43667 -1001.49 Orientation: 0.076674 0.0337365 0.0955424 0.991894 Time: 514793218694567
Position: 272.037 3.43 -1001.48 Orientation: 0.0764349 0.033634 0.0955019 0.99192 Time: 514793500931973
Position: 272.04 3.43 -1001.49 Orientation: 0.0765374 0.0335018 0.0954718 0.99192 Time: 514793737000129
Position: 272.043 3.43 -1001.49 Orientation: 0.0763382 0.0336688 0.0954727 0.991929 Time: 514793980000725
Position: 272.043 3.43667 -1001.49 Orientation: 0.0768057 0.0332691 0.0954737 0.991907 Time: 514794264978068
Position: 272.037 3.42667 -1001.45 Orientation: 0.0765367 0.0331681 0.0953376 0.991944 Time: 514794552572921
Position: 272.037 3.43333 -1001.46 Orientation: 0.0768376 0.0330352 0.095372 0.991922 Time: 514794861085811
Position: 272.047 3.43 -1001.47 Orientation: 0.0768711 0.0329019 0.0953721 0.991924 Time: 514795088052846
Position: 272.037 3.43667 -1001.47 Orientation: 0.0767029 0.0335013 0.0955036 0.991904 Time: 514795340465570
Position: 272.037 3.42667 -1001.46 Orientation: 0.076437 0.0332683 0.095338 0.991948 Time: 514795622670089
Position: 272.04 3.43667 -1001.5 Orientation: 0.076704 0.0337684 0.095605 0.991885 Time: 514795906755093
Position: 272.037 3.43333 -1001.47 Orientation: 0.0766706 0.0333684 0.0954382 0.991917 Time: 514796164296762
Position: 272.033 3.43667 -1001.48 Orientation: 0.0766717 0.0336355 0.0955396 0.991898 Time: 514796462004268
Position: 272.05 3.43 -1001.46 Orientation: 0.0769054 0.0321022 0.09514 0.991969 Time: 514796747483480
Position: 272.05 3.42667 -1001.49 Orientation: 0.0766059 0.0330359 0.0953406 0.991943 Time: 514796994302270
Position: 272.033 3.43667 -1001.48 Orientation: 0.0767721 0.0334357 0.0954734 0.991904 Time: 514797273952772
Position: 272.05 3.43333 -1001.49 Orientation: 0.0768029 0.0328346 0.0953036 0.991938 Time: 514797520781637
Position: 272.033 3.43667 -1001.46 Orientation: 0.0766395 0.033536 0.0954411 0.991914 Time: 514797797508183
Position: 272.03 3.44333 -1001.47 Orientation: 0.076603 0.0342013 0.0956704 0.991872 Time: 514798082166155
Position: 272.047 3.43667 -1001.47 Orientation: 0.0768713 0.032902 0.0953391 0.991927 Time: 514798323444240
Position: 272.033 3.44333 -1001.49 Orientation: 0.0766707 0.0338351 0.095605 0.991885 Time: 514798609551167
Position: 272.03 3.44333 -1001.5 Orientation: 0.0768052 0.033969 0.0956398 0.991867 Time: 514798849684649
Position: 272.043 3.44 -1001.53 Orientation: 0.0767049 0.0341022 0.0957062 0.991864 Time: 514799139939596
Position: 272.047 3.43 -1001.47 Orientation: 0.0766396 0.0329027 0.0953078 0.991948 Time: 514799383191317
Position: 272.047 3.43333 -1001.48 Orientation: 0.076736 0.0330011 0.0953366 0.991934 Time: 514799676795477
Position: 272.033 3.43 -1001.48 Orientation: 0.0765383 0.0333355 0.0954062 0.991932 Time: 514799952593947
Position: 272.037 3.42667 -1001.44 Orientation: 0.0766362 0.0331346 0.0953369 0.991937 Time: 514800247414378
Position: 272.04 3.43 -1001.46 Orientation: 0.0767048 0.0331354 0.0953726 0.991929 Time: 514800516582860
Position: 272.053 3.42333 -1001.43 Orientation: 0.0768691 0.031701 0.095003 0.991998 Time: 514800748488167
Position: 272.04 3.43 -1001.47 Orientation: 0.0764721 0.0333024 0.0954068 0.991938 Time: 514801023662343
Position: 272.04 3.43667 -1001.47 Orientation: 0.0768021 0.0329676 0.0953693 0.991927 Time: 514801255802807
Position: 272.05 3.43333 -1001.49 Orientation: 0.0768349 0.0331007 0.0953686 0.99192 Time: 514801534776927
Position: 272.023 3.44333 -1001.5 Orientation: 0.07657 0.0347348 0.0958041 0.991843 Time: 514801774389720
Position: 272.04 3.43333 -1001.46 Orientation: 0.0766376 0.0333019 0.0954386 0.991922 Time: 514802010260931
Position: 272.043 3.43333 -1001.46 Orientation: 0.0767712 0.0331019 0.0953722 0.991925 Time: 514802251588062
Position: 272.037 3.43667 -1001.49 Orientation: 0.0763727 0.033936 0.0955408 0.991911 Time: 514802522504719
Position: 272.05 3.43 -1001.46 Orientation: 0.0769374 0.0323684 0.095205 0.991952 Time: 514802760421044
Position: 272.037 3.43667 -1001.46 Orientation: 0.0768382 0.0329021 0.0953394 0.991929 Time: 514803004702546
Position: 272.047 3.43667 -1001.47 Orientation: 0.0767374 0.0331684 0.0954383 0.991919 Time: 514803324557285
Position: 272.03 3.43 -1001.47 Orientation: 0.076538 0.0334687 0.0954058 0.991927 Time: 514803604212540
Position: 272.04 3.43667 -1001.49 Orientation: 0.0765368 0.0336349 0.0955044 0.991912 Time: 514803861467535
Position: 272.033 3.43 -1001.46 Orientation: 0.0764728 0.033236 0.095341 0.991946 Time: 514804151978169
Position: 272.047 3.43667 -1001.5 Orientation: 0.076938 0.0332687 0.0955058 0.991893 Time: 514804443532462
Position: 272.047 3.43333 -1001.48 Orientation: 0.07684 0.0331029 0.0953749 0.991919 Time: 514804689888354
Position: 272.033 3.42333 -1001.45 Orientation: 0.0762373 0.0335351 0.0953716 0.991951 Time: 514804977419524
Position: 272.047 3.43 -1001.46 Orientation: 0.0767373 0.0326684 0.0952716 0.991951 Time: 514805263999804
Position: 272.043 3.43333 -1001.49 Orientation: 0.0766705 0.0334017 0.0954381 0.991916 Time: 514805550109583
Position: 272.043 3.43333 -1001.48 Orientation: 0.0766401 0.0333363 0.0954417 0.99192 Time: 514805789883773
Position: 272.037 3.43333 -1001.48 Orientation: 0.0765706 0.0336017 0.0954382 0.991917 Time: 514806081700026
Position: 272.037 3.43667 -1001.46 Orientation: 0.0765712 0.0333353 0.095439 0.991926 Time: 514806378474132
Position: 272.05 3.43 -1001.47 Orientation: 0.0766386 0.0326689 0.0951732 0.991968 Time: 514806640636224
Position: 272.037 3.43 -1001.44 Orientation: 0.0767042 0.0327351 0.0952386 0.991955 Time: 514806942037597
Position: 272.04 3.42667 -1001.47 Orientation: 0.0764362 0.0334013 0.0954036 0.991938 Time: 514807236139063
Position: 272.037 3.44 -1001.5 Orientation: 0.0767395 0.0338361 0.0956077 0.99188 Time: 514807508787928
Position: 272.04 3.43333 -1001.47 Orientation: 0.0766045 0.0333019 0.0954389 0.991924 Time: 514807797769954
Position: 272.04 3.43 -1001.49 Orientation: 0.0766694 0.0331345 0.0953367 0.991935 Time: 514808086220455
Position: 272.05 3.43333 -1001.5 Orientation: 0.0767033 0.0329014 0.0953041 0.991943 Time: 514808328014095
Position: 272.05 3.42667 -1001.46 Orientation: 0.0766029 0.0326679 0.0951703 0.991971 Time: 514808574195284
Position: 272.04 3.43 -1001.5 Orientation: 0.0764362 0.0335013 0.0953703 0.991937 Time: 514808857075424
Position: 272.04 3.43 -1001.5 Orientation: 0.0765378 0.0334353 0.095439 0.991925 Time: 514809090677391
Position: 272.053 3.43 -1001.48 Orientation: 0.0768025 0.0329011 0.0953364 0.991932 Time: 514809333523434
Position: 272.043 3.43667 -1001.51 Orientation: 0.076604 0.0334684 0.0954384 0.991919 Time: 514809569321075
Position: 272.057 3.43 -1001.51 Orientation: 0.0767037 0.0328682 0.0952712 0.991947 Time: 514809847367689
Position: 272.047 3.43667 -1001.5 Orientation: 0.0769388 0.0331357 0.0954401 0.991904 Time: 514810079153993
Position: 272.047 3.42667 -1001.46 Orientation: 0.0766719 0.0326022 0.0951732 0.991968 Time: 514810373758659
Position: 272.05 3.43 -1001.46 Orientation: 0.0768052 0.0323022 0.0951731 0.991968 Time: 514810589533073
Position: 272.043 3.44333 -1001.52 Orientation: 0.0766731 0.0338695 0.0956081 0.991884 Time: 514810877171840
Position: 272.053 3.43333 -1001.47 Orientation: 0.0769374 0.0323684 0.095205 0.991952 Time: 514811111094698
Position: 272.053 3.44 -1001.51 Orientation: 0.0769037 0.0331016 0.0953713 0.991915 Time: 514811449285511
Position: 272.053 3.43 -1001.49 Orientation: 0.0767395 0.0328026 0.0952743 0.991946 Time: 514811699206001
Position: 272.047 3.43667 -1001.5 Orientation: 0.0767722 0.0334024 0.0954735 0.991905 Time: 514811974322006
Position: 272.053 3.43 -1001.48 Orientation: 0.0767718 0.0324355 0.095173 0.991966 Time: 514812244288535
Position: 272.043 3.43667 -1001.49 Orientation: 0.0768393 0.0332693 0.0954074 0.99191 Time: 514812548876393
Position: 272.047 3.43333 -1001.48 Orientation: 0.0767697 0.032868 0.0953038 0.991939 Time: 514812866854258
Position: 272.043 3.44333 -1001.5 Orientation: 0.0769398 0.0334695 0.0955413 0.991883 Time: 514813157268891
Position: 272.043 3.43333 -1001.48 Orientation: 0.0767384 0.0330355 0.0953397 0.991933 Time: 514813450957456
Position: 272.043 3.43667 -1001.5 Orientation: 0.0766707 0.0333018 0.0954384 0.991919 Time: 514813749771734
Position: 272.043 3.43667 -1001.49 Orientation: 0.0766377 0.0332686 0.0954388 0.991923 Time: 514814063894716
Position: 272.05 3.43 -1001.48 Orientation: 0.0766047 0.0327687 0.0952392 0.991961 Time: 514814299104373
Position: 272.04 3.43667 -1001.5 Orientation: 0.0767044 0.0338019 0.0955388 0.99189 Time: 514814586604556
Position: 272.037 3.43667 -1001.48 Orientation: 0.076639 0.0335691 0.095507 0.991906 Time: 514814861160711
Position: 272.053 3.43333 -1001.49 Orientation: 0.0767042 0.0327351 0.0952386 0.991955 Time: 514815100114612
Position: 272.047 3.43333 -1001.49 Orientation: 0.0767707 0.0326684 0.0952383 0.991952 Time: 514815378026252
Position: 272.047 3.43667 -1001.51 Orientation: 0.076739 0.0334358 0.0954737 0.991906 Time: 514815617866978
Position: 272.03 3.44 -1001.49 Orientation: 0.0766392 0.0340693 0.0956407 0.991876 Time: 514815898493082
Position: 272.06 3.42333 -1001.47 Orientation: 0.0766364 0.0321013 0.0949705 0.992007 Time: 514816134279317
Position: 272.037 3.42 -1001.46 Orientation: 0.0762728 0.0329693 0.095241 0.99198 Time: 514816377720569
Position: 272.047 3.42333 -1001.47 Orientation: 0.0767057 0.0325358 0.0951071 0.991974 Time: 514816617830098
Position: 272.04 3.43333 -1001.5 Orientation: 0.0765728 0.033536 0.0955076 0.991912 Time: 514816910644385
Position: 272.047 3.43667 -1001.48 Orientation: 0.0768361 0.0328345 0.0953034 0.991935 Time: 514817188208520
Position: 272.037 3.43333 -1001.49 Orientation: 0.0764693 0.0339345 0.09557 0.991901 Time: 514817423199180
Position: 272.043 3.43667 -1001.47 Orientation: 0.0767721 0.0329356 0.0953067 0.991936 Time: 514817703965389
Position: 272.047 3.43333 -1001.48 Orientation: 0.0767694 0.0330012 0.0953033 0.991935 Time: 514817944593325
Position: 272.047 3.43333 -1001.49 Orientation: 0.0767705 0.0331683 0.0954381 0.991916 Time: 514818223157966
Position: 272.047 3.43333 -1001.48 Orientation: 0.0766033 0.0330681 0.0953374 0.991942 Time: 514818462508418
Position: 272.04 3.43333 -1001.48 Orientation: 0.0765693 0.0333011 0.0953699 0.991934 Time: 514818698182683
Position: 272.047 3.43667 -1001.49 Orientation: 0.0768365 0.0328347 0.0952373 0.991941 Time: 514818974558112
Position: 272.04 3.43333 -1001.48 Orientation: 0.0764393 0.0333693 0.0953408 0.991944 Time: 514819207090186
Position: 272.05 3.43333 -1001.49 Orientation: 0.0767733 0.0327362 0.0952082 0.991952 Time: 514819477561055
