Position: -120.583 -79.0633 -905.33 Orientation: -0.0990357 0.0461678 -0.0193671 0.993824 Time: 514211873180274
Position: -120.59 -79.0667 -905.36 Orientation: -0.0990362 0.0468013 -0.0193006 0.993795 Time: 514212117367676
Position: -120.59 -79.0667 -905.377 Orientation: -0.0989054 0.0472359 -0.0193011 0.993788 Time: 514212393226598
Position: -120.583 -79.0667 -905.357 Orientation: -0.0990423 0.0469042 -0.0193017 0.99379 Time: 514212630381186
Position: -120.59 -79.07 -905.36 Orientation: -0.0991077 0.047037 -0.0193015 0.993777 Time: 514212828414165
Position: -120.587 -79.0667 -905.353 Orientation: -0.0991054 0.0460692 -0.0194011 0.993821 Time: 514213171882392
Position: -120.58 -79.0667 -905.357 Orientation: -0.0990052 0.0463358 -0.0193677 0.993819 Time: 514213426329015
Position: -120.59 -79.07 -905.367 Orientation: -0.0989764 0.0468713 -0.0193019 0.993798 Time: 514213678236828
Position: -120.59 -79.07 -905.363 Orientation: -0.0988434 0.0470715 -0.019302 0.993802 Time: 514213887564132
Position: -120.58 -79.0667 -905.34 Orientation: -0.0989403 0.0460699 -0.0194014 0.993837 Time: 514214120610621
Position: -120.58 -79.0667 -905.353 Orientation: -0.0989727 0.0462362 -0.0193345 0.993827 Time: 514214424714671
Position: -120.58 -79.0633 -905.347 Orientation: -0.0988723 0.0458026 -0.0194011 0.993856 Time: 514214723108064
Position: -120.59 -79.0667 -905.373 Orientation: -0.0990392 0.0468694 -0.0193011 0.993792 Time: 514215034622089
Position: -120.577 -79.0733 -905.307 Orientation: -0.0989736 0.0452698 -0.019468 0.993869 Time: 514215289386182
Position: -120.583 -79.0667 -905.353 Orientation: -0.0989728 0.0462029 -0.0193679 0.993828 Time: 514215594208815
Position: -120.59 -79.0667 -905.363 Orientation: -0.098837 0.0463017 -0.0194007 0.993837 Time: 514215845242922
Position: -120.577 -79.07 -905.34 Orientation: -0.0989699 0.0461015 -0.0194006 0.993833 Time: 514216150727680
Position: -120.6 -79.0733 -905.393 Orientation: -0.0990398 0.0474697 -0.0192346 0.993764 Time: 514216405296158
Position: -120.577 -79.0667 -905.333 Orientation: -0.0990724 0.0460693 -0.0194011 0.993824 Time: 514216696513210
Position: -120.58 -79.07 -905.343 Orientation: -0.0989368 0.0461349 -0.0194007 0.993834 Time: 514216989173515
Position: -120.577 -79.0633 -905.33 Orientation: -0.0992014 0.046034 -0.0193336 0.993814 Time: 514217280880459
Position: -120.583 -79.0733 -905.333 Orientation: -0.0990765 0.0466379 -0.0193352 0.993798 Time: 514217574893718
Position: -120.587 -79.0733 -905.353 Orientation: -0.0988049 0.0461023 -0.019401 0.993849 Time: 514217831600650
Position: -120.583 -79.07 -905.35 Orientation: -0.0989402 0.0461365 -0.0193347 0.993835 Time: 514218135675234
Position: -120.59 -79.0667 -905.36 Orientation: -0.0988366 0.0464016 -0.019334 0.993833 Time: 514218388387178
Position: -120.583 -79.0667 -905.33 Orientation: -0.0991066 0.0465697 -0.0193013 0.993799 Time: 514218692179651
Position: -120.58 -79.0633 -905.347 Orientation: -0.09904 0.0466698 -0.0193346 0.9938 Time: 514218930000545
Position: -120.58 -79.0633 -905.337 Orientation: -0.0988059 0.0458694 -0.0194012 0.99386 Time: 514219222939159
Position: -120.583 -79.0667 -905.34 Orientation: -0.0990027 0.0461679 -0.0193672 0.993827 Time: 514219499853716
Position: -120.583 -79.0667 -905.367 Orientation: -0.0990382 0.0463356 -0.0193676 0.993816 Time: 514219742023948
Position: -120.577 -79.0633 -905.34 Orientation: -0.0991684 0.0467675 -0.019267 0.993784 Time: 514219980834511
Position: -120.577 -79.0667 -905.34 Orientation: -0.099073 0.0459363 -0.0193679 0.993831 Time: 514220263819588
Position: -120.583 -79.07 -905.35 Orientation: -0.0989717 0.0464357 -0.0193677 0.993817 Time: 514220495971838
Position: -120.59 -79.0667 -905.36 Orientation: -0.0989382 0.0465689 -0.0193343 0.993815 Time: 514220743789233
Position: -120.583 -79.0633 -905.367 Orientation: -0.0991018 0.0461675 -0.0193337 0.993818 Time: 514221017271883
Position: -120.587 -79.07 -905.37 Orientation: -0.0991086 0.0468374 -0.0193017 0.993786 Time: 514221259714911
Position: -120.583 -79.0667 -905.337 Orientation: -0.098872 0.0458691 -0.0193677 0.993854 Time: 514221502305458
Position: -120.58 -79.0667 -905.34 Orientation: -0.0990362 0.0460347 -0.0194006 0.993829 Time: 514221743569285
Position: -120.583 -79.0633 -905.343 Orientation: -0.0991367 0.0465016 -0.0192673 0.9938 Time: 514222015525989
Position: -120.587 -79.0667 -905.34 Orientation: -0.0991048 0.0462023 -0.0193676 0.993815 Time: 514222252058373
Position: -120.583 -79.0667 -905.34 Orientation: -0.0988711 0.0460687 -0.0193675 0.993845 Time: 514222488650450
Position: -120.58 -79.0667 -905.353 Orientation: -0.0988385 0.0459357 -0.0194677 0.993852 Time: 514222768967448
Position: -120.59 -79.0667 -905.37 Orientation: -0.0989053 0.0465358 -0.0193344 0.99382 Time: 514223003512129
Position: -120.587 -79.0667 -905.36 Orientation: -0.0991071 0.0471701 -0.0192681 0.993771 Time: 514223249666323
Position: -120.57 -79.0667 -905.327 Orientation: -0.0989051 0.0458357 -0.019401 0.993851 Time: 514223480735944
Position: -120.573 -79.0633 -905.327 Orientation: -0.099175 0.0460372 -0.019335 0.993816 Time: 514223715937426
Position: -120.59 -79.07 -905.377 Orientation: -0.0990363 0.0467681 -0.0193339 0.993796 Time: 514223957428234
Position: -120.573 -79.0667 -905.327 Orientation: -0.098971 0.0458687 -0.0194008 0.993843 Time: 514224202072070
Position: -120.583 -79.0633 -905.357 Orientation: -0.0992096 0.0464045 -0.0193019 0.993797 Time: 514224475828087
Position: -120.573 -79.06 -905.347 Orientation: -0.0988056 0.0459359 -0.0194011 0.993857 Time: 514224715703031
Position: -120.583 -79.0667 -905.337 Orientation: -0.099072 0.0461691 -0.0193677 0.99382 Time: 514224953653764
Position: -120.573 -79.07 -905.337 Orientation: -0.0991369 0.0456683 -0.0194007 0.993836 Time: 514225195508047
Position: -120.583 -79.0667 -905.36 Orientation: -0.098941 0.0466703 -0.0193348 0.99381 Time: 514225434356251
Position: -120.577 -79.0667 -905.333 Orientation: -0.0990731 0.045903 -0.0194013 0.993831 Time: 514225682042665
Position: -120.58 -79.07 -905.343 Orientation: -0.0988735 0.0455031 -0.019468 0.993868 Time: 514225925983124
Position: -120.597 -79.0667 -905.373 Orientation: -0.0992721 0.0471693 -0.0192677 0.993755 Time: 514226211423365
Position: -120.583 -79.0667 -905.36 Orientation: -0.0989733 0.0468365 -0.0193013 0.9938 Time: 514226452508496
Position: -120.583 -79.07 -905.347 Orientation: -0.0989721 0.0463359 -0.0194011 0.993821 Time: 514226691787851
Position: -120.583 -79.0667 -905.35 Orientation: -0.0989706 0.0459352 -0.0194341 0.99384 Time: 514226929776985
Position: -120.57 -79.0667 -905.323 Orientation: -0.098707 0.0450698 -0.0195347 0.993903 Time: 514227176136489
Position: -120.597 -79.07 -905.377 Orientation: -0.0987077 0.047137 -0.0193682 0.993811 Time: 514227422535725
Position: -120.573 -79.07 -905.32 Orientation: -0.0988748 0.0451704 -0.0195349 0.993882 Time: 514227667078426
Position: -120.59 -79.0667 -905.357 Orientation: -0.0990691 0.0468012 -0.0193338 0.993791 Time: 514227921179254
Position: -120.583 -79.0633 -905.337 Orientation: -0.0986717 0.046369 -0.0193677 0.99385 Time: 514228163773222
Position: -120.58 -79.07 -905.343 Orientation: -0.0990396 0.0460362 -0.0193679 0.993829 Time: 514228405469721
Position: -120.57 -79.07 -905.32 Orientation: -0.0990406 0.0450366 -0.0194681 0.993873 Time: 514228654089725
Position: -120.583 -79.0667 -905.337 Orientation: -0.0990082 0.0464038 -0.0193683 0.993815 Time: 514228897029488
Position: -120.58 -79.07 -905.33 Orientation: -0.0991366 0.0457348 -0.019434 0.993832 Time: 514229145451596
Position: -120.59 -79.07 -905.373 Orientation: -0.0989714 0.0465022 -0.0193676 0.993814 Time: 514229425303986
Position: -120.573 -79.0633 -905.327 Orientation: -0.0990049 0.0456356 -0.0194676 0.993849 Time: 514229668466549
Position: -120.58 -79.0733 -905.347 Orientation: -0.0991362 0.046568 -0.0193672 0.993795 Time: 514229905565247
Position: -120.587 -79.0667 -905.343 Orientation: -0.0989383 0.0465357 -0.0193343 0.993817 Time: 514230145481252
Position: -120.58 -79.07 -905.333 Orientation: -0.0989711 0.0458354 -0.0194009 0.993845 Time: 514230385638117
Position: -120.587 -79.0633 -905.347 Orientation: -0.0989763 0.0469045 -0.0193019 0.993796 Time: 514230668897890
Position: -120.577 -79.07 -905.337 Orientation: -0.098871 0.0460687 -0.0194009 0.993844 Time: 514230906326224
Position: -120.583 -79.07 -905.357 Orientation: -0.0991732 0.0464031 -0.0193679 0.993799 Time: 514231148572306
Position: -120.593 -79.07 -905.363 Orientation: -0.0989371 0.0468018 -0.0193341 0.993804 Time: 514231387297134
Position: -120.57 -79.07 -905.313 Orientation: -0.0990751 0.0454372 -0.0194683 0.993851 Time: 514231631910174
Position: -120.587 -79.07 -905.353 Orientation: -0.0988418 0.046704 -0.019335 0.993818 Time: 514231885519588
Position: -120.587 -79.07 -905.333 Orientation: -0.0991079 0.0462703 -0.0193349 0.993812 Time: 514232130296115
Position: -120.583 -79.07 -905.35 Orientation: -0.0988747 0.0459704 -0.0194349 0.993847 Time: 514232378485348
Position: -120.58 -79.07 -905.337 Orientation: -0.0990068 0.0459698 -0.0194013 0.993835 Time: 514232624202688
Position: -120.58 -79.07 -905.34 Orientation: -0.0988392 0.0457694 -0.0195012 0.993859 Time: 514232866475766
Position: -120.583 -79.07 -905.34 Orientation: -0.0988727 0.0464028 -0.0194345 0.993828 Time: 514233152446770
Position: -120.58 -79.0733 -905.327 Orientation: -0.0991038 0.0464018 -0.0194008 0.993805 Time: 514233351595837
Position: -120.583 -79.07 -905.353 Orientation: -0.0988068 0.0464032 -0.0194013 0.993835 Time: 514233627932295
Position: -120.583 -79.07 -905.343 Orientation: -0.0990076 0.0465369 -0.0193681 0.993809 Time: 514233864942785
Position: -120.577 -79.0633 -905.313 Orientation: -0.0991042 0.0455686 -0.0194675 0.993842 Time: 514234102156114
Position: -120.58 -79.07 -905.347 Orientation: -0.0989716 0.046469 -0.0193676 0.993816 Time: 514234348539951
Position: -120.577 -79.07 -905.333 Orientation: -0.0989378 0.0458688 -0.0194676 0.993845 Time: 514234633360080
Position: -120.587 -79.0667 -905.343 Orientation: -0.0990384 0.046269 -0.0194343 0.993817 Time: 514234870482730
Position: -120.58 -79.07 -905.34 Orientation: -0.0990035 0.0459683 -0.0194007 0.993835 Time: 514235111371676
Position: -120.58 -79.07 -905.337 Orientation: -0.0990394 0.0460362 -0.0194345 0.993828 Time: 514235344669670
Position: -120.577 -79.07 -905.333 Orientation: -0.0991057 0.0460026 -0.0194011 0.993824 Time: 514235591777034
Position: -120.583 -79.0667 -905.34 Orientation: -0.0988721 0.0465692 -0.0193677 0.993821 Time: 514235869473100
Position: -120.577 -79.0733 -905.317 Orientation: -0.099006 0.0453694 -0.0195012 0.993861 Time: 514236084502886
Position: -120.577 -79.07 -905.343 Orientation: -0.0987081 0.0455704 -0.0195016 0.993881 Time: 514236413711772
Position: -120.58 -79.0733 -905.353 Orientation: -0.0988387 0.0459025 -0.0194677 0.993854 Time: 514236693381284
Position: -120.573 -79.07 -905.32 Orientation: -0.0990047 0.0457022 -0.0194343 0.993847 Time: 514237012409271
Position: -120.577 -79.07 -905.323 Orientation: -0.0990421 0.0462041 -0.0193684 0.993821 Time: 514237257897729
