Position: 11.49 -16.18 -544.06 Orientation: 0.2326 -0.007 0.9687 -0.0861 Time: 6535229413666
Position: 11.49 -16.18 -544.06 Orientation: 0.2326 -0.007 0.9687 -0.0861 Time: 6535258426639
Position: 11.49 -16.14 -544.08 Orientation: 0.2326 -0.0068 0.9686 -0.0863 Time: 6535290409174
Position: 11.5 -16.15 -544.07 Orientation: 0.2323 -0.0068 0.9687 -0.0862 Time: 6535320423027
Position: 11.5 -16.15 -544.07 Orientation: 0.2323 -0.0068 0.9687 -0.0862 Time: 6535351385862
Position: 11.48 -16.16 -544.08 Orientation: 0.2328 -0.0069 0.9686 -0.0863 Time: 6535382445078
Position: 11.48 -16.16 -544.08 Orientation: 0.2328 -0.0069 0.9686 -0.0863 Time: 6535414417348
Position: 11.49 -16.19 -544.08 Orientation: 0.2322 -0.007 0.9688 -0.0861 Time: 6535445385886
Position: 11.49 -16.17 -544.07 Orientation: 0.2322 -0.0068 0.9688 -0.0862 Time: 6535476408603
Position: 11.49 -16.17 -544.07 Orientation: 0.2322 -0.0068 0.9688 -0.0862 Time: 6535507429038
Position: 11.49 -16.15 -544.06 Orientation: 0.2322 -0.0068 0.9687 -0.0863 Time: 6535538406131
Position: 11.49 -16.17 -544.1 Orientation: 0.2327 -0.007 0.9686 -0.0862 Time: 6535570401783
Position: 11.49 -16.17 -544.1 Orientation: 0.2327 -0.007 0.9686 -0.0862 Time: 6535601517459
Position: 11.48 -16.17 -544.05 Orientation: 0.2326 -0.0068 0.9687 -0.0862 Time: 6535632464326
Position: 11.48 -16.17 -544.05 Orientation: 0.2326 -0.0068 0.9687 -0.0862 Time: 6535663438567
Position: 11.5 -16.17 -544.08 Orientation: 0.2325 -0.0069 0.9687 -0.0862 Time: 6535694418511
Position: 11.49 -16.17 -544.06 Orientation: 0.2325 -0.0069 0.9687 -0.0863 Time: 6535726541911
Position: 11.49 -16.17 -544.06 Orientation: 0.2325 -0.0069 0.9687 -0.0863 Time: 6535757443724
Position: 11.49 -16.17 -544.06 Orientation: 0.2323 -0.0068 0.9687 -0.0862 Time: 6535788394582
Position: 11.49 -16.17 -544.07 Orientation: 0.2323 -0.0069 0.9687 -0.0862 Time: 6535819418440
Position: 11.49 -16.17 -544.07 Orientation: 0.2323 -0.0069 0.9687 -0.0862 Time: 6535850544381
Position: 11.49 -16.18 -544.07 Orientation: 0.2325 -0.0069 0.9687 -0.0862 Time: 6535882561134
Position: 11.49 -16.18 -544.07 Orientation: 0.2325 -0.0069 0.9687 -0.0862 Time: 6535913404776
Position: 11.5 -16.16 -544.06 Orientation: 0.2321 -0.0069 0.9688 -0.0863 Time: 6535944426923
Position: 11.49 -16.18 -544.06 Orientation: 0.2323 -0.0069 0.9687 -0.0862 Time: 6535975395461
Position: 11.49 -16.18 -544.06 Orientation: 0.2323 -0.0069 0.9687 -0.0862 Time: 6536006406202
Position: 11.5 -16.18 -544.07 Orientation: 0.2321 -0.0069 0.9688 -0.0862 Time: 6536037388427
Position: 11.49 -16.17 -544.05 Orientation: 0.2324 -0.0068 0.9687 -0.0862 Time: 6536069397766
Position: 11.49 -16.17 -544.05 Orientation: 0.2324 -0.0068 0.9687 -0.0862 Time: 6536100390257
Position: 11.5 -16.15 -544.04 Orientation: 0.2318 -0.0068 0.9688 -0.0863 Time: 6536131414685
Position: 11.5 -16.15 -544.04 Orientation: 0.2318 -0.0068 0.9688 -0.0863 Time: 6536162386075
Position: 11.48 -16.17 -544.08 Orientation: 0.2329 -0.007 0.9686 -0.0862 Time: 6536194388000
Position: 11.49 -16.17 -544.08 Orientation: 0.2326 -0.0069 0.9687 -0.0862 Time: 6536225398740
Position: 11.49 -16.17 -544.08 Orientation: 0.2326 -0.0069 0.9687 -0.0862 Time: 6536256391802
Position: 11.5 -16.18 -544.08 Orientation: 0.2322 -0.007 0.9687 -0.0862 Time: 6536288563677
Position: 11.48 -16.17 -544.05 Orientation: 0.2324 -0.0068 0.9687 -0.0861 Time: 6536320456675
Position: 11.48 -16.17 -544.05 Orientation: 0.2324 -0.0068 0.9687 -0.0861 Time: 6536351507906
Position: 11.5 -16.13 -544.08 Orientation: 0.2325 -0.0069 0.9687 -0.0864 Time: 6536381414542
Position: 11.5 -16.13 -544.08 Orientation: 0.2325 -0.0069 0.9687 -0.0864 Time: 6536412405893
Position: 11.48 -16.18 -544.05 Orientation: 0.2321 -0.0071 0.9688 -0.0862 Time: 6536443404086
Position: 11.51 -16.16 -544.09 Orientation: 0.2322 -0.0068 0.9687 -0.0862 Time: 6536474392015
Position: 11.51 -16.16 -544.09 Orientation: 0.2322 -0.0068 0.9687 -0.0862 Time: 6536506392229
Position: 11.48 -16.18 -544.05 Orientation: 0.2322 -0.0069 0.9687 -0.0863 Time: 6536537389283
Position: 11.5 -16.18 -544.1 Orientation: 0.2326 -0.0069 0.9687 -0.0861 Time: 6536568422265
Position: 11.5 -16.18 -544.1 Orientation: 0.2326 -0.0069 0.9687 -0.0861 Time: 6536599394225
Position: 11.48 -16.16 -544.07 Orientation: 0.2328 -0.0069 0.9686 -0.0862 Time: 6536630396981
Position: 11.48 -16.16 -544.07 Orientation: 0.2328 -0.0069 0.9686 -0.0862 Time: 6536662390352
Position: 11.49 -16.15 -544.04 Orientation: 0.232 -0.007 0.9688 -0.0863 Time: 6536693419912
Position: 11.5 -16.16 -544.08 Orientation: 0.232 -0.007 0.9688 -0.0862 Time: 6536724412973
Position: 11.5 -16.16 -544.08 Orientation: 0.232 -0.007 0.9688 -0.0862 Time: 6536755378660
Position: 11.48 -16.17 -544.07 Orientation: 0.2327 -0.0068 0.9686 -0.0863 Time: 6536786397955
Position: 11.49 -16.18 -544.06 Orientation: 0.2322 -0.0069 0.9687 -0.0862 Time: 6536818370795
Position: 11.49 -16.18 -544.06 Orientation: 0.2322 -0.0069 0.9687 -0.0862 Time: 6536849410621
Position: 11.49 -16.17 -544.07 Orientation: 0.2324 -0.0069 0.9687 -0.0862 Time: 6536880389425
Position: 11.49 -16.17 -544.07 Orientation: 0.2324 -0.0069 0.9687 -0.0862 Time: 6536911391610
Position: 11.49 -16.19 -544.04 Orientation: 0.232 -0.0069 0.9688 -0.0863 Time: 6536943415778
Position: 11.5 -16.21 -544.08 Orientation: 0.2325 -0.0071 0.9687 -0.0862 Time: 6536973414232
Position: 11.5 -16.21 -544.08 Orientation: 0.2325 -0.0071 0.9687 -0.0862 Time: 6537005370533
Position: 11.49 -16.2 -544.04 Orientation: 0.2324 -0.0069 0.9687 -0.0862 Time: 6537036379563
Position: 11.51 -16.17 -544.06 Orientation: 0.2319 -0.0068 0.9688 -0.0862 Time: 6537067405701
Position: 11.51 -16.17 -544.06 Orientation: 0.2319 -0.0068 0.9688 -0.0862 Time: 6537098406177
Position: 11.49 -16.17 -544.04 Orientation: 0.2323 -0.0068 0.9687 -0.0863 Time: 6537130405250
Position: 11.49 -16.17 -544.04 Orientation: 0.2323 -0.0068 0.9687 -0.0863 Time: 6537161380062
Position: 11.5 -16.18 -544.08 Orientation: 0.2325 -0.0071 0.9687 -0.0862 Time: 6537192390232
Position: 11.49 -16.19 -544.04 Orientation: 0.232 -0.0069 0.9688 -0.0862 Time: 6537223375879
Position: 11.49 -16.19 -544.04 Orientation: 0.232 -0.0069 0.9688 -0.0862 Time: 6537254387760
Position: 11.49 -16.19 -544.07 Orientation: 0.2325 -0.007 0.9687 -0.0862 Time: 6537285375118
Position: 11.49 -16.17 -544.1 Orientation: 0.2328 -0.007 0.9686 -0.0861 Time: 6537317387309
Position: 11.49 -16.17 -544.1 Orientation: 0.2328 -0.007 0.9686 -0.0861 Time: 6537348393487
Position: 11.49 -16.13 -544.02 Orientation: 0.2314 -0.0067 0.9689 -0.0863 Time: 6537379371721
Position: 11.49 -16.13 -544.02 Orientation: 0.2314 -0.0067 0.9689 -0.0863 Time: 6537410379039
Position: 11.5 -16.12 -544.08 Orientation: 0.232 -0.0069 0.9688 -0.0863 Time: 6537441540910
Position: 11.49 -16.15 -544.06 Orientation: 0.2325 -0.0069 0.9687 -0.0862 Time: 6537473369463
Position: 11.49 -16.15 -544.06 Orientation: 0.2325 -0.0069 0.9687 -0.0862 Time: 6537504374501
Position: 11.5 -16.15 -544.06 Orientation: 0.2322 -0.0069 0.9687 -0.0862 Time: 6537535360718
Position: 11.49 -16.16 -544.08 Orientation: 0.2325 -0.0069 0.9687 -0.0861 Time: 6537566370318
Position: 11.49 -16.16 -544.08 Orientation: 0.2325 -0.0069 0.9687 -0.0861 Time: 6537598393915
Position: 11.49 -16.14 -544.06 Orientation: 0.232 -0.0069 0.9688 -0.0863 Time: 6537629394390
Position: 11.49 -16.14 -544.06 Orientation: 0.232 -0.0069 0.9688 -0.0863 Time: 6537660364069
Position: 11.5 -16.15 -544.07 Orientation: 0.2321 -0.0069 0.9688 -0.0862 Time: 6537691356560
Position: 11.49 -16.14 -544.05 Orientation: 0.2319 -0.0068 0.9688 -0.0863 Time: 6537722375855
Position: 11.49 -16.14 -544.05 Orientation: 0.2319 -0.0068 0.9688 -0.0863 Time: 6537754367515
Position: 11.49 -16.16 -544.08 Orientation: 0.2324 -0.0069 0.9687 -0.0862 Time: 6537785403919
Position: 11.49 -16.14 -544.07 Orientation: 0.2324 -0.007 0.9687 -0.0862 Time: 6537816335958
Position: 11.49 -16.14 -544.07 Orientation: 0.2324 -0.007 0.9687 -0.0862 Time: 6537847334151
Position: 11.48 -16.14 -544.07 Orientation: 0.2327 -0.0069 0.9686 -0.0863 Time: 6537878330634
Position: 11.48 -16.14 -544.07 Orientation: 0.2327 -0.0069 0.9686 -0.0863 Time: 6537909400686
Position: 11.48 -16.15 -544.09 Orientation: 0.2329 -0.0069 0.9686 -0.0862 Time: 6537941359269
Position: 11.49 -16.15 -544.09 Orientation: 0.2324 -0.0069 0.9687 -0.0862 Time: 6537972343205
Position: 11.49 -16.15 -544.09 Orientation: 0.2324 -0.0069 0.9687 -0.0862 Time: 6538003376758
Position: 11.49 -16.15 -544.08 Orientation: 0.2322 -0.007 0.9687 -0.0862 Time: 6538034348717
Position: 11.49 -16.14 -544.07 Orientation: 0.2326 -0.0069 0.9686 -0.0862 Time: 6538066326120
Position: 11.49 -16.14 -544.07 Orientation: 0.2326 -0.0069 0.9686 -0.0862 Time: 6538097377352
Position: 11.49 -16.13 -544.07 Orientation: 0.2322 -0.0069 0.9687 -0.0863 Time: 6538128352163
Position: 11.49 -16.13 -544.07 Orientation: 0.2322 -0.0069 0.9687 -0.0863 Time: 6538160337550
Position: 11.49 -16.16 -544.07 Orientation: 0.2319 -0.007 0.9688 -0.0862 Time: 6538190358816
Position: 11.49 -16.15 -544.09 Orientation: 0.2326 -0.0069 0.9687 -0.0862 Time: 6538221335909
Position: 11.49 -16.15 -544.09 Orientation: 0.2326 -0.0069 0.9687 -0.0862 Time: 6538253361217
Position: 11.49 -16.15 -544.06 Orientation: 0.2319 -0.0069 0.9688 -0.0862 Time: 6538284318349
Position: 11.49 -16.15 -544.09 Orientation: 0.2325 -0.0069 0.9687 -0.0862 Time: 6538315350191
Position: 11.49 -16.15 -544.09 Orientation: 0.2325 -0.0069 0.9687 -0.0862 Time: 6538346360361
Position: 11.49 -16.15 -544.07 Orientation: 0.2321 -0.0068 0.9688 -0.0862 Time: 6538378386809
Position: 11.49 -16.15 -544.07 Orientation: 0.2321 -0.0068 0.9688 -0.0862 Time: 6538409337668
Position: 11.49 -16.15 -544.09 Orientation: 0.2327 -0.0069 0.9686 -0.0861 Time: 6538440375783
Position: 11.49 -16.14 -544.07 Orientation: 0.2322 -0.0069 0.9687 -0.0862 Time: 6538471371696
Position: 11.49 -16.14 -544.07 Orientation: 0.2322 -0.0069 0.9687 -0.0862 Time: 6538502365897
Position: 11.49 -16.15 -544.07 Orientation: 0.2321 -0.007 0.9688 -0.0862 Time: 6538533345841
Position: 11.49 -16.14 -544.09 Orientation: 0.2324 -0.0068 0.9687 -0.0862 Time: 6538565372290
Position: 11.49 -16.14 -544.09 Orientation: 0.2324 -0.0068 0.9687 -0.0862 Time: 6538596352804
Position: 11.49 -16.15 -544.06 Orientation: 0.2324 -0.0069 0.9687 -0.0862 Time: 6538627343584
Position: 11.49 -16.15 -544.06 Orientation: 0.2324 -0.0069 0.9687 -0.0862 Time: 6538658349762
Position: 11.49 -16.15 -544.08 Orientation: 0.2324 -0.0069 0.9687 -0.0862 Time: 6538690354539
Position: 11.49 -16.15 -544.08 Orientation: 0.2324 -0.007 0.9687 -0.0862 Time: 6538721308820
Position: 11.49 -16.15 -544.08 Orientation: 0.2324 -0.007 0.9687 -0.0862 Time: 6538752372598
Position: 11.49 -16.14 -544.06 Orientation: 0.2322 -0.0067 0.9687 -0.0862 Time: 6538783378206
Position: 11.49 -16.15 -544.06 Orientation: 0.2321 -0.0068 0.9688 -0.0862 Time: 6538814370697
Position: 11.49 -16.15 -544.06 Orientation: 0.2321 -0.0068 0.9688 -0.0862 Time: 6538845328399
Position: 11.48 -16.16 -544.1 Orientation: 0.2327 -0.007 0.9686 -0.0862 Time: 6538877322340
Position: 11.48 -16.16 -544.1 Orientation: 0.2327 -0.007 0.9686 -0.0862 Time: 6538908368440
Position: 11.49 -16.15 -544.08 Orientation: 0.2323 -0.0069 0.9687 -0.0862 Time: 6538939344392
Position: 11.49 -16.15 -544.07 Orientation: 0.2326 -0.0069 0.9686 -0.0862 Time: 6538970314071
Position: 11.49 -16.15 -544.07 Orientation: 0.2326 -0.0069 0.9686 -0.0862 Time: 6539002322839
Position: 11.49 -16.15 -544.09 Orientation: 0.2328 -0.0069 0.9686 -0.0862 Time: 6539033366657
Position: 11.48 -16.15 -544.07 Orientation: 0.2326 -0.0069 0.9686 -0.0862 Time: 6539064310102
Position: 11.48 -16.15 -544.07 Orientation: 0.2326 -0.0069 0.9686 -0.0862 Time: 6539095404677
Position: 11.49 -16.15 -544.07 Orientation: 0.2322 -0.0071 0.9687 -0.0862 Time: 6539126341278
Position: 11.49 -16.15 -544.07 Orientation: 0.2322 -0.0071 0.9687 -0.0862 Time: 6539158305564
Position: 11.49 -16.15 -544.08 Orientation: 0.2328 -0.0069 0.9686 -0.0862 Time: 6539189345390
Position: 11.49 -16.15 -544.06 Orientation: 0.2324 -0.0068 0.9687 -0.0862 Time: 6539220341873
Position: 11.49 -16.15 -544.06 Orientation: 0.2324 -0.0068 0.9687 -0.0862 Time: 6539251340637
Position: 11.49 -16.15 -544.07 Orientation: 0.2322 -0.007 0.9687 -0.0862 Time: 6539282382744
Position: 11.49 -16.15 -544.08 Orientation: 0.2324 -0.0069 0.9687 -0.0863 Time: 6539314362428
Position: 11.49 -16.15 -544.08 Orientation: 0.2324 -0.0069 0.9687 -0.0863 Time: 6539345350926
Position: 11.49 -16.16 -544.08 Orientation: 0.2323 -0.0069 0.9687 -0.0862 Time: 6539376378206
Position: 11.49 -16.16 -544.08 Orientation: 0.2323 -0.0069 0.9687 -0.0862 Time: 6539407322221
Position: 11.49 -16.15 -544.07 Orientation: 0.2324 -0.0068 0.9687 -0.0862 Time: 6539438302735
Position: 11.49 -16.15 -544.05 Orientation: 0.2323 -0.0068 0.9687 -0.0862 Time: 6539470312645
Position: 11.49 -16.15 -544.05 Orientation: 0.2323 -0.0068 0.9687 -0.0862 Time: 6539501329659
Position: 11.49 -16.15 -544.08 Orientation: 0.232 -0.0069 0.9688 -0.0862 Time: 6539532332415
Position: 11.5 -16.15 -544.06 Orientation: 0.2318 -0.0068 0.9688 -0.0862 Time: 6539563368249
Position: 11.5 -16.15 -544.06 Orientation: 0.2318 -0.0068 0.9688 -0.0862 Time: 6539594323670
Position: 11.49 -16.15 -544.09 Orientation: 0.2327 -0.0069 0.9686 -0.0862 Time: 6539626330158
Position: 11.49 -16.15 -544.09 Orientation: 0.2327 -0.0069 0.9686 -0.0862 Time: 6539657315805
Position: 11.49 -16.15 -544.09 Orientation: 0.2327 -0.0069 0.9686 -0.0862 Time: 6539688473683
Position: 11.49 -16.15 -544.08 Orientation: 0.232 -0.0069 0.9688 -0.0862 Time: 6539719321888
Position: 11.49 -16.15 -544.08 Orientation: 0.232 -0.0069 0.9688 -0.0862 Time: 6539750340042
Position: 11.49 -16.16 -544.08 Orientation: 0.2328 -0.0069 0.9686 -0.0862 Time: 6539781357056
Position: 11.49 -16.14 -544.06 Orientation: 0.2321 -0.0068 0.9688 -0.0862 Time: 6539813310506
Position: 11.49 -16.14 -544.06 Orientation: 0.2321 -0.0068 0.9688 -0.0862 Time: 6539844344628
Position: 11.49 -16.15 -544.09 Orientation: 0.2326 -0.007 0.9686 -0.0862 Time: 6539875323432
Position: 11.49 -16.15 -544.09 Orientation: 0.2326 -0.007 0.9686 -0.0862 Time: 6539906358695
Position: 11.49 -16.15 -544.07 Orientation: 0.2322 -0.0069 0.9687 -0.0862 Time: 6539938289903
Position: 11.48 -16.15 -544.09 Orientation: 0.2329 -0.0069 0.9686 -0.0862 Time: 6539969325167
Position: 11.48 -16.15 -544.09 Orientation: 0.2329 -0.0069 0.9686 -0.0862 Time: 6540000354157
Position: 11.49 -16.14 -544.07 Orientation: 0.2318 -0.0069 0.9688 -0.0863 Time: 6540031339804
Position: 11.49 -16.15 -544.08 Orientation: 0.2325 -0.0069 0.9687 -0.0862 Time: 6540062314616
Position: 11.49 -16.15 -544.08 Orientation: 0.2325 -0.0069 0.9687 -0.0862 Time: 6540093280873
Position: 11.49 -16.16 -544.06 Orientation: 0.2321 -0.0068 0.9688 -0.0862 Time: 6540125329563
Position: 11.49 -16.16 -544.06 Orientation: 0.2321 -0.0068 0.9688 -0.0862 Time: 6540156287835
Position: 11.49 -16.15 -544.07 Orientation: 0.2322 -0.0068 0.9688 -0.0862 Time: 6540187296295
Position: 11.49 -16.15 -544.08 Orientation: 0.2326 -0.007 0.9687 -0.0863 Time: 6540218302473
Position: 11.49 -16.15 -544.08 Orientation: 0.2326 -0.007 0.9687 -0.0863 Time: 6540250377397
Position: 11.49 -16.15 -544.08 Orientation: 0.2324 -0.0069 0.9687 -0.0862 Time: 6540281342513
Position: 11.49 -16.15 -544.08 Orientation: 0.2328 -0.0068 0.9686 -0.0862 Time: 6540312289380
Position: 11.49 -16.15 -544.08 Orientation: 0.2328 -0.0068 0.9686 -0.0862 Time: 6540343329206
Position: 11.49 -16.15 -544.06 Orientation: 0.232 -0.0069 0.9688 -0.0862 Time: 6540374321697
Position: 11.49 -16.15 -544.06 Orientation: 0.232 -0.0069 0.9688 -0.0862 Time: 6540405337570
Position: 11.49 -16.15 -544.08 Orientation: 0.2321 -0.007 0.9688 -0.0863 Time: 6540437315542
Position: 11.49 -16.15 -544.07 Orientation: 0.2322 -0.0069 0.9687 -0.0862 Time: 6540468291495
Position: 11.49 -16.15 -544.07 Orientation: 0.2322 -0.0069 0.9687 -0.0862 Time: 6540499370671
Position: 11.48 -16.15 -544.1 Orientation: 0.2331 -0.007 0.9685 -0.0862 Time: 6540530307843
Position: 11.49 -16.15 -544.09 Orientation: 0.2324 -0.007 0.9687 -0.0862 Time: 6540562337713
Position: 11.49 -16.15 -544.09 Orientation: 0.2324 -0.007 0.9687 -0.0862 Time: 6540593305110
Position: 11.49 -16.15 -544.09 Orientation: 0.2325 -0.007 0.9687 -0.0863 Time: 6540624305015
Position: 11.49 -16.15 -544.09 Orientation: 0.2325 -0.007 0.9687 -0.0863 Time: 6540655296365
Position: 11.49 -16.15 -544.08 Orientation: 0.2324 -0.007 0.9687 -0.0862 Time: 6540686315090
Position: 11.48 -16.15 -544.09 Orientation: 0.2327 -0.007 0.9686 -0.0862 Time: 6540717322979
Position: 11.48 -16.15 -544.09 Orientation: 0.2327 -0.007 0.9686 -0.0862 Time: 6540749315780
Position: 11.49 -16.16 -544.08 Orientation: 0.2324 -0.0069 0.9687 -0.0862 Time: 6540780327090
Position: 11.49 -16.15 -544.08 Orientation: 0.2323 -0.0068 0.9687 -0.0862 Time: 6540811329847
