Position: 115.37 -33.62 -766.02 Orientation: 0.2397 0.0309 0.9683 -0.0627 Time: 6069721190197
Position: 115.36 -33.63 -766.08 Orientation: 0.2414 0.0309 0.9679 -0.0625 Time: 6069763682257
Position: 115.37 -33.62 -766.07 Orientation: 0.24 0.031 0.9682 -0.0625 Time: 6069794686154
Position: 115.37 -33.62 -766.07 Orientation: 0.24 0.031 0.9682 -0.0625 Time: 6069825682066
Position: 115.37 -33.62 -766.06 Orientation: 0.24 0.0308 0.9682 -0.0626 Time: 6069856691666
Position: 115.37 -33.62 -766.06 Orientation: 0.24 0.0308 0.9682 -0.0626 Time: 6069887703547
Position: 115.37 -33.63 -766.06 Orientation: 0.2404 0.0311 0.9681 -0.0625 Time: 6069919682090
Position: 115.38 -33.62 -766.03 Orientation: 0.2392 0.0311 0.9684 -0.0627 Time: 6069950671159
Position: 115.38 -33.62 -766.03 Orientation: 0.2392 0.0311 0.9684 -0.0627 Time: 6069981686462
Position: 115.37 -33.63 -766.07 Orientation: 0.2398 0.0308 0.9682 -0.0626 Time: 6070012674391
Position: 115.38 -33.62 -766.06 Orientation: 0.2396 0.031 0.9683 -0.0626 Time: 6070043683420
Position: 115.38 -33.62 -766.06 Orientation: 0.2396 0.031 0.9683 -0.0626 Time: 6070075676791
Position: 115.38 -33.62 -766.07 Orientation: 0.2398 0.031 0.9682 -0.0626 Time: 6070106685250
Position: 115.38 -33.62 -766.07 Orientation: 0.2398 0.031 0.9682 -0.0626 Time: 6070137672038
Position: 115.38 -33.63 -766.07 Orientation: 0.2403 0.0307 0.9681 -0.0627 Time: 6070168682779
Position: 115.37 -33.62 -766.08 Orientation: 0.2405 0.0311 0.9681 -0.0625 Time: 6070199681543
Position: 115.37 -33.62 -766.08 Orientation: 0.2405 0.0311 0.9681 -0.0625 Time: 6070231677765
Position: 115.38 -33.63 -766.07 Orientation: 0.2399 0.0312 0.9682 -0.0625 Time: 6070262735270
Position: 115.38 -33.64 -766.06 Orientation: 0.2399 0.0312 0.9682 -0.0625 Time: 6070293686700
Position: 115.38 -33.64 -766.06 Orientation: 0.2399 0.0312 0.9682 -0.0625 Time: 6070324659230
Position: 115.37 -33.62 -766.06 Orientation: 0.24 0.031 0.9682 -0.0626 Time: 6070355632901
Position: 115.37 -33.62 -766.06 Orientation: 0.24 0.031 0.9682 -0.0626 Time: 6070387670755
Position: 115.37 -33.63 -766.06 Orientation: 0.2401 0.0307 0.9682 -0.0627 Time: 6070418679214
Position: 115.38 -33.62 -766.06 Orientation: 0.2396 0.031 0.9683 -0.0626 Time: 6070449653456
Position: 115.38 -33.62 -766.06 Orientation: 0.2396 0.031 0.9683 -0.0626 Time: 6070480669899
Position: 115.38 -33.62 -766.08 Orientation: 0.2404 0.0308 0.9681 -0.0627 Time: 6070512684941
Position: 115.38 -33.64 -766.11 Orientation: 0.2407 0.0308 0.968 -0.0626 Time: 6070543667167
Position: 115.38 -33.64 -766.11 Orientation: 0.2407 0.0308 0.968 -0.0626 Time: 6070574677337
Position: 115.37 -33.62 -766.06 Orientation: 0.2403 0.0308 0.9681 -0.0626 Time: 6070605672109
Position: 115.37 -33.62 -766.06 Orientation: 0.2403 0.0308 0.9681 -0.0626 Time: 6070636713075
Position: 115.36 -33.63 -766.09 Orientation: 0.2411 0.0307 0.9679 -0.0625 Time: 6070667674770
Position: 115.39 -33.63 -766.04 Orientation: 0.2394 0.0309 0.9683 -0.0626 Time: 6070699656735
Position: 115.39 -33.63 -766.04 Orientation: 0.2394 0.0309 0.9683 -0.0626 Time: 6070730669186
Position: 115.38 -33.62 -766.05 Orientation: 0.2399 0.0311 0.9682 -0.0626 Time: 6070761694184
Position: 115.38 -33.64 -766.05 Orientation: 0.2399 0.0311 0.9682 -0.0625 Time: 6070792674699
Position: 115.38 -33.64 -766.05 Orientation: 0.2399 0.0311 0.9682 -0.0625 Time: 6070823684869
Position: 115.37 -33.62 -766.09 Orientation: 0.2405 0.0307 0.9681 -0.0626 Time: 6070855665123
Position: 115.37 -33.62 -766.09 Orientation: 0.2405 0.0307 0.9681 -0.0626 Time: 6070886786502
Position: 115.37 -33.63 -766.1 Orientation: 0.2406 0.0308 0.968 -0.0626 Time: 6070917668354
Position: 115.38 -33.63 -766.07 Orientation: 0.2401 0.0309 0.9682 -0.0626 Time: 6070948657993
Position: 115.38 -33.63 -766.07 Orientation: 0.2401 0.0309 0.9682 -0.0626 Time: 6070979668164
Position: 115.37 -33.62 -766.09 Orientation: 0.2402 0.0309 0.9681 -0.0626 Time: 6071011660964
Position: 115.37 -33.63 -766.09 Orientation: 0.2406 0.0308 0.968 -0.0626 Time: 6071042666002
Position: 115.37 -33.63 -766.09 Orientation: 0.2406 0.0308 0.968 -0.0626 Time: 6071073649938
Position: 115.37 -33.62 -766.04 Orientation: 0.2399 0.0311 0.9682 -0.0626 Time: 6071104672084
Position: 115.37 -33.62 -766.04 Orientation: 0.2399 0.0311 0.9682 -0.0626 Time: 6071136736173
Position: 115.38 -33.63 -766.05 Orientation: 0.24 0.0311 0.9682 -0.0625 Time: 6071167650532
Position: 115.37 -33.64 -766.08 Orientation: 0.2407 0.0308 0.968 -0.0625 Time: 6071198649867
Position: 115.37 -33.64 -766.08 Orientation: 0.2407 0.0308 0.968 -0.0625 Time: 6071229662888
Position: 115.37 -33.61 -766.03 Orientation: 0.2395 0.031 0.9683 -0.0626 Time: 6071260650246
Position: 115.36 -33.64 -766.09 Orientation: 0.2415 0.0309 0.9678 -0.0625 Time: 6071291626769
Position: 115.36 -33.64 -766.09 Orientation: 0.2415 0.0309 0.9678 -0.0625 Time: 6071323656639
Position: 115.38 -33.62 -766.05 Orientation: 0.2399 0.0311 0.9682 -0.0625 Time: 6071354659395
Position: 115.38 -33.62 -766.05 Orientation: 0.2399 0.0311 0.9682 -0.0625 Time: 6071385646753
Position: 115.37 -33.62 -766.08 Orientation: 0.2405 0.031 0.9681 -0.0625 Time: 6071416653502
Position: 115.37 -33.64 -766.06 Orientation: 0.2404 0.031 0.9681 -0.0624 Time: 6071447660820
Position: 115.37 -33.64 -766.06 Orientation: 0.2404 0.031 0.9681 -0.0624 Time: 6071479657613
Position: 115.37 -33.62 -766.06 Orientation: 0.24 0.0308 0.9682 -0.0626 Time: 6071510648393
Position: 115.37 -33.63 -766.05 Orientation: 0.2404 0.0309 0.9681 -0.0626 Time: 6071541654001
Position: 115.37 -33.63 -766.05 Orientation: 0.2404 0.0309 0.9681 -0.0626 Time: 6071572648773
Position: 115.38 -33.63 -766.04 Orientation: 0.2398 0.031 0.9682 -0.0626 Time: 6071603642404
Position: 115.38 -33.63 -766.04 Orientation: 0.2398 0.031 0.9682 -0.0626 Time: 6071635643759
Position: 115.38 -33.62 -766.07 Orientation: 0.2401 0.0311 0.9682 -0.0625 Time: 6071666652789
Position: 115.38 -33.63 -766.06 Orientation: 0.24 0.0306 0.9682 -0.0627 Time: 6071697632733
Position: 115.38 -33.63 -766.06 Orientation: 0.24 0.0306 0.9682 -0.0627 Time: 6071728646895
Position: 115.37 -33.62 -766.07 Orientation: 0.2404 0.0309 0.9681 -0.0625 Time: 6071759616004
Position: 115.38 -33.63 -766.04 Orientation: 0.2396 0.0311 0.9683 -0.0626 Time: 6071791640171
Position: 115.38 -33.63 -766.04 Orientation: 0.2396 0.0311 0.9683 -0.0626 Time: 6071822614982
Position: 115.37 -33.63 -766.07 Orientation: 0.2406 0.031 0.968 -0.0625 Time: 6071853671917
Position: 115.37 -33.63 -766.07 Orientation: 0.2406 0.031 0.968 -0.0625 Time: 6071884617073
Position: 115.36 -33.63 -766.06 Orientation: 0.2406 0.0311 0.968 -0.0624 Time: 6071915644352
Position: 115.38 -33.63 -766.04 Orientation: 0.2398 0.0309 0.9682 -0.0626 Time: 6071947612060
Position: 115.38 -33.63 -766.04 Orientation: 0.2398 0.0309 0.9682 -0.0626 Time: 6071978637058
Position: 115.37 -33.62 -766.04 Orientation: 0.2402 0.0311 0.9682 -0.0625 Time: 6072009635822
Position: 115.36 -33.62 -766.06 Orientation: 0.2405 0.0309 0.9681 -0.0625 Time: 6072041642310
Position: 115.36 -33.62 -766.06 Orientation: 0.2405 0.0309 0.9681 -0.0625 Time: 6072071634491
Position: 115.38 -33.63 -766.03 Orientation: 0.2394 0.0311 0.9683 -0.0626 Time: 6072103635275
Position: 115.38 -33.63 -766.03 Orientation: 0.2394 0.0311 0.9683 -0.0626 Time: 6072134634040
Position: 115.37 -33.62 -766.08 Orientation: 0.2403 0.031 0.9681 -0.0626 Time: 6072165647632
Position: 115.37 -33.63 -766.07 Orientation: 0.2403 0.0307 0.9681 -0.0627 Time: 6072196630998
Position: 115.37 -33.63 -766.07 Orientation: 0.2403 0.0307 0.9681 -0.0627 Time: 6072227644019
Position: 115.37 -33.62 -766.05 Orientation: 0.2398 0.031 0.9682 -0.0626 Time: 6072259635679
Position: 115.37 -33.63 -766.06 Orientation: 0.2406 0.0309 0.968 -0.0625 Time: 6072290642998
Position: 115.37 -33.63 -766.06 Orientation: 0.2406 0.0309 0.968 -0.0625 Time: 6072321632067
Position: 115.37 -33.63 -766.04 Orientation: 0.2401 0.0308 0.9682 -0.0626 Time: 6072352636534
Position: 115.37 -33.63 -766.04 Orientation: 0.2401 0.0308 0.9682 -0.0626 Time: 6072383625603
Position: 115.38 -33.62 -766.05 Orientation: 0.2396 0.0312 0.9683 -0.0626 Time: 6072415636653
Position: 115.37 -33.64 -766.08 Orientation: 0.2405 0.0307 0.9681 -0.0626 Time: 6072446623441
Position: 115.37 -33.64 -766.08 Orientation: 0.2405 0.0307 0.9681 -0.0626 Time: 6072477639885
Position: 115.37 -33.63 -766.05 Orientation: 0.2399 0.0309 0.9682 -0.0626 Time: 6072508620969
Position: 115.38 -33.62 -766.02 Orientation: 0.2394 0.0311 0.9683 -0.0626 Time: 6072539640835
Position: 115.38 -33.62 -766.02 Orientation: 0.2394 0.0311 0.9683 -0.0626 Time: 6072571630784
Position: 115.38 -33.63 -766.04 Orientation: 0.2399 0.0312 0.9682 -0.0625 Time: 6072602613009
Position: 115.38 -33.63 -766.04 Orientation: 0.2399 0.0312 0.9682 -0.0625 Time: 6072633606641
Position: 115.37 -33.62 -766.08 Orientation: 0.2408 0.0307 0.968 -0.0626 Time: 6072664762808
Position: 115.37 -33.62 -766.04 Orientation: 0.2396 0.0309 0.9683 -0.0627 Time: 6072697760481
Position: 115.37 -33.62 -766.04 Orientation: 0.2396 0.0309 0.9683 -0.0627 Time: 6072727605524
Position: 115.38 -33.63 -766.05 Orientation: 0.2399 0.0308 0.9682 -0.0627 Time: 6072758613413
Position: 115.36 -33.63 -766.08 Orientation: 0.2408 0.0307 0.968 -0.0626 Time: 6072789627005
Position: 115.36 -33.63 -766.08 Orientation: 0.2408 0.0307 0.968 -0.0626 Time: 6072820614933
Position: 115.37 -33.63 -766.04 Orientation: 0.2404 0.0311 0.9681 -0.0625 Time: 6072851613127
Position: 115.37 -33.63 -766.04 Orientation: 0.2404 0.0311 0.9681 -0.0625 Time: 6072883612201
Position: 115.37 -33.62 -766.05 Orientation: 0.2405 0.0309 0.9681 -0.0625 Time: 6072914703354
Position: 115.38 -33.63 -766.04 Orientation: 0.2396 0.0309 0.9683 -0.0626 Time: 6072945734055
Position: 115.38 -33.63 -766.04 Orientation: 0.2396 0.0309 0.9683 -0.0626 Time: 6072976742514
Position: 115.38 -33.61 -766.04 Orientation: 0.2395 0.031 0.9683 -0.0627 Time: 6073008743299
Position: 115.37 -33.63 -766.06 Orientation: 0.24 0.0311 0.9682 -0.0626 Time: 6073039731798
Position: 115.37 -33.63 -766.06 Orientation: 0.24 0.0311 0.9682 -0.0626 Time: 6073070769343
Position: 115.38 -33.63 -766.08 Orientation: 0.2404 0.0309 0.9681 -0.0625 Time: 6073101728756
Position: 115.38 -33.63 -766.08 Orientation: 0.2404 0.0309 0.9681 -0.0625 Time: 6073132729231
Position: 115.38 -33.62 -766.05 Orientation: 0.2399 0.031 0.9682 -0.0626 Time: 6073164739141
Position: 115.38 -33.63 -766.06 Orientation: 0.2397 0.0309 0.9683 -0.0626 Time: 6073195745889
Position: 115.38 -33.63 -766.06 Orientation: 0.2397 0.0309 0.9683 -0.0626 Time: 6073226736099
Position: 115.37 -33.62 -766.06 Orientation: 0.2403 0.031 0.9681 -0.0625 Time: 6073257744558
Position: 115.36 -33.62 -766.08 Orientation: 0.241 0.031 0.968 -0.0624 Time: 6073288734767
Position: 115.36 -33.62 -766.08 Orientation: 0.241 0.031 0.968 -0.0624 Time: 6073320748099
Position: 115.38 -33.64 -766.05 Orientation: 0.2396 0.0313 0.9683 -0.0625 Time: 6073351742301
Position: 115.38 -33.64 -766.05 Orientation: 0.2396 0.0313 0.9683 -0.0625 Time: 6073382734221
Position: 115.37 -33.61 -766.02 Orientation: 0.2396 0.031 0.9683 -0.0626 Time: 6073413721009
Position: 115.38 -33.63 -766.06 Orientation: 0.2396 0.0311 0.9683 -0.0625 Time: 6073444748288
Position: 115.38 -33.63 -766.06 Orientation: 0.2396 0.0311 0.9683 -0.0625 Time: 6073476733104
Position: 115.37 -33.63 -766.04 Orientation: 0.2397 0.0308 0.9683 -0.0626 Time: 6073507726736
