Position: 39.44 -17.27 -603.36 Orientation: 0.2362 0.0123 0.9687 -0.074 Time: 6447656182615
Position: 39.44 -17.25 -603.35 Orientation: 0.2361 0.0123 0.9688 -0.074 Time: 6447684153646
Position: 39.44 -17.23 -603.34 Orientation: 0.2361 0.0123 0.9688 -0.0741 Time: 6447716127626
Position: 39.44 -17.23 -603.34 Orientation: 0.2361 0.0123 0.9688 -0.0741 Time: 6447747154905
Position: 39.44 -17.26 -603.37 Orientation: 0.236 0.0122 0.9688 -0.0741 Time: 6447778172490
Position: 39.44 -17.26 -603.37 Orientation: 0.236 0.0122 0.9688 -0.0741 Time: 6447809148442
Position: 39.44 -17.27 -603.39 Orientation: 0.2367 0.0122 0.9686 -0.074 Time: 6447840163745
Position: 39.44 -17.24 -603.36 Orientation: 0.2362 0.0124 0.9687 -0.074 Time: 6447871141978
Position: 39.44 -17.24 -603.36 Orientation: 0.2362 0.0124 0.9687 -0.074 Time: 6447903171278
Position: 39.44 -17.25 -603.34 Orientation: 0.2356 0.0124 0.9689 -0.0741 Time: 6447934150081
Position: 39.44 -17.26 -603.37 Orientation: 0.236 0.0123 0.9688 -0.074 Time: 6447965131166
Position: 39.44 -17.26 -603.37 Orientation: 0.236 0.0123 0.9688 -0.074 Time: 6447996151602
Position: 39.44 -17.25 -603.37 Orientation: 0.2364 0.0124 0.9687 -0.074 Time: 6448027163483
Position: 39.44 -17.25 -603.37 Orientation: 0.2364 0.0124 0.9687 -0.074 Time: 6448059140885
Position: 39.44 -17.25 -603.36 Orientation: 0.2361 0.0122 0.9688 -0.0741 Time: 6448090166454
Position: 39.44 -17.24 -603.35 Orientation: 0.2359 0.0124 0.9688 -0.074 Time: 6448121148109
Position: 39.44 -17.24 -603.35 Orientation: 0.2359 0.0124 0.9688 -0.074 Time: 6448152166263
Position: 39.44 -17.25 -603.35 Orientation: 0.236 0.0123 0.9688 -0.074 Time: 6448184282819
Position: 39.44 -17.25 -603.35 Orientation: 0.2361 0.0123 0.9688 -0.074 Time: 6448215201171
Position: 39.44 -17.25 -603.35 Orientation: 0.2361 0.0123 0.9688 -0.074 Time: 6448246152600
Position: 39.44 -17.25 -603.36 Orientation: 0.2362 0.0123 0.9687 -0.074 Time: 6448277158208
Position: 39.44 -17.25 -603.36 Orientation: 0.2362 0.0123 0.9687 -0.074 Time: 6448308141003
Position: 39.44 -17.24 -603.35 Orientation: 0.236 0.0123 0.9688 -0.0741 Time: 6448339155736
Position: 39.44 -17.24 -603.36 Orientation: 0.2361 0.0122 0.9688 -0.0741 Time: 6448371277995
Position: 39.44 -17.24 -603.36 Orientation: 0.2361 0.0122 0.9688 -0.0741 Time: 6448402149582
Position: 39.43 -17.26 -603.38 Orientation: 0.2366 0.0123 0.9687 -0.074 Time: 6448433131237
Position: 39.44 -17.24 -603.35 Orientation: 0.2362 0.0124 0.9687 -0.074 Time: 6448464299951
Position: 39.44 -17.24 -603.35 Orientation: 0.2362 0.0124 0.9687 -0.074 Time: 6448496156449
Position: 39.44 -17.24 -603.35 Orientation: 0.2361 0.0124 0.9687 -0.074 Time: 6448527163768
Position: 39.44 -17.24 -603.35 Orientation: 0.2361 0.0124 0.9687 -0.074 Time: 6448558128314
Position: 39.44 -17.25 -603.37 Orientation: 0.2362 0.0123 0.9687 -0.074 Time: 6448589145898
Position: 39.44 -17.25 -603.37 Orientation: 0.2362 0.0123 0.9687 -0.0741 Time: 6448620139530
Position: 39.44 -17.25 -603.37 Orientation: 0.2362 0.0123 0.9687 -0.0741 Time: 6448651146848
Position: 39.44 -17.23 -603.35 Orientation: 0.2358 0.0123 0.9688 -0.0741 Time: 6448683163601
Position: 39.43 -17.25 -603.37 Orientation: 0.2367 0.0122 0.9686 -0.074 Time: 6448714293535
Position: 39.43 -17.25 -603.37 Orientation: 0.2367 0.0122 0.9686 -0.074 Time: 6448755174492
Position: 39.44 -17.25 -603.36 Orientation: 0.236 0.0122 0.9688 -0.0741 Time: 6448793152041
Position: 39.44 -17.24 -603.35 Orientation: 0.2359 0.0124 0.9688 -0.0741 Time: 6448823128824
Position: 39.44 -17.24 -603.35 Orientation: 0.2359 0.0124 0.9688 -0.0741 Time: 6448854144127
Position: 39.44 -17.25 -603.36 Orientation: 0.2362 0.0124 0.9687 -0.074 Time: 6448885127493
Position: 39.45 -17.25 -603.36 Orientation: 0.2357 0.0123 0.9689 -0.0741 Time: 6448917125427
Position: 39.45 -17.25 -603.36 Orientation: 0.2357 0.0123 0.9689 -0.0741 Time: 6448948119058
Position: 39.44 -17.25 -603.33 Orientation: 0.2354 0.0124 0.9689 -0.074 Time: 6448979139494
Position: 39.44 -17.25 -603.33 Orientation: 0.2354 0.0124 0.9689 -0.074 Time: 6449010124000
Position: 39.44 -17.23 -603.35 Orientation: 0.2358 0.0126 0.9688 -0.074 Time: 6449041113069
Position: 39.45 -17.25 -603.35 Orientation: 0.2356 0.0122 0.9689 -0.0741 Time: 6449073173165
Position: 39.45 -17.25 -603.35 Orientation: 0.2356 0.0122 0.9689 -0.0741 Time: 6449104167937
Position: 39.44 -17.25 -603.39 Orientation: 0.2364 0.0122 0.9687 -0.074 Time: 6449135111382
Position: 39.44 -17.24 -603.35 Orientation: 0.2361 0.0123 0.9688 -0.074 Time: 6449166142654
Position: 39.44 -17.24 -603.35 Orientation: 0.2361 0.0123 0.9688 -0.074 Time: 6449197161378
Position: 39.44 -17.23 -603.35 Orientation: 0.2356 0.0123 0.9689 -0.0741 Time: 6449230094607
Position: 39.44 -17.25 -603.36 Orientation: 0.2363 0.0123 0.9687 -0.074 Time: 6449260151802
Position: 39.44 -17.25 -603.36 Orientation: 0.2363 0.0123 0.9687 -0.074 Time: 6449291118630
Position: 39.44 -17.24 -603.36 Orientation: 0.2359 0.0122 0.9688 -0.0741 Time: 6449322133933
Position: 39.44 -17.24 -603.36 Orientation: 0.2359 0.0122 0.9688 -0.0741 Time: 6449353097908
Position: 39.44 -17.23 -603.35 Orientation: 0.2362 0.0124 0.9687 -0.0741 Time: 6449385153442
Position: 39.44 -17.25 -603.36 Orientation: 0.2363 0.0124 0.9687 -0.074 Time: 6449416106582
Position: 39.44 -17.25 -603.36 Orientation: 0.2363 0.0124 0.9687 -0.074 Time: 6449447133291
Position: 39.44 -17.24 -603.36 Orientation: 0.2362 0.0123 0.9687 -0.074 Time: 6449478131485
Position: 39.44 -17.24 -603.36 Orientation: 0.2362 0.0123 0.9687 -0.074 Time: 6449509125687
Position: 39.44 -17.25 -603.35 Orientation: 0.2362 0.0123 0.9687 -0.074 Time: 6449541133315
Position: 39.44 -17.24 -603.37 Orientation: 0.2365 0.0122 0.9687 -0.074 Time: 6449572087025
Position: 39.44 -17.24 -603.37 Orientation: 0.2365 0.0122 0.9687 -0.074 Time: 6449603100617
Position: 39.45 -17.24 -603.33 Orientation: 0.2353 0.0125 0.9689 -0.074 Time: 6449634106795
Position: 39.44 -17.25 -603.36 Orientation: 0.2363 0.0124 0.9687 -0.074 Time: 6449665100427
Position: 39.44 -17.25 -603.36 Orientation: 0.2363 0.0124 0.9687 -0.074 Time: 6449697082392
Position: 39.44 -17.24 -603.38 Orientation: 0.2364 0.0122 0.9687 -0.0741 Time: 6449728117085
Position: 39.44 -17.24 -603.38 Orientation: 0.2364 0.0122 0.9687 -0.0741 Time: 6449759127255
Position: 39.44 -17.24 -603.35 Orientation: 0.2362 0.0124 0.9687 -0.074 Time: 6449790113472
Position: 39.44 -17.25 -603.36 Orientation: 0.2363 0.0123 0.9687 -0.074 Time: 6449821131057
Position: 39.44 -17.25 -603.36 Orientation: 0.2363 0.0123 0.9687 -0.074 Time: 6449853115303
Position: 39.44 -17.24 -603.36 Orientation: 0.2363 0.0123 0.9687 -0.074 Time: 6449884100379
Position: 39.44 -17.24 -603.36 Orientation: 0.2363 0.0123 0.9687 -0.074 Time: 6449915124237
Position: 39.44 -17.24 -603.36 Orientation: 0.2363 0.0123 0.9687 -0.074 Time: 6449946114447
Position: 39.45 -17.25 -603.36 Orientation: 0.2359 0.0123 0.9688 -0.074 Time: 6449977101805
Position: 39.45 -17.25 -603.36 Orientation: 0.2359 0.0123 0.9688 -0.074 Time: 6450009096316
Position: 39.45 -17.24 -603.34 Orientation: 0.2356 0.0125 0.9689 -0.074 Time: 6450040086526
Position: 39.45 -17.24 -603.34 Orientation: 0.2356 0.0124 0.9689 -0.074 Time: 6450071078446
Position: 39.45 -17.24 -603.34 Orientation: 0.2356 0.0124 0.9689 -0.074 Time: 6450102096030
Position: 39.44 -17.25 -603.37 Orientation: 0.2362 0.0123 0.9687 -0.074 Time: 6450133089662
Position: 39.44 -17.24 -603.37 Orientation: 0.2364 0.0123 0.9687 -0.0741 Time: 6450165115540
Position: 39.44 -17.24 -603.37 Orientation: 0.2364 0.0123 0.9687 -0.0741 Time: 6450196087500
Position: 39.44 -17.25 -603.35 Orientation: 0.236 0.0123 0.9688 -0.074 Time: 6450227105084
Position: 39.44 -17.25 -603.35 Orientation: 0.236 0.0123 0.9688 -0.074 Time: 6450258095864
Position: 39.44 -17.24 -603.35 Orientation: 0.2362 0.0123 0.9687 -0.074 Time: 6450289086073
Position: 39.44 -17.25 -603.35 Orientation: 0.2356 0.0123 0.9689 -0.0741 Time: 6450321092561
Position: 39.44 -17.25 -603.35 Orientation: 0.2356 0.0123 0.9689 -0.0741 Time: 6450352140371
Position: 39.44 -17.24 -603.36 Orientation: 0.2361 0.0121 0.9687 -0.0741 Time: 6450383109480
Position: 39.44 -17.25 -603.37 Orientation: 0.2364 0.0123 0.9687 -0.074 Time: 6450414076877
Position: 39.44 -17.25 -603.37 Orientation: 0.2364 0.0123 0.9687 -0.074 Time: 6450445088758
Position: 39.44 -17.25 -603.37 Orientation: 0.2363 0.0123 0.9687 -0.074 Time: 6450477098668
Position: 39.44 -17.25 -603.37 Orientation: 0.2363 0.0123 0.9687 -0.074 Time: 6450508094581
Position: 39.44 -17.24 -603.36 Orientation: 0.2363 0.0124 0.9687 -0.074 Time: 6450539116727
Position: 39.44 -17.24 -603.36 Orientation: 0.236 0.0123 0.9688 -0.0741 Time: 6450570093250
Position: 39.44 -17.24 -603.36 Orientation: 0.236 0.0123 0.9688 -0.0741 Time: 6450601175848
Position: 39.43 -17.25 -603.37 Orientation: 0.2367 0.0122 0.9686 -0.074 Time: 6450633113329
Position: 39.44 -17.25 -603.36 Orientation: 0.236 0.0123 0.9688 -0.074 Time: 6450664104109
Position: 39.44 -17.25 -603.36 Orientation: 0.236 0.0123 0.9688 -0.074 Time: 6450695101163
Position: 39.44 -17.24 -603.34 Orientation: 0.2357 0.0125 0.9689 -0.074 Time: 6450726098786
Position: 39.44 -17.24 -603.34 Orientation: 0.2357 0.0125 0.9689 -0.074 Time: 6450757082722
Position: 39.44 -17.24 -603.35 Orientation: 0.2358 0.0124 0.9688 -0.074 Time: 6450789117725
Position: 39.44 -17.25 -603.35 Orientation: 0.2359 0.0122 0.9688 -0.074 Time: 6450820087404
Position: 39.44 -17.25 -603.35 Orientation: 0.2359 0.0122 0.9688 -0.074 Time: 6450851073621
Position: 39.45 -17.24 -603.34 Orientation: 0.2352 0.0125 0.969 -0.074 Time: 6450882154509
Position: 39.44 -17.23 -603.37 Orientation: 0.2363 0.0123 0.9687 -0.0741 Time: 6450913083126
Position: 39.44 -17.23 -603.37 Orientation: 0.2363 0.0123 0.9687 -0.0741 Time: 6450945085622
Position: 39.43 -17.25 -603.38 Orientation: 0.237 0.0121 0.9685 -0.074 Time: 6450976104347
Position: 39.43 -17.25 -603.38 Orientation: 0.237 0.0121 0.9685 -0.074 Time: 6451007079158
Position: 39.44 -17.24 -603.35 Orientation: 0.236 0.0124 0.9688 -0.074 Time: 6451038071649
Position: 39.44 -17.24 -603.38 Orientation: 0.2363 0.0122 0.9687 -0.0741 Time: 6451069097787
Position: 39.44 -17.24 -603.38 Orientation: 0.2363 0.0122 0.9687 -0.0741 Time: 6451101083174
Position: 39.44 -17.24 -603.36 Orientation: 0.236 0.0122 0.9688 -0.0741 Time: 6451132146382
Position: 39.43 -17.24 -603.37 Orientation: 0.2365 0.0123 0.9687 -0.074 Time: 6451163053328
Position: 39.43 -17.24 -603.37 Orientation: 0.2365 0.0123 0.9687 -0.074 Time: 6451194073193
Position: 39.44 -17.25 -603.36 Orientation: 0.2361 0.0123 0.9688 -0.074 Time: 6451225098191
Position: 39.44 -17.25 -603.36 Orientation: 0.2361 0.0123 0.9688 -0.074 Time: 6451257083008
Position: 39.44 -17.24 -603.36 Orientation: 0.236 0.0123 0.9688 -0.074 Time: 6451288089756
Position: 39.44 -17.24 -603.36 Orientation: 0.2359 0.0124 0.9688 -0.074 Time: 6451319063427
Position: 39.44 -17.24 -603.36 Orientation: 0.2359 0.0124 0.9688 -0.074 Time: 6451350094698
Position: 39.44 -17.25 -603.35 Orientation: 0.236 0.0123 0.9688 -0.074 Time: 6451381080916
Position: 39.44 -17.24 -603.36 Orientation: 0.2363 0.0124 0.9687 -0.074 Time: 6451413079419
Position: 39.44 -17.24 -603.36 Orientation: 0.2363 0.0124 0.9687 -0.074 Time: 6451444073621
Position: 39.44 -17.25 -603.37 Orientation: 0.2361 0.0123 0.9688 -0.074 Time: 6451475094057
Position: 39.44 -17.25 -603.37 Orientation: 0.2361 0.0123 0.9688 -0.074 Time: 6451506060313
Position: 39.44 -17.25 -603.35 Orientation: 0.2362 0.0124 0.9687 -0.074 Time: 6451537069913
Position: 39.44 -17.24 -603.34 Orientation: 0.2357 0.0124 0.9689 -0.074 Time: 6451569064995
Position: 39.44 -17.24 -603.34 Orientation: 0.2357 0.0124 0.9689 -0.074 Time: 6451600093985
Position: 39.43 -17.24 -603.37 Orientation: 0.2368 0.0123 0.9686 -0.074 Time: 6451631073359
Position: 39.44 -17.25 -603.38 Orientation: 0.2363 0.0123 0.9687 -0.074 Time: 6451662047030
Position: 39.44 -17.25 -603.38 Orientation: 0.2363 0.0123 0.9687 -0.074 Time: 6451693066325
Position: 39.44 -17.25 -603.35 Orientation: 0.236 0.0122 0.9688 -0.0741 Time: 6451725069961
Position: 39.44 -17.25 -603.35 Orientation: 0.236 0.0122 0.9688 -0.0741 Time: 6451756045913
Position: 39.44 -17.23 -603.35 Orientation: 0.2359 0.0124 0.9688 -0.074 Time: 6451787089731
Position: 39.44 -17.24 -603.36 Orientation: 0.2364 0.0123 0.9687 -0.0741 Time: 6451818044582
Position: 39.44 -17.24 -603.36 Orientation: 0.2364 0.0123 0.9687 -0.0741 Time: 6451849225273
Position: 39.45 -17.25 -603.36 Orientation: 0.2355 0.0124 0.9689 -0.074 Time: 6451881064092
Position: 39.44 -17.24 -603.37 Orientation: 0.2365 0.0122 0.9687 -0.0741 Time: 6451912104488
Position: 39.44 -17.24 -603.37 Orientation: 0.2365 0.0122 0.9687 -0.0741 Time: 6451943083292
Position: 39.44 -17.24 -603.35 Orientation: 0.2362 0.0123 0.9687 -0.0741 Time: 6451974068939
Position: 39.44 -17.24 -603.35 Orientation: 0.2362 0.0123 0.9687 -0.0741 Time: 6452005056297
Position: 39.44 -17.25 -603.37 Orientation: 0.2366 0.0122 0.9686 -0.074 Time: 6452037054800
Position: 39.44 -17.24 -603.37 Orientation: 0.2362 0.0122 0.9687 -0.0741 Time: 6452068050713
Position: 39.44 -17.24 -603.37 Orientation: 0.2362 0.0122 0.9687 -0.0741 Time: 6452099213154
Position: 39.44 -17.24 -603.37 Orientation: 0.2363 0.0122 0.9687 -0.074 Time: 6452130060788
Position: 39.44 -17.24 -603.38 Orientation: 0.2365 0.0123 0.9687 -0.074 Time: 6452161066966
Position: 39.44 -17.24 -603.38 Orientation: 0.2365 0.0123 0.9687 -0.074 Time: 6452193051212
Position: 39.44 -17.24 -603.34 Orientation: 0.2358 0.0125 0.9688 -0.074 Time: 6452224066515
Position: 39.44 -17.24 -603.34 Orientation: 0.2358 0.0125 0.9688 -0.074 Time: 6452255052162
Position: 39.44 -17.25 -603.36 Orientation: 0.2362 0.0124 0.9687 -0.074 Time: 6452286044083
Position: 39.44 -17.24 -603.36 Orientation: 0.2359 0.0123 0.9688 -0.0741 Time: 6452317058245
Position: 39.44 -17.24 -603.36 Orientation: 0.2359 0.0123 0.9688 -0.0741 Time: 6452349315666
Position: 39.43 -17.24 -603.38 Orientation: 0.2365 0.0122 0.9687 -0.074 Time: 6452380066348
Position: 39.45 -17.24 -603.36 Orientation: 0.2357 0.0122 0.9689 -0.0741 Time: 6452411055988
Position: 39.45 -17.24 -603.36 Orientation: 0.2357 0.0122 0.9689 -0.0741 Time: 6452442047338
Position: 39.44 -17.24 -603.36 Orientation: 0.2364 0.0123 0.9687 -0.0741 Time: 6452473062071
Position: 39.44 -17.24 -603.36 Orientation: 0.2364 0.0123 0.9687 -0.0741 Time: 6452505034340
Position: 39.45 -17.24 -603.33 Orientation: 0.2354 0.0125 0.9689 -0.074 Time: 6452536073026
Position: 39.44 -17.26 -603.37 Orientation: 0.2366 0.0122 0.9686 -0.074 Time: 6452567044985
Position: 39.44 -17.26 -603.37 Orientation: 0.2366 0.0122 0.9686 -0.074 Time: 6452598030633
Position: 39.44 -17.23 -603.37 Orientation: 0.2366 0.0122 0.9686 -0.0741 Time: 6452629026545
Position: 39.44 -17.24 -603.35 Orientation: 0.2361 0.0124 0.9688 -0.074 Time: 6452661091204
Position: 39.44 -17.24 -603.35 Orientation: 0.2361 0.0124 0.9688 -0.074 Time: 6452692051188
Position: 39.43 -17.25 -603.37 Orientation: 0.2366 0.0122 0.9687 -0.074 Time: 6452723068201
Position: 39.43 -17.25 -603.37 Orientation: 0.2366 0.0122 0.9687 -0.074 Time: 6452754058411
Position: 39.44 -17.25 -603.37 Orientation: 0.2361 0.0124 0.9688 -0.074 Time: 6452785056035
Position: 39.44 -17.25 -603.37 Orientation: 0.2365 0.0122 0.9687 -0.074 Time: 6452817032296
Position: 39.44 -17.25 -603.37 Orientation: 0.2365 0.0122 0.9687 -0.074 Time: 6452848062997
Position: 39.44 -17.23 -603.36 Orientation: 0.2357 0.0124 0.9688 -0.0741 Time: 6452879042942
Position: 39.44 -17.24 -603.35 Orientation: 0.2358 0.0124 0.9688 -0.074 Time: 6452910070221
Position: 39.44 -17.24 -603.35 Orientation: 0.2358 0.0124 0.9688 -0.074 Time: 6452941042751
Position: 39.45 -17.25 -603.35 Orientation: 0.2359 0.0123 0.9688 -0.0741 Time: 6452973066918
Position: 39.45 -17.25 -603.35 Orientation: 0.2359 0.0123 0.9688 -0.0741 Time: 6453004056557
Position: 39.44 -17.24 -603.36 Orientation: 0.2362 0.0123 0.9687 -0.074 Time: 6453035053611
Position: 39.44 -17.23 -603.35 Orientation: 0.2361 0.0123 0.9688 -0.0741 Time: 6453066032985
Position: 39.44 -17.23 -603.35 Orientation: 0.2361 0.0123 0.9688 -0.0741 Time: 6453097055701
Position: 39.44 -17.25 -603.36 Orientation: 0.2365 0.0122 0.9687 -0.074 Time: 6453129031963
Position: 39.45 -17.24 -603.34 Orientation: 0.2356 0.0124 0.9689 -0.074 Time: 6453160027306
Position: 39.45 -17.24 -603.34 Orientation: 0.2356 0.0124 0.9689 -0.074 Time: 6453191035765
Position: 39.43 -17.24 -603.36 Orientation: 0.2361 0.0123 0.9688 -0.074 Time: 6453222051638
Position: 39.43 -17.24 -603.36 Orientation: 0.2361 0.0123 0.9688 -0.074 Time: 6453253024168
Position: 39.45 -17.25 -603.34 Orientation: 0.2355 0.0124 0.9689 -0.074 Time: 6453285058031
Position: 39.44 -17.24 -603.36 Orientation: 0.2364 0.0122 0.9687 -0.0741 Time: 6453316050521
Position: 39.44 -17.24 -603.36 Orientation: 0.2364 0.0122 0.9687 -0.0741 Time: 6453347050426
Position: 39.43 -17.25 -603.37 Orientation: 0.2362 0.0122 0.9687 -0.074 Time: 6453378061737
Position: 39.44 -17.25 -603.35 Orientation: 0.2357 0.0123 0.9689 -0.074 Time: 6453409065634
Position: 39.44 -17.25 -603.35 Orientation: 0.2357 0.0123 0.9689 -0.074 Time: 6453441021365
Position: 39.44 -17.24 -603.37 Orientation: 0.2363 0.0122 0.9687 -0.074 Time: 6453472068034
Position: 39.44 -17.24 -603.37 Orientation: 0.2363 0.0122 0.9687 -0.074 Time: 6453503029729
Position: 39.44 -17.24 -603.34 Orientation: 0.2356 0.0124 0.9689 -0.0741 Time: 6453534080390
Position: 39.45 -17.25 -603.36 Orientation: 0.236 0.0122 0.9688 -0.0741 Time: 6453565020984
Position: 39.45 -17.25 -603.36 Orientation: 0.236 0.0122 0.9688 -0.0741 Time: 6453597068533
Position: 39.43 -17.25 -603.37 Orientation: 0.2365 0.0123 0.9687 -0.074 Time: 6453628045056
Position: 39.44 -17.24 -603.35 Orientation: 0.2358 0.0124 0.9688 -0.074 Time: 6453659009031
Position: 39.44 -17.24 -603.35 Orientation: 0.2358 0.0124 0.9688 -0.074 Time: 6453690024905
Position: 39.43 -17.24 -603.37 Orientation: 0.2366 0.0123 0.9686 -0.074 Time: 6453721067582
Position: 39.43 -17.24 -603.37 Orientation: 0.2366 0.0123 0.9686 -0.074 Time: 6453753054109
Position: 39.45 -17.25 -603.35 Orientation: 0.2355 0.0124 0.9689 -0.0741 Time: 6453784070553
Position: 39.44 -17.25 -603.36 Orientation: 0.236 0.0124 0.9688 -0.074 Time: 6453815028825
Position: 39.44 -17.25 -603.36 Orientation: 0.236 0.0124 0.9688 -0.074 Time: 6453846059526
Position: 39.44 -17.24 -603.36 Orientation: 0.236 0.0123 0.9688 -0.0741 Time: 6453877045174
Position: 39.44 -17.24 -603.36 Orientation: 0.2361 0.0123 0.9688 -0.0741 Time: 6453909040826
Position: 39.44 -17.24 -603.36 Orientation: 0.2361 0.0123 0.9688 -0.0741 Time: 6453940025332
Position: 39.44 -17.25 -603.35 Orientation: 0.2361 0.0124 0.9688 -0.074 Time: 6453971045198
Position: 39.44 -17.25 -603.35 Orientation: 0.2361 0.0124 0.9688 -0.074 Time: 6454002028564
Position: 39.44 -17.26 -603.38 Orientation: 0.2363 0.0124 0.9687 -0.074 Time: 6454033045007
Position: 39.44 -17.25 -603.36 Orientation: 0.2363 0.0123 0.9687 -0.074 Time: 6454065014425
Position: 39.44 -17.25 -603.36 Orientation: 0.2363 0.0123 0.9687 -0.074 Time: 6454096059384
Position: 39.45 -17.25 -603.34 Orientation: 0.2355 0.0123 0.9689 -0.0741 Time: 6454127010243
Position: 39.44 -17.27 -603.36 Orientation: 0.2357 0.0125 0.9689 -0.074 Time: 6454158022694
Position: 39.44 -17.27 -603.36 Orientation: 0.2357 0.0125 0.9689 -0.074 Time: 6454189021458
Position: 39.44 -17.27 -603.37 Orientation: 0.2363 0.0123 0.9687 -0.074 Time: 6454221025094
Position: 39.44 -17.27 -603.37 Orientation: 0.2363 0.0123 0.9687 -0.074 Time: 6454252006179
Position: 39.44 -17.26 -603.37 Orientation: 0.2362 0.0124 0.9687 -0.074 Time: 6454283058552
Position: 39.44 -17.26 -603.36 Orientation: 0.236 0.0123 0.9688 -0.074 Time: 6454314020817
Position: 39.44 -17.26 -603.36 Orientation: 0.236 0.0123 0.9688 -0.074 Time: 6454345013878
Position: 39.44 -17.26 -603.35 Orientation: 0.236 0.0123 0.9688 -0.074 Time: 6454376998694
Position: 39.44 -17.27 -603.34 Orientation: 0.2358 0.0124 0.9688 -0.074 Time: 6454408023122
Position: 39.44 -17.27 -603.34 Orientation: 0.2358 0.0124 0.9688 -0.074 Time: 6454438994511
Position: 39.44 -17.25 -603.37 Orientation: 0.2364 0.0122 0.9687 -0.0741 Time: 6454470001260
Position: 39.44 -17.25 -603.37 Orientation: 0.2364 0.0122 0.9687 -0.0741 Time: 6454501008008
Position: 39.43 -17.25 -603.37 Orientation: 0.2363 0.0123 0.9687 -0.074 Time: 6454533029894
Position: 39.44 -17.25 -603.36 Orientation: 0.236 0.0123 0.9688 -0.074 Time: 6454564021244
Position: 39.44 -17.25 -603.36 Orientation: 0.236 0.0123 0.9688 -0.074 Time: 6454595021719
Position: 39.44 -17.24 -603.36 Orientation: 0.2366 0.0122 0.9686 -0.074 Time: 6454625995390
Position: 39.44 -17.25 -603.35 Orientation: 0.236 0.0124 0.9688 -0.074 Time: 6454656987881
Position: 39.44 -17.25 -603.35 Orientation: 0.236 0.0124 0.9688 -0.074 Time: 6454688977260
Position: 39.44 -17.25 -603.35 Orientation: 0.236 0.0123 0.9688 -0.074 Time: 6454720062140
Position: 39.44 -17.25 -603.35 Orientation: 0.236 0.0123 0.9688 -0.074 Time: 6454751001022
Position: 39.44 -17.24 -603.35 Orientation: 0.236 0.0122 0.9688 -0.0741 Time: 6454782036286
Position: 39.45 -17.24 -603.35 Orientation: 0.2357 0.0123 0.9689 -0.074 Time: 6454812980871
Position: 39.45 -17.24 -603.35 Orientation: 0.2357 0.0123 0.9689 -0.074 Time: 6454845032983
Position: 39.45 -17.26 -603.35 Orientation: 0.2359 0.0123 0.9688 -0.074 Time: 6454875993537
Position: 39.44 -17.25 -603.37 Orientation: 0.2362 0.0121 0.9687 -0.0741 Time: 6454907017394
Position: 39.44 -17.25 -603.37 Orientation: 0.2362 0.0121 0.9687 -0.0741 Time: 6454938008745
Position: 39.44 -17.24 -603.35 Orientation: 0.2356 0.0123 0.9689 -0.0741 Time: 6454969008649
Position: 39.44 -17.24 -603.35 Orientation: 0.2356 0.0123 0.9689 -0.0741 Time: 6455001002020
Position: 39.44 -17.25 -603.35 Orientation: 0.236 0.0124 0.9688 -0.074 Time: 6455032020175
Position: 39.45 -17.25 -603.34 Orientation: 0.2355 0.0125 0.9689 -0.074 Time: 6455062992134
Position: 39.45 -17.25 -603.34 Orientation: 0.2355 0.0125 0.9689 -0.074 Time: 6455094020554
Position: 39.44 -17.25 -603.36 Orientation: 0.2359 0.0123 0.9688 -0.0741 Time: 6455125031295
Position: 39.44 -17.25 -603.37 Orientation: 0.2364 0.0123 0.9687 -0.074 Time: 6455157005275
Position: 39.44 -17.25 -603.37 Orientation: 0.2364 0.0123 0.9687 -0.074 Time: 6455188006891
Position: 39.44 -17.25 -603.36 Orientation: 0.2361 0.0124 0.9687 -0.074 Time: 6455218991968
Position: 39.44 -17.25 -603.36 Orientation: 0.2361 0.0124 0.9687 -0.074 Time: 6455249999287
Position: 39.44 -17.25 -603.35 Orientation: 0.2358 0.0123 0.9688 -0.074 Time: 6455281031128
Position: 39.44 -17.25 -603.36 Orientation: 0.2361 0.0123 0.9688 -0.074 Time: 6455313007960
Position: 39.44 -17.25 -603.36 Orientation: 0.2361 0.0123 0.9688 -0.074 Time: 6455344000451
Position: 39.44 -17.25 -603.36 Orientation: 0.2359 0.0124 0.9688 -0.0741 Time: 6455375007770
Position: 39.44 -17.26 -603.35 Orientation: 0.236 0.0123 0.9688 -0.074 Time: 6455406028776
Position: 39.44 -17.26 -603.35 Orientation: 0.236 0.0123 0.9688 -0.074 Time: 6455436991611
Position: 39.45 -17.25 -603.36 Orientation: 0.2356 0.0123 0.9689 -0.0741 Time: 6455469008934
Position: 39.45 -17.25 -603.36 Orientation: 0.2356 0.0123 0.9689 -0.0741 Time: 6455499995152
Position: 39.44 -17.26 -603.36 Orientation: 0.2364 0.0124 0.9687 -0.074 Time: 6455531002471
Position: 39.44 -17.26 -603.36 Orientation: 0.2361 0.0123 0.9688 -0.074 Time: 6455561989258
Position: 39.44 -17.26 -603.36 Orientation: 0.2361 0.0123 0.9688 -0.074 Time: 6455593006843
Position: 39.44 -17.25 -603.34 Orientation: 0.2362 0.0124 0.9687 -0.074 Time: 6455624993370
Position: 39.43 -17.25 -603.37 Orientation: 0.2367 0.0123 0.9686 -0.074 Time: 6455655988142
Position: 39.43 -17.25 -603.37 Orientation: 0.2367 0.0123 0.9686 -0.074 Time: 6455686992609
Position: 39.45 -17.26 -603.33 Orientation: 0.2355 0.0124 0.9689 -0.074 Time: 6455718011334
Position: 39.45 -17.26 -603.33 Orientation: 0.2355 0.0124 0.9689 -0.074 Time: 6455749007246
Position: 39.44 -17.25 -603.35 Orientation: 0.2358 0.0124 0.9688 -0.074 Time: 6455780983508
Position: 39.44 -17.25 -603.34 Orientation: 0.2356 0.0123 0.9689 -0.0741 Time: 6455811979421
Position: 39.44 -17.25 -603.34 Orientation: 0.2356 0.0123 0.9689 -0.0741 Time: 6455843008411
Position: 39.44 -17.25 -603.36 Orientation: 0.236 0.0123 0.9688 -0.074 Time: 6455873983222
Position: 39.44 -17.26 -603.35 Orientation: 0.2359 0.0123 0.9688 -0.074 Time: 6455904967159
Position: 39.44 -17.26 -603.35 Orientation: 0.2359 0.0123 0.9688 -0.074 Time: 6455936984482
Position: 39.44 -17.25 -603.37 Orientation: 0.2363 0.0124 0.9687 -0.074 Time: 6455968027730
Position: 39.44 -17.25 -603.37 Orientation: 0.2363 0.0124 0.9687 -0.074 Time: 6455999005963
Position: 39.43 -17.25 -603.36 Orientation: 0.2366 0.0124 0.9686 -0.074 Time: 6456030001305
Position: 39.44 -17.25 -603.35 Orientation: 0.236 0.0124 0.9688 -0.074 Time: 6456060970984
Position: 39.44 -17.25 -603.35 Orientation: 0.236 0.0124 0.9688 -0.074 Time: 6456092999714
Position: 39.45 -17.26 -603.33 Orientation: 0.2356 0.0125 0.9689 -0.074 Time: 6456123971103
Position: 39.44 -17.25 -603.36 Orientation: 0.2361 0.0123 0.9688 -0.074 Time: 6456154997812
Position: 39.44 -17.25 -603.36 Orientation: 0.2361 0.0123 0.9688 -0.074 Time: 6456185976616
Position: 39.44 -17.25 -603.37 Orientation: 0.2361 0.0124 0.9688 -0.074 Time: 6456216989067
Position: 39.44 -17.25 -603.37 Orientation: 0.2361 0.0124 0.9688 -0.074 Time: 6456249004110
Position: 39.43 -17.25 -603.35 Orientation: 0.2363 0.0124 0.9687 -0.074 Time: 6456279980062
Position: 39.44 -17.25 -603.36 Orientation: 0.2364 0.0122 0.9687 -0.074 Time: 6456310975974
Position: 39.44 -17.25 -603.36 Orientation: 0.2364 0.0122 0.9687 -0.074 Time: 6456341970176
Position: 39.44 -17.26 -603.36 Orientation: 0.236 0.0122 0.9688 -0.074 Time: 6456372977495
Position: 39.44 -17.25 -603.36 Orientation: 0.236 0.0123 0.9688 -0.074 Time: 6456404993678
Position: 39.44 -17.25 -603.36 Orientation: 0.236 0.0123 0.9688 -0.074 Time: 6456435969630
Position: 39.44 -17.25 -603.36 Orientation: 0.236 0.0123 0.9688 -0.0741 Time: 6456466976948
Position: 39.44 -17.25 -603.36 Orientation: 0.236 0.0123 0.9688 -0.0741 Time: 6456497978564
Position: 39.44 -17.25 -603.36 Orientation: 0.2363 0.0123 0.9687 -0.074 Time: 6456528974477
Position: 39.44 -17.25 -603.34 Orientation: 0.2361 0.0124 0.9688 -0.074 Time: 6456560961574
Position: 39.44 -17.25 -603.34 Orientation: 0.2361 0.0124 0.9688 -0.074 Time: 6456591989994
Position: 39.45 -17.26 -603.35 Orientation: 0.236 0.0125 0.9688 -0.074 Time: 6456622991610
Position: 39.45 -17.24 -603.34 Orientation: 0.2357 0.0123 0.9689 -0.0741 Time: 6456653974976
Position: 39.45 -17.24 -603.34 Orientation: 0.2357 0.0123 0.9689 -0.0741 Time: 6456684967467
Position: 39.44 -17.25 -603.38 Orientation: 0.2365 0.0123 0.9687 -0.074 Time: 6456716969392
Position: 39.44 -17.25 -603.38 Orientation: 0.2365 0.0123 0.9687 -0.074 Time: 6456747968726
Position: 39.45 -17.25 -603.33 Orientation: 0.2358 0.0124 0.9688 -0.074 Time: 6456778993724
Position: 39.44 -17.26 -603.37 Orientation: 0.2361 0.0124 0.9688 -0.074 Time: 6456809957700
Position: 39.44 -17.26 -603.37 Orientation: 0.2361 0.0124 0.9688 -0.074 Time: 6456840973003
Position: 39.44 -17.25 -603.36 Orientation: 0.236 0.0125 0.9688 -0.074 Time: 6456872958960
Position: 39.44 -17.25 -603.34 Orientation: 0.236 0.0124 0.9688 -0.074 Time: 6456903966849
Position: 39.44 -17.25 -603.34 Orientation: 0.236 0.0124 0.9688 -0.074 Time: 6456934970746
Position: 39.44 -17.25 -603.37 Orientation: 0.2363 0.0123 0.9687 -0.074 Time: 6456965974072
Position: 39.44 -17.25 -603.37 Orientation: 0.2363 0.0123 0.9687 -0.074 Time: 6456996964282
Position: 39.44 -17.25 -603.36 Orientation: 0.236 0.0123 0.9688 -0.074 Time: 6457028974762
Position: 39.44 -17.25 -603.34 Orientation: 0.2355 0.0123 0.9689 -0.0741 Time: 6457059968964
Position: 39.44 -17.25 -603.34 Orientation: 0.2355 0.0123 0.9689 -0.0741 Time: 6457090984837
Position: 39.44 -17.24 -603.36 Orientation: 0.2361 0.0124 0.9688 -0.074 Time: 6457121962500
Position: 39.44 -17.25 -603.34 Orientation: 0.2356 0.0124 0.9689 -0.074 Time: 6457152918491
Position: 39.44 -17.25 -603.34 Orientation: 0.2356 0.0124 0.9689 -0.074 Time: 6457184958627
Position: 39.44 -17.25 -603.39 Orientation: 0.2367 0.0123 0.9686 -0.074 Time: 6457215996742
Position: 39.44 -17.25 -603.39 Orientation: 0.2367 0.0123 0.9686 -0.074 Time: 6457246955585
Position: 39.43 -17.25 -603.37 Orientation: 0.2366 0.0123 0.9686 -0.074 Time: 6457277966325
Position: 39.44 -17.25 -603.35 Orientation: 0.2358 0.0123 0.9688 -0.0741 Time: 6457308954254
Position: 39.44 -17.25 -603.35 Orientation: 0.2358 0.0123 0.9688 -0.0741 Time: 6457340976140
Position: 39.45 -17.25 -603.35 Orientation: 0.2357 0.0125 0.9689 -0.074 Time: 6457371952662
Position: 39.44 -17.25 -603.35 Orientation: 0.2359 0.0123 0.9688 -0.0741 Time: 6457402949715
Position: 39.44 -17.25 -603.35 Orientation: 0.2359 0.0123 0.9688 -0.0741 Time: 6457433952472
Position: 39.43 -17.25 -603.37 Orientation: 0.2369 0.0123 0.9686 -0.074 Time: 6457464970626
Position: 39.43 -17.25 -603.37 Orientation: 0.2369 0.0123 0.9686 -0.074 Time: 6457496937193
Position: 39.45 -17.25 -603.33 Orientation: 0.2354 0.0124 0.9689 -0.074 Time: 6457527967894
Position: 39.44 -17.24 -603.37 Orientation: 0.2365 0.0124 0.9687 -0.074 Time: 6457558939283
Position: 39.44 -17.24 -603.37 Orientation: 0.2365 0.0124 0.9687 -0.074 Time: 6457589953446
Position: 39.44 -17.25 -603.35 Orientation: 0.2363 0.0122 0.9687 -0.0741 Time: 6457620940804
Position: 39.45 -17.27 -603.37 Orientation: 0.236 0.0123 0.9688 -0.0741 Time: 6457652956987
Position: 39.45 -17.27 -603.37 Orientation: 0.236 0.0123 0.9688 -0.0741 Time: 6457683997383
Position: 39.44 -17.26 -603.36 Orientation: 0.2363 0.0122 0.9687 -0.074 Time: 6457715018959
Position: 39.44 -17.26 -603.36 Orientation: 0.2363 0.0122 0.9687 -0.074 Time: 6457745950998
Position: 39.44 -17.28 -603.36 Orientation: 0.2362 0.0123 0.9687 -0.074 Time: 6457776994246
Position: 39.44 -17.29 -603.35 Orientation: 0.236 0.0123 0.9688 -0.074 Time: 6457808934578
Position: 39.44 -17.29 -603.35 Orientation: 0.236 0.0123 0.9688 -0.074 Time: 6457839951022
Position: 39.44 -17.27 -603.36 Orientation: 0.2364 0.0124 0.9687 -0.074 Time: 6457870944083
Position: 39.43 -17.27 -603.37 Orientation: 0.2371 0.0123 0.9685 -0.074 Time: 6457901951972
Position: 39.43 -17.27 -603.37 Orientation: 0.2371 0.0123 0.9685 -0.074 Time: 6457932943893
Position: 39.43 -17.27 -603.35 Orientation: 0.2361 0.0123 0.9688 -0.074 Time: 6457964961786
Position: 39.43 -17.27 -603.35 Orientation: 0.2361 0.0123 0.9688 -0.074 Time: 6457995947434
Position: 39.44 -17.27 -603.36 Orientation: 0.2359 0.0124 0.9688 -0.074 Time: 6458026974143
Position: 39.44 -17.25 -603.36 Orientation: 0.2356 0.0122 0.9689 -0.0741 Time: 6458057935267
Position: 39.44 -17.25 -603.36 Orientation: 0.2356 0.0122 0.9689 -0.0741 Time: 6458088959124
Position: 39.43 -17.25 -603.35 Orientation: 0.2364 0.0124 0.9687 -0.074 Time: 6458120938808
Position: 39.43 -17.26 -603.39 Orientation: 0.2365 0.0123 0.9687 -0.074 Time: 6458151980345
Position: 39.43 -17.26 -603.39 Orientation: 0.2365 0.0123 0.9687 -0.074 Time: 6458182943750
Position: 39.44 -17.25 -603.36 Orientation: 0.2359 0.0123 0.9688 -0.074 Time: 6458213961904
Position: 39.44 -17.25 -603.36 Orientation: 0.2359 0.0123 0.9688 -0.074 Time: 6458244940708
Position: 39.43 -17.23 -603.36 Orientation: 0.2364 0.0124 0.9687 -0.0741 Time: 6458276948907
Position: 39.45 -17.27 -603.37 Orientation: 0.2359 0.0124 0.9688 -0.0739 Time: 6458307923148
Position: 39.45 -17.27 -603.37 Orientation: 0.2359 0.0124 0.9688 -0.0739 Time: 6458338966396
Position: 39.44 -17.25 -603.34 Orientation: 0.2357 0.0123 0.9689 -0.0741 Time: 6458369936074
Position: 39.44 -17.22 -603.35 Orientation: 0.236 0.0121 0.9688 -0.0741 Time: 6458400939401
Position: 39.44 -17.22 -603.35 Orientation: 0.236 0.0121 0.9688 -0.0741 Time: 6458432947600
Position: 39.44 -17.25 -603.35 Orientation: 0.236 0.0122 0.9688 -0.0741 Time: 6458463968606
Position: 39.44 -17.25 -603.35 Orientation: 0.236 0.0122 0.9688 -0.0741 Time: 6458494942276
Position: 39.45 -17.26 -603.38 Orientation: 0.2362 0.0122 0.9687 -0.074 Time: 6458525967274
Position: 39.44 -17.24 -603.37 Orientation: 0.2361 0.0123 0.9688 -0.074 Time: 6458556932391
Position: 39.44 -17.24 -603.37 Orientation: 0.2361 0.0123 0.9688 -0.074 Time: 6458588935457
Position: 39.45 -17.22 -603.34 Orientation: 0.2357 0.0124 0.9689 -0.0741 Time: 6458619922815
Position: 39.45 -17.25 -603.37 Orientation: 0.2361 0.0123 0.9688 -0.074 Time: 6458650942110
Position: 39.45 -17.25 -603.37 Orientation: 0.2361 0.0123 0.9688 -0.074 Time: 6458681936882
Position: 39.45 -17.24 -603.36 Orientation: 0.2359 0.0123 0.9688 -0.074 Time: 6458712974427
Position: 39.45 -17.24 -603.36 Orientation: 0.2359 0.0123 0.9688 -0.074 Time: 6458744925595
Position: 39.44 -17.22 -603.35 Orientation: 0.2361 0.0123 0.9687 -0.0741 Time: 6458775950593
Position: 39.44 -17.23 -603.37 Orientation: 0.2361 0.0122 0.9688 -0.074 Time: 6458806918561
Position: 39.44 -17.23 -603.37 Orientation: 0.2361 0.0122 0.9688 -0.074 Time: 6458837916185
Position: 39.45 -17.25 -603.36 Orientation: 0.2359 0.0123 0.9688 -0.074 Time: 6458868920081
Position: 39.45 -17.25 -603.36 Orientation: 0.2359 0.0123 0.9688 -0.074 Time: 6458900956225
Position: 39.45 -17.22 -603.35 Orientation: 0.2355 0.0123 0.9689 -0.0741 Time: 6458931932177
Position: 39.44 -17.24 -603.33 Orientation: 0.2355 0.0125 0.9689 -0.074 Time: 6458962929800
Position: 39.44 -17.24 -603.33 Orientation: 0.2355 0.0125 0.9689 -0.074 Time: 6458993933127
Position: 39.44 -17.27 -603.35 Orientation: 0.2357 0.0124 0.9689 -0.074 Time: 6459024968961
Position: 39.44 -17.27 -603.35 Orientation: 0.236 0.0123 0.9688 -0.074 Time: 6459056921270
Position: 39.44 -17.27 -603.35 Orientation: 0.236 0.0123 0.9688 -0.074 Time: 6459087931440
Position: 39.44 -17.24 -603.37 Orientation: 0.2361 0.0124 0.9687 -0.074 Time: 6459118915376
Position: 39.43 -17.25 -603.38 Orientation: 0.2369 0.0122 0.9686 -0.074 Time: 6459149941515
Position: 39.43 -17.25 -603.38 Orientation: 0.2369 0.0122 0.9686 -0.074 Time: 6459180915186
Position: 39.44 -17.27 -603.4 Orientation: 0.2369 0.0122 0.9686 -0.074 Time: 6459212901143
Position: 39.44 -17.27 -603.4 Orientation: 0.2369 0.0122 0.9686 -0.074 Time: 6459243919297
Position: 39.44 -17.26 -603.36 Orientation: 0.2359 0.0124 0.9688 -0.074 Time: 6459274951139
Position: 39.44 -17.24 -603.34 Orientation: 0.2359 0.0123 0.9688 -0.0741 Time: 6459305976707
Position: 39.44 -17.24 -603.34 Orientation: 0.2359 0.0123 0.9688 -0.0741 Time: 6459336942964
Position: 39.44 -17.26 -603.37 Orientation: 0.2365 0.0122 0.9687 -0.074 Time: 6459368910101
Position: 39.44 -17.26 -603.38 Orientation: 0.2363 0.0122 0.9687 -0.074 Time: 6459399919131
Position: 39.44 -17.26 -603.38 Orientation: 0.2363 0.0122 0.9687 -0.074 Time: 6459430907629
Position: 39.44 -17.24 -603.36 Orientation: 0.236 0.0124 0.9688 -0.0741 Time: 6459461930346
Position: 39.44 -17.24 -603.36 Orientation: 0.236 0.0124 0.9688 -0.0741 Time: 6459492912572
Position: 39.44 -17.25 -603.37 Orientation: 0.2364 0.0123 0.9687 -0.074 Time: 6459524917919
Position: 39.44 -17.25 -603.35 Orientation: 0.2359 0.0124 0.9688 -0.074 Time: 6459555902425
Position: 39.44 -17.25 -603.35 Orientation: 0.2359 0.0124 0.9688 -0.074 Time: 6459586919439
Position: 39.45 -17.25 -603.35 Orientation: 0.2356 0.0123 0.9689 -0.0741 Time: 6459617914782
Position: 39.45 -17.25 -603.35 Orientation: 0.2356 0.0123 0.9689 -0.0741 Time: 6459649094902
Position: 39.44 -17.24 -603.36 Orientation: 0.2358 0.0124 0.9688 -0.074 Time: 6459680909768
Position: 39.44 -17.23 -603.34 Orientation: 0.2358 0.0124 0.9688 -0.0741 Time: 6459711895986
Position: 39.44 -17.23 -603.34 Orientation: 0.2358 0.0124 0.9688 -0.0741 Time: 6459742894179
Position: 39.44 -17.25 -603.38 Orientation: 0.2364 0.0121 0.9687 -0.074 Time: 6459773932865
Position: 39.44 -17.25 -603.38 Orientation: 0.2364 0.0122 0.9687 -0.074 Time: 6459804917371
Position: 39.44 -17.25 -603.38 Orientation: 0.2364 0.0122 0.9687 -0.074 Time: 6459836918156
Position: 39.44 -17.23 -603.37 Orientation: 0.2364 0.0124 0.9687 -0.074 Time: 6459867896960
Position: 39.44 -17.23 -603.37 Orientation: 0.2364 0.0124 0.9687 -0.074 Time: 6459898917966
Position: 39.44 -17.24 -603.35 Orientation: 0.2356 0.0124 0.9689 -0.074 Time: 6459929895058
Position: 39.45 -17.24 -603.36 Orientation: 0.2358 0.0123 0.9688 -0.0741 Time: 6459960945720
Position: 39.45 -17.24 -603.36 Orientation: 0.2358 0.0123 0.9688 -0.0741 Time: 6459992903732
Position: 39.44 -17.24 -603.34 Orientation: 0.2361 0.0122 0.9688 -0.0741 Time: 6460023904777
Position: 39.44 -17.25 -603.37 Orientation: 0.2361 0.0123 0.9688 -0.074 Time: 6460054888714
Position: 39.44 -17.25 -603.37 Orientation: 0.2361 0.0123 0.9688 -0.074 Time: 6460085922837
Position: 39.44 -17.24 -603.35 Orientation: 0.2362 0.0124 0.9687 -0.074 Time: 6460116898789
Position: 39.44 -17.24 -603.35 Orientation: 0.2362 0.0124 0.9687 -0.074 Time: 6460148943487
Position: 39.44 -17.23 -603.35 Orientation: 0.2361 0.0123 0.9688 -0.0741 Time: 6460179909744
Position: 39.44 -17.26 -603.38 Orientation: 0.2364 0.0121 0.9687 -0.074 Time: 6460210923336
Position: 39.44 -17.26 -603.38 Orientation: 0.2364 0.0121 0.9687 -0.074 Time: 6460241880468
Position: 39.44 -17.25 -603.36 Orientation: 0.2359 0.0123 0.9688 -0.074 Time: 6460272943676
Position: 39.44 -17.23 -603.36 Orientation: 0.2363 0.0122 0.9687 -0.0741 Time: 6460304887430
Position: 39.44 -17.23 -603.36 Orientation: 0.2363 0.0122 0.9687 -0.0741 Time: 6460335881632
Position: 39.43 -17.25 -603.38 Orientation: 0.2369 0.0122 0.9686 -0.074 Time: 6460367000730
Position: 39.43 -17.25 -603.38 Orientation: 0.2369 0.0122 0.9686 -0.074 Time: 6460397986377
Position: 39.44 -17.26 -603.35 Orientation: 0.2361 0.0125 0.9688 -0.074 Time: 6460429003961
Position: 39.44 -17.24 -603.36 Orientation: 0.2357 0.0123 0.9688 -0.0741 Time: 6460460968247
Position: 39.44 -17.24 -603.36 Orientation: 0.2357 0.0123 0.9688 -0.0741 Time: 6460491911692
Position: 39.44 -17.23 -603.36 Orientation: 0.2361 0.0125 0.9688 -0.0741 Time: 6460522917870
Position: 39.44 -17.26 -603.36 Orientation: 0.236 0.0122 0.9688 -0.074 Time: 6460553925759
Position: 39.44 -17.26 -603.36 Orientation: 0.236 0.0122 0.9688 -0.074 Time: 6460584913687
Position: 39.44 -17.26 -603.38 Orientation: 0.2364 0.0122 0.9687 -0.074 Time: 6460616909909
Position: 39.44 -17.26 -603.38 Orientation: 0.2364 0.0122 0.9687 -0.074 Time: 6460647917228
Position: 39.44 -17.24 -603.35 Orientation: 0.2359 0.0124 0.9688 -0.0741 Time: 6460678912000
Position: 39.44 -17.24 -603.37 Orientation: 0.2361 0.0123 0.9688 -0.074 Time: 6460709905061
Position: 39.44 -17.24 -603.37 Orientation: 0.2361 0.0123 0.9688 -0.074 Time: 6460740913521
Position: 39.44 -17.26 -603.37 Orientation: 0.2362 0.0123 0.9687 -0.074 Time: 6460772915446
Position: 39.43 -17.24 -603.37 Orientation: 0.2365 0.0124 0.9687 -0.074 Time: 6460803911359
Position: 39.43 -17.24 -603.37 Orientation: 0.2365 0.0124 0.9687 -0.074 Time: 6460834900428
Position: 39.44 -17.23 -603.35 Orientation: 0.2362 0.0124 0.9687 -0.074 Time: 6460865903184
Position: 39.44 -17.23 -603.35 Orientation: 0.2362 0.0124 0.9687 -0.074 Time: 6460896903089
Position: 39.43 -17.26 -603.37 Orientation: 0.2364 0.0123 0.9687 -0.074 Time: 6460928906725
Position: 39.44 -17.24 -603.38 Orientation: 0.2363 0.0122 0.9687 -0.074 Time: 6460959996737
Position: 39.44 -17.24 -603.38 Orientation: 0.2363 0.0122 0.9687 -0.074 Time: 6460990989228
Position: 39.44 -17.23 -603.35 Orientation: 0.2362 0.0124 0.9687 -0.074 Time: 6461021978297
Position: 39.44 -17.25 -603.35 Orientation: 0.2362 0.0123 0.9687 -0.074 Time: 6461052988467
Position: 39.44 -17.25 -603.35 Orientation: 0.2362 0.0123 0.9687 -0.074 Time: 6461084999518
