Position: 64.97 -24.89 -658.27 Orientation: 0.2352 0.0014 0.9682 -0.0846 Time: 6344258219049
Position: 64.98 -24.88 -658.29 Orientation: 0.2357 0.0015 0.9681 -0.0846 Time: 6344227227699
Position: 64.97 -24.89 -658.27 Orientation: 0.2352 0.0014 0.9682 -0.0846 Time: 6344289202985
Position: 64.98 -24.88 -658.29 Orientation: 0.2357 0.0015 0.9681 -0.0846 Time: 6344196223802
Position: 64.98 -24.87 -658.26 Orientation: 0.2348 0.0014 0.9683 -0.0847 Time: 6344321218598
Position: 64.98 -24.88 -658.27 Orientation: 0.2353 0.0015 0.9682 -0.0846 Time: 6344352213370
Position: 64.98 -24.88 -658.27 Orientation: 0.2353 0.0015 0.9682 -0.0846 Time: 6344383218978
Position: 64.98 -24.88 -658.28 Orientation: 0.2353 0.0016 0.9682 -0.0846 Time: 6344414204055
Position: 64.97 -24.87 -658.28 Orientation: 0.2353 0.0013 0.9682 -0.0847 Time: 6344445209662
Position: 64.97 -24.87 -658.28 Orientation: 0.2353 0.0013 0.9682 -0.0847 Time: 6344476202153
Position: 64.97 -24.88 -658.26 Orientation: 0.2348 0.0015 0.9683 -0.0846 Time: 6344508212633
Position: 64.97 -24.88 -658.26 Orientation: 0.2348 0.0015 0.9683 -0.0846 Time: 6344539205694
Position: 64.98 -24.87 -658.28 Orientation: 0.2353 0.0014 0.9682 -0.0846 Time: 6344570207310
Position: 64.97 -24.87 -658.24 Orientation: 0.235 0.0016 0.9682 -0.0846 Time: 6344601203223
Position: 64.97 -24.87 -658.24 Orientation: 0.235 0.0016 0.9682 -0.0846 Time: 6344632209401
Position: 64.99 -24.87 -658.28 Orientation: 0.2351 0.0013 0.9682 -0.0847 Time: 6344664201631
Position: 64.98 -24.88 -658.29 Orientation: 0.2354 0.0017 0.9681 -0.0845 Time: 6344695216934
Position: 64.98 -24.88 -658.29 Orientation: 0.2354 0.0017 0.9681 -0.0845 Time: 6344726178628
Position: 64.97 -24.87 -658.28 Orientation: 0.2355 0.0014 0.9681 -0.0847 Time: 6344757208189
Position: 64.97 -24.87 -658.28 Orientation: 0.2355 0.0014 0.9681 -0.0847 Time: 6344788216648
Position: 64.98 -24.88 -658.27 Orientation: 0.2351 0.0016 0.9682 -0.0846 Time: 6344820204886
Position: 64.99 -24.88 -658.26 Orientation: 0.2348 0.0014 0.9683 -0.0847 Time: 6344882195571
Position: 64.99 -24.88 -658.26 Orientation: 0.2348 0.0014 0.9683 -0.0847 Time: 6344851194526
Position: 64.98 -24.87 -658.28 Orientation: 0.2354 0.0013 0.9681 -0.0847 Time: 6344913193765
Position: 64.97 -24.89 -658.29 Orientation: 0.2359 0.0014 0.968 -0.0846 Time: 6344944198802
Position: 64.97 -24.89 -658.29 Orientation: 0.2359 0.0014 0.968 -0.0846 Time: 6344976196165
Position: 64.98 -24.89 -658.27 Orientation: 0.2359 0.0014 0.968 -0.0846 Time: 6345007204054
Position: 64.98 -24.89 -658.27 Orientation: 0.2359 0.0014 0.968 -0.0846 Time: 6345038199396
Position: 64.98 -24.91 -658.29 Orientation: 0.2356 0.0016 0.9681 -0.0845 Time: 6345069202723
Position: 64.98 -24.89 -658.28 Orientation: 0.2355 0.0014 0.9681 -0.0846 Time: 6345100226010
Position: 64.98 -24.89 -658.28 Orientation: 0.2355 0.0014 0.9681 -0.0846 Time: 6345132197710
Position: 64.98 -24.89 -658.26 Orientation: 0.2353 0.0016 0.9682 -0.0846 Time: 6345163190771
Position: 64.98 -24.92 -658.29 Orientation: 0.2358 0.0013 0.968 -0.0846 Time: 6345194189535
Position: 64.98 -24.92 -658.29 Orientation: 0.2358 0.0013 0.968 -0.0846 Time: 6345225200275
Position: 64.98 -24.92 -658.29 Orientation: 0.2358 0.0013 0.968 -0.0846 Time: 6345225200275
Position: 64.99 -24.91 -658.25 Orientation: 0.2349 0.0014 0.9682 -0.0846 Time: 6345262204890
Position: 64.98 -24.88 -658.27 Orientation: 0.2351 0.0016 0.9682 -0.0846 Time: 6345309219444
Position: 64.98 -24.88 -658.27 Orientation: 0.2351 0.0016 0.9682 -0.0846 Time: 6345350494480
Position: 64.97 -24.87 -658.26 Orientation: 0.2355 0.0015 0.9681 -0.0846 Time: 6345381204101
Position: 64.98 -24.89 -658.26 Orientation: 0.2347 0.0016 0.9683 -0.0846 Time: 6345412192600
Position: 64.99 -24.9 -658.27 Orientation: 0.2351 0.0014 0.9682 -0.0846 Time: 6345444199087
Position: 64.99 -24.9 -658.27 Orientation: 0.2351 0.0014 0.9682 -0.0846 Time: 6345476202153
Position: 64.98 -24.86 -658.28 Orientation: 0.236 0.0013 0.968 -0.0847 Time: 6345506184639
Position: 64.98 -24.86 -658.28 Orientation: 0.236 0.0013 0.968 -0.0847 Time: 6345537200513
Position: 64.97 -24.87 -658.3 Orientation: 0.2358 0.0014 0.968 -0.0846 Time: 6345568201558
Position: 64.99 -24.9 -658.26 Orientation: 0.2347 0.0015 0.9683 -0.0846 Time: 6345600586156
Position: 64.99 -24.9 -658.26 Orientation: 0.2347 0.0015 0.9683 -0.0846 Time: 6345631156053
Position: 64.98 -24.88 -658.27 Orientation: 0.235 0.0013 0.9682 -0.0847 Time: 6345662199871
Position: 64.97 -24.88 -658.28 Orientation: 0.2357 0.0013 0.9681 -0.0846 Time: 6345693174682
Position: 64.97 -24.88 -658.28 Orientation: 0.2357 0.0013 0.9681 -0.0846 Time: 6345724214508
Position: 64.98 -24.89 -658.25 Orientation: 0.2347 0.0014 0.9683 -0.0846 Time: 6345756169099
Position: 64.98 -24.89 -658.25 Orientation: 0.2347 0.0014 0.9683 -0.0846 Time: 6345787190105
Position: 64.98 -24.87 -658.27 Orientation: 0.2351 0.0015 0.9682 -0.0846 Time: 6345818257875
Position: 64.97 -24.87 -658.28 Orientation: 0.2358 0.0014 0.9681 -0.0846 Time: 6345849201320
Position: 64.97 -24.87 -658.28 Orientation: 0.2358 0.0014 0.9681 -0.0846 Time: 6345880164155
Position: 64.98 -24.89 -658.29 Orientation: 0.2356 0.0014 0.9681 -0.0846 Time: 6345912180908
Position: 64.98 -24.88 -658.28 Orientation: 0.2354 0.0016 0.9682 -0.0846 Time: 6345943167126
Position: 64.98 -24.88 -658.28 Orientation: 0.2354 0.0016 0.9682 -0.0846 Time: 6345975183309
Position: 64.98 -24.87 -658.26 Orientation: 0.2353 0.0015 0.9682 -0.0846 Time: 6346005157240
Position: 64.98 -24.87 -658.26 Orientation: 0.2353 0.0015 0.9682 -0.0846 Time: 6346036166840
Position: 64.99 -24.89 -658.28 Orientation: 0.2351 0.0014 0.9682 -0.0846 Time: 6346068162492
Position: 64.97 -24.88 -658.3 Orientation: 0.236 0.0014 0.968 -0.0846 Time: 6346099226271
Position: 64.97 -24.88 -658.3 Orientation: 0.236 0.0014 0.968 -0.0846 Time: 6346130157169
Position: 64.98 -24.87 -658.27 Orientation: 0.2352 0.0016 0.9682 -0.0846 Time: 6346161170191
Position: 64.97 -24.88 -658.27 Orientation: 0.2353 0.0014 0.9682 -0.0846 Time: 6346192176369
Position: 64.97 -24.88 -658.27 Orientation: 0.2353 0.0014 0.9682 -0.0846 Time: 6346224168599
Position: 64.97 -24.87 -658.27 Orientation: 0.2357 0.0014 0.9681 -0.0846 Time: 6346255173636
Position: 64.97 -24.87 -658.27 Orientation: 0.2357 0.0014 0.9681 -0.0846 Time: 6346286170690
Position: 64.98 -24.88 -658.28 Orientation: 0.2354 0.0015 0.9681 -0.0846 Time: 6346317178008
Position: 64.98 -24.87 -658.28 Orientation: 0.2357 0.0014 0.9681 -0.0846 Time: 6346348163656
Position: 64.98 -24.87 -658.28 Orientation: 0.2357 0.0014 0.9681 -0.0846 Time: 6346380173565
Position: 64.98 -24.87 -658.26 Orientation: 0.2352 0.0016 0.9682 -0.0846 Time: 6346411170048
Position: 64.97 -24.88 -658.28 Orientation: 0.2358 0.0014 0.968 -0.0846 Time: 6346442169383
Position: 64.97 -24.88 -658.28 Orientation: 0.2358 0.0014 0.968 -0.0846 Time: 6346474125113
Position: 64.98 -24.87 -658.28 Orientation: 0.2354 0.0014 0.9681 -0.0847 Time: 6346504169762
Position: 64.98 -24.87 -658.28 Orientation: 0.2354 0.0014 0.9681 -0.0847 Time: 6346536188227
Position: 64.97 -24.88 -658.29 Orientation: 0.2361 0.0014 0.968 -0.0846 Time: 6346567141937
Position: 64.98 -24.88 -658.28 Orientation: 0.2352 0.0014 0.9682 -0.0846 Time: 6346598163513
Position: 64.98 -24.88 -658.28 Orientation: 0.2352 0.0014 0.9682 -0.0846 Time: 6346629167980
Position: 64.98 -24.87 -658.28 Orientation: 0.2351 0.0014 0.9682 -0.0847 Time: 6346663161400
Position: 64.99 -24.88 -658.29 Orientation: 0.2354 0.0014 0.9681 -0.0847 Time: 6346692177224
Position: 64.99 -24.88 -658.29 Orientation: 0.2354 0.0014 0.9681 -0.0847 Time: 6346723138919
Position: 64.99 -24.88 -658.29 Orientation: 0.2354 0.0014 0.9681 -0.0847 Time: 6346754169050
Position: 64.99 -24.88 -658.29 Orientation: 0.2354 0.0014 0.9681 -0.0847 Time: 6346785145002
Position: 64.98 -24.87 -658.26 Orientation: 0.2349 0.0015 0.9683 -0.0846 Time: 6346816165437
Position: 64.98 -24.89 -658.27 Orientation: 0.2355 0.0015 0.9681 -0.0846 Time: 6346848155957
Position: 64.98 -24.89 -658.27 Orientation: 0.2355 0.0015 0.9681 -0.0846 Time: 6346879164416
Position: 64.98 -24.88 -658.27 Orientation: 0.2352 0.0016 0.9682 -0.0846 Time: 6346910164891
Position: 64.98 -24.88 -658.25 Orientation: 0.2351 0.0015 0.9682 -0.0846 Time: 6346941169928
Position: 64.98 -24.88 -658.25 Orientation: 0.2351 0.0015 0.9682 -0.0846 Time: 6346973158737
Position: 64.99 -24.88 -658.24 Orientation: 0.2343 0.0017 0.9684 -0.0846 Time: 6347004163204
Position: 64.99 -24.88 -658.24 Orientation: 0.2343 0.0017 0.9684 -0.0846 Time: 6347035134594
Position: 64.98 -24.88 -658.26 Orientation: 0.235 0.0014 0.9682 -0.0846 Time: 6347066157881
Position: 64.97 -24.87 -658.29 Orientation: 0.2359 0.0012 0.968 -0.0847 Time: 6347097159496
Position: 64.97 -24.87 -658.29 Orientation: 0.2359 0.0012 0.968 -0.0847 Time: 6347129155148
Position: 64.98 -24.88 -658.29 Orientation: 0.2356 0.0016 0.9681 -0.0845 Time: 6347160152772
Position: 64.98 -24.89 -658.26 Orientation: 0.2351 0.0016 0.9682 -0.0845 Time: 6347191155528
Position: 64.98 -24.89 -658.26 Orientation: 0.2351 0.0016 0.9682 -0.0845 Time: 6347222153152
Position: 64.97 -24.87 -658.28 Orientation: 0.2359 0.0015 0.968 -0.0846 Time: 6347253158189
Position: 64.97 -24.87 -658.28 Orientation: 0.2359 0.0015 0.968 -0.0846 Time: 6347284144407
Position: 64.98 -24.88 -658.27 Orientation: 0.235 0.0016 0.9683 -0.0846 Time: 6347316156027
Position: 64.99 -24.89 -658.29 Orientation: 0.235 0.0014 0.9682 -0.0846 Time: 6347347147948
Position: 64.99 -24.89 -658.29 Orientation: 0.235 0.0014 0.9682 -0.0846 Time: 6347378154696
Position: 64.98 -24.87 -658.27 Orientation: 0.2354 0.0014 0.9681 -0.0846 Time: 6347409146046
Position: 64.98 -24.88 -658.25 Orientation: 0.235 0.0014 0.9682 -0.0846 Time: 6347440162490
Position: 64.98 -24.88 -658.25 Orientation: 0.235 0.0014 0.9682 -0.0846 Time: 6347472121072
Position: 64.99 -24.89 -658.28 Orientation: 0.2351 0.0015 0.9682 -0.0846 Time: 6347503155195
Position: 64.99 -24.89 -658.28 Orientation: 0.2351 0.0015 0.9682 -0.0846 Time: 6347534126585
Position: 64.98 -24.87 -658.26 Orientation: 0.2349 0.0015 0.9683 -0.0846 Time: 6347565152724
Position: 64.98 -24.88 -658.28 Orientation: 0.2355 0.0014 0.9681 -0.0846 Time: 6347596146925
Position: 64.98 -24.88 -658.28 Orientation: 0.2355 0.0014 0.9681 -0.0846 Time: 6347628152272
Position: 64.98 -24.88 -658.29 Orientation: 0.2358 0.0015 0.968 -0.0846 Time: 6347659143052
Position: 64.98 -24.88 -658.24 Orientation: 0.2346 0.0015 0.9683 -0.0846 Time: 6347690128129
Position: 64.98 -24.88 -658.24 Orientation: 0.2346 0.0015 0.9683 -0.0846 Time: 6347721140010
Position: 64.98 -24.87 -658.26 Orientation: 0.2351 0.0015 0.9682 -0.0846 Time: 6347752149040
Position: 64.98 -24.87 -658.26 Orientation: 0.2351 0.0015 0.9682 -0.0846 Time: 6347784146973
Position: 64.98 -24.88 -658.28 Orientation: 0.2352 0.0015 0.9682 -0.0846 Time: 6347815142886
Position: 64.98 -24.88 -658.27 Orientation: 0.2355 0.0015 0.9681 -0.0846 Time: 6347846113135
Position: 64.98 -24.88 -658.27 Orientation: 0.2355 0.0015 0.9681 -0.0846 Time: 6347877135852
Position: 64.98 -24.88 -658.29 Orientation: 0.2354 0.0014 0.9681 -0.0846 Time: 6347908139749
Position: 64.98 -24.88 -658.25 Orientation: 0.2347 0.0015 0.9683 -0.0847 Time: 6347940145666
Position: 64.98 -24.88 -658.25 Orientation: 0.2347 0.0015 0.9683 -0.0847 Time: 6347971113064
Position: 64.98 -24.87 -658.29 Orientation: 0.2356 0.0013 0.9681 -0.0847 Time: 6348002175131
Position: 64.98 -24.87 -658.29 Orientation: 0.2356 0.0013 0.9681 -0.0847 Time: 6348033135115
Position: 64.97 -24.89 -658.27 Orientation: 0.2355 0.0014 0.9681 -0.0846 Time: 6348064140723
Position: 64.99 -24.88 -658.28 Orientation: 0.2351 0.0015 0.9682 -0.0846 Time: 6348096107289
Position: 64.99 -24.88 -658.28 Orientation: 0.2351 0.0015 0.9682 -0.0846 Time: 6348127137420
Position: 64.98 -24.87 -658.28 Orientation: 0.2351 0.0015 0.9682 -0.0846 Time: 6348158133903
Position: 64.98 -24.87 -658.25 Orientation: 0.2348 0.0014 0.9683 -0.0847 Time: 6348189138940
Position: 64.98 -24.87 -658.25 Orientation: 0.2348 0.0014 0.9683 -0.0847 Time: 6348220133142
Position: 64.97 -24.88 -658.29 Orientation: 0.2359 0.0013 0.968 -0.0846 Time: 6348252135068
Position: 64.97 -24.88 -658.29 Orientation: 0.2359 0.0013 0.968 -0.0846 Time: 6348283109309
Position: 64.98 -24.88 -658.26 Orientation: 0.2351 0.0014 0.9682 -0.0846 Time: 6348314129744
Position: 64.98 -24.87 -658.29 Orientation: 0.2356 0.0013 0.9681 -0.0847 Time: 6348345122235
Position: 64.98 -24.87 -658.29 Orientation: 0.2356 0.0013 0.9681 -0.0847 Time: 6348376137538
Position: 64.98 -24.9 -658.26 Orientation: 0.2354 0.0015 0.9681 -0.0846 Time: 6348408107527
Position: 64.98 -24.88 -658.26 Orientation: 0.2351 0.0014 0.9682 -0.0847 Time: 6348439135946
Position: 64.98 -24.88 -658.26 Orientation: 0.2351 0.0014 0.9682 -0.0847 Time: 6348470124445
Position: 64.98 -24.88 -658.28 Orientation: 0.2353 0.0014 0.9682 -0.0846 Time: 6348501135186
Position: 64.98 -24.88 -658.28 Orientation: 0.2353 0.0014 0.9682 -0.0846 Time: 6348532125395
Position: 64.99 -24.89 -658.29 Orientation: 0.2353 0.0014 0.9682 -0.0846 Time: 6348564135305
Position: 64.97 -24.89 -658.27 Orientation: 0.2355 0.0015 0.9681 -0.0846 Time: 6348595096999
Position: 64.97 -24.89 -658.27 Orientation: 0.2355 0.0015 0.9681 -0.0846 Time: 6348626120857
Position: 64.98 -24.87 -658.28 Orientation: 0.2351 0.0012 0.9682 -0.0847 Time: 6348657120762
Position: 64.98 -24.88 -658.26 Orientation: 0.235 0.0015 0.9682 -0.0846 Time: 6348688128080
Position: 64.98 -24.88 -658.26 Orientation: 0.235 0.0015 0.9682 -0.0846 Time: 6348720125443
Position: 64.98 -24.88 -658.28 Orientation: 0.2353 0.0015 0.9682 -0.0846 Time: 6348751140176
Position: 64.98 -24.88 -658.28 Orientation: 0.2353 0.0015 0.9682 -0.0846 Time: 6348782119550
Position: 64.98 -24.87 -658.27 Orientation: 0.2354 0.0014 0.9681 -0.0846 Time: 6348813124017
Position: 64.98 -24.88 -658.28 Orientation: 0.2355 0.0013 0.9681 -0.0846 Time: 6348844117648
Position: 64.98 -24.88 -658.28 Orientation: 0.2355 0.0013 0.9681 -0.0846 Time: 6348876128698
Position: 64.99 -24.88 -658.27 Orientation: 0.2352 0.0013 0.9682 -0.0847 Time: 6348907116057
Position: 64.98 -24.89 -658.26 Orientation: 0.2352 0.0013 0.9682 -0.0847 Time: 6348938112539
Position: 64.98 -24.89 -658.26 Orientation: 0.2352 0.0013 0.9682 -0.0847 Time: 6348969111304
Position: 64.99 -24.91 -658.25 Orientation: 0.2345 0.0014 0.9683 -0.0847 Time: 6349000095810
Position: 64.99 -24.91 -658.25 Orientation: 0.2345 0.0014 0.9683 -0.0847 Time: 6349032115985
Position: 64.98 -24.91 -658.25 Orientation: 0.2351 0.0015 0.9682 -0.0846 Time: 6349063120452
Position: 64.98 -24.92 -658.27 Orientation: 0.2356 0.0014 0.9681 -0.0845 Time: 6349094116935
Position: 64.98 -24.92 -658.27 Orientation: 0.2356 0.0014 0.9681 -0.0845 Time: 6349125119121
Position: 64.98 -24.9 -658.28 Orientation: 0.2357 0.0013 0.9681 -0.0846 Time: 6349156121878
Position: 64.97 -24.88 -658.25 Orientation: 0.2357 0.0013 0.9681 -0.0847 Time: 6349188116389
Position: 64.97 -24.88 -658.25 Orientation: 0.2357 0.0013 0.9681 -0.0847 Time: 6349219089490
Position: 64.98 -24.91 -658.29 Orientation: 0.2357 0.0014 0.9681 -0.0846 Time: 6349250099660
Position: 64.98 -24.91 -658.29 Orientation: 0.2357 0.0014 0.9681 -0.0846 Time: 6349281114963
Position: 64.98 -24.89 -658.27 Orientation: 0.2354 0.0012 0.9681 -0.0847 Time: 6349312114867
Position: 65 -24.85 -658.27 Orientation: 0.2354 0.0013 0.9681 -0.0848 Time: 6349344118504
Position: 65 -24.85 -658.27 Orientation: 0.2354 0.0013 0.9681 -0.0848 Time: 6349375110995
Position: 64.98 -24.9 -658.27 Orientation: 0.2357 0.0013 0.9681 -0.0846 Time: 6349406104626
Position: 64.99 -24.95 -658.26 Orientation: 0.2349 0.0014 0.9683 -0.0846 Time: 6349437112515
Position: 64.99 -24.95 -658.26 Orientation: 0.2349 0.0014 0.9683 -0.0846 Time: 6349468115842
Position: 64.98 -24.91 -658.29 Orientation: 0.2353 0.0015 0.9682 -0.0845 Time: 6349500125751
Position: 64.98 -24.91 -658.29 Orientation: 0.2353 0.0015 0.9682 -0.0845 Time: 6349531102844
Position: 64.98 -24.86 -658.27 Orientation: 0.2355 0.0016 0.9681 -0.0847 Time: 6349562110733
Position: 64.98 -24.87 -658.26 Orientation: 0.235 0.0014 0.9682 -0.0847 Time: 6349593096380
Position: 64.98 -24.87 -658.26 Orientation: 0.235 0.0014 0.9682 -0.0847 Time: 6349624108831
Position: 64.99 -24.91 -658.26 Orientation: 0.2347 0.0016 0.9683 -0.0846 Time: 6349656078820
Position: 64.98 -24.88 -658.26 Orientation: 0.2352 0.0013 0.9682 -0.0847 Time: 6349687110661
Position: 64.98 -24.88 -658.26 Orientation: 0.2352 0.0013 0.9682 -0.0847 Time: 6349718103152
Position: 64.99 -24.89 -658.24 Orientation: 0.2345 0.0014 0.9684 -0.0847 Time: 6349749105909
Position: 64.99 -24.89 -658.24 Orientation: 0.2345 0.0014 0.9684 -0.0847 Time: 6349780101251
Position: 64.99 -24.9 -658.24 Orientation: 0.2345 0.0015 0.9684 -0.0846 Time: 6349812110590
Position: 64.98 -24.9 -658.28 Orientation: 0.2351 0.0015 0.9682 -0.0846 Time: 6349843075136
Position: 64.98 -24.9 -658.28 Orientation: 0.2351 0.0015 0.9682 -0.0846 Time: 6349874097853
Position: 64.98 -24.87 -658.26 Orientation: 0.2351 0.0015 0.9682 -0.0846 Time: 6349905095477
Position: 64.99 -24.89 -658.26 Orientation: 0.2347 0.0015 0.9683 -0.0846 Time: 6349936101084
Position: 64.99 -24.89 -658.26 Orientation: 0.2347 0.0015 0.9683 -0.0846 Time: 6349968091604
Position: 64.98 -24.9 -658.29 Orientation: 0.2356 0.0014 0.9681 -0.0846 Time: 6349999104625
Position: 64.98 -24.9 -658.29 Orientation: 0.2356 0.0014 0.9681 -0.0846 Time: 6350030094835
Position: 64.98 -24.86 -658.26 Orientation: 0.2355 0.0016 0.9681 -0.0846 Time: 6350061098732
Position: 64.98 -24.87 -658.27 Orientation: 0.2352 0.0016 0.9682 -0.0846 Time: 6350092086660
Position: 64.98 -24.87 -658.27 Orientation: 0.2352 0.0016 0.9682 -0.0846 Time: 6350124098281
Position: 64.99 -24.91 -658.27 Orientation: 0.235 0.0016 0.9683 -0.0845 Time: 6350155107310
Position: 64.98 -24.88 -658.29 Orientation: 0.2353 0.0013 0.9682 -0.0847 Time: 6350186102082
Position: 64.98 -24.88 -658.29 Orientation: 0.2353 0.0013 0.9682 -0.0847 Time: 6350218108570
Position: 64.98 -24.88 -658.29 Orientation: 0.2356 0.0015 0.9681 -0.0846 Time: 6350248099611
Position: 64.98 -24.88 -658.29 Orientation: 0.2356 0.0015 0.9681 -0.0846 Time: 6350280091841
Position: 64.99 -24.89 -658.29 Orientation: 0.235 0.0012 0.9682 -0.0847 Time: 6350311094027
Position: 64.98 -24.9 -658.27 Orientation: 0.2354 0.0015 0.9681 -0.0846 Time: 6350342089369
Position: 64.98 -24.9 -658.27 Orientation: 0.2354 0.0015 0.9681 -0.0846 Time: 6350373092126
Position: 64.98 -24.9 -658.26 Orientation: 0.2349 0.0015 0.9683 -0.0846 Time: 6350405132261
Position: 64.98 -24.88 -658.27 Orientation: 0.2353 0.0014 0.9682 -0.0846 Time: 6350436096807
Position: 64.98 -24.88 -658.27 Orientation: 0.2353 0.0014 0.9682 -0.0846 Time: 6350467121805
Position: 64.99 -24.9 -658.27 Orientation: 0.2349 0.0017 0.9683 -0.0845 Time: 6350498088632
Position: 64.99 -24.9 -658.27 Orientation: 0.2349 0.0017 0.9683 -0.0845 Time: 6350529062874
Position: 64.98 -24.89 -658.28 Orientation: 0.2352 0.0014 0.9682 -0.0846 Time: 6350560091293
Position: 64.98 -24.88 -658.28 Orientation: 0.2354 0.0016 0.9682 -0.0846 Time: 6350592084094
Position: 64.98 -24.88 -658.28 Orientation: 0.2354 0.0016 0.9682 -0.0846 Time: 6350623093124
Position: 64.98 -24.91 -658.26 Orientation: 0.2351 0.0015 0.9682 -0.0845 Time: 6350655083073
Position: 64.98 -24.89 -658.29 Orientation: 0.2355 0.0015 0.9681 -0.0846 Time: 6350685073543
Position: 64.98 -24.89 -658.29 Orientation: 0.2355 0.0015 0.9681 -0.0846 Time: 6350716078580
Position: 64.98 -24.88 -658.26 Orientation: 0.235 0.0014 0.9682 -0.0847 Time: 6350748091341
Position: 64.98 -24.88 -658.26 Orientation: 0.235 0.0014 0.9682 -0.0847 Time: 6350779075848
Position: 64.97 -24.9 -658.28 Orientation: 0.2356 0.0015 0.9681 -0.0845 Time: 6350810064917
Position: 64.98 -24.89 -658.3 Orientation: 0.2353 0.0015 0.9682 -0.0846 Time: 6350841055697
Position: 64.98 -24.89 -658.3 Orientation: 0.2353 0.0015 0.9682 -0.0846 Time: 6350872064156
Position: 64.98 -24.89 -658.25 Orientation: 0.2351 0.0016 0.9682 -0.0846 Time: 6350904060379
Position: 64.99 -24.89 -658.28 Orientation: 0.2351 0.0014 0.9682 -0.0847 Time: 6350935067127
Position: 64.99 -24.89 -658.28 Orientation: 0.2351 0.0014 0.9682 -0.0847 Time: 6350966055626
Position: 64.99 -24.89 -658.24 Orientation: 0.2343 0.0016 0.9684 -0.0846 Time: 6350997056671
Position: 64.99 -24.89 -658.24 Orientation: 0.2343 0.0016 0.9684 -0.0846 Time: 6351029056315
Position: 64.98 -24.89 -658.28 Orientation: 0.2355 0.0014 0.9681 -0.0846 Time: 6351060054509
Position: 64.98 -24.89 -658.27 Orientation: 0.235 0.0015 0.9682 -0.0846 Time: 6351091190146
Position: 64.98 -24.89 -658.27 Orientation: 0.235 0.0015 0.9682 -0.0846 Time: 6351122191191
Position: 64.98 -24.9 -658.24 Orientation: 0.2345 0.0017 0.9684 -0.0845 Time: 6351153177979
Position: 64.98 -24.89 -658.28 Orientation: 0.2354 0.0014 0.9682 -0.0846 Time: 6351185185607
Position: 64.98 -24.89 -658.28 Orientation: 0.2354 0.0014 0.9682 -0.0846 Time: 6351216177528
Position: 64.99 -24.88 -658.27 Orientation: 0.2349 0.0014 0.9683 -0.0847 Time: 6351247188838
Position: 64.99 -24.88 -658.27 Orientation: 0.2349 0.0014 0.9683 -0.0847 Time: 6351278182470
Position: 64.98 -24.9 -658.29 Orientation: 0.2354 0.0014 0.9681 -0.0846 Time: 6351309184086
Position: 64.98 -24.9 -658.29 Orientation: 0.2355 0.0015 0.9681 -0.0845 Time: 6351341186011
Position: 64.98 -24.9 -658.29 Orientation: 0.2355 0.0015 0.9681 -0.0845 Time: 6351372180213
Position: 64.98 -24.88 -658.25 Orientation: 0.2353 0.0016 0.9682 -0.0846 Time: 6351403194375
Position: 64.98 -24.9 -658.26 Orientation: 0.2349 0.0015 0.9683 -0.0846 Time: 6351434167476
Position: 64.98 -24.9 -658.26 Orientation: 0.2349 0.0015 0.9683 -0.0846 Time: 6351465173083
Position: 64.98 -24.9 -658.27 Orientation: 0.2352 0.0016 0.9682 -0.0846 Time: 6351497177290
Position: 64.98 -24.9 -658.27 Orientation: 0.2352 0.0016 0.9682 -0.0846 Time: 6351528173773
Position: 64.99 -24.89 -658.26 Orientation: 0.2346 0.0013 0.9683 -0.0847 Time: 6351559181091
Position: 64.98 -24.89 -658.28 Orientation: 0.2352 0.0013 0.9682 -0.0846 Time: 6351590171871
Position: 64.98 -24.89 -658.28 Orientation: 0.2352 0.0013 0.9682 -0.0846 Time: 6351621166073
Position: 64.98 -24.89 -658.27 Orientation: 0.2354 0.0015 0.9681 -0.0846 Time: 6351653169709
Position: 64.98 -24.89 -658.27 Orientation: 0.2349 0.0015 0.9683 -0.0846 Time: 6351684244324
Position: 64.98 -24.89 -658.27 Orientation: 0.2349 0.0015 0.9683 -0.0846 Time: 6351715168949
Position: 64.99 -24.89 -658.26 Orientation: 0.2343 0.0014 0.9684 -0.0847 Time: 6351746050801
Position: 64.99 -24.89 -658.26 Orientation: 0.2343 0.0014 0.9684 -0.0847 Time: 6351777073518
Position: 64.98 -24.89 -658.25 Orientation: 0.2351 0.0015 0.9682 -0.0846 Time: 6351808072852
Position: 64.99 -24.89 -658.26 Orientation: 0.2346 0.0015 0.9683 -0.0846 Time: 6351840074207
Position: 64.99 -24.89 -658.26 Orientation: 0.2346 0.0015 0.9683 -0.0846 Time: 6351871071260
Position: 64.98 -24.89 -658.27 Orientation: 0.2356 0.0015 0.9681 -0.0846 Time: 6351902077439
Position: 64.98 -24.89 -658.27 Orientation: 0.2356 0.0015 0.9681 -0.0846 Time: 6351933085328
Position: 64.98 -24.88 -658.27 Orientation: 0.235 0.0014 0.9682 -0.0847 Time: 6351965073566
Position: 64.98 -24.89 -658.28 Orientation: 0.2355 0.0014 0.9681 -0.0846 Time: 6351996070619
Position: 64.98 -24.89 -658.28 Orientation: 0.2355 0.0014 0.9681 -0.0846 Time: 6352027079078
Position: 64.99 -24.89 -658.27 Orientation: 0.235 0.0016 0.9682 -0.0846 Time: 6352058051038
Position: 64.98 -24.89 -658.26 Orientation: 0.235 0.0015 0.9682 -0.0846 Time: 6352089073185
Position: 64.98 -24.89 -658.26 Orientation: 0.235 0.0015 0.9682 -0.0846 Time: 6352120075371
Position: 64.98 -24.89 -658.25 Orientation: 0.2347 0.0016 0.9683 -0.0846 Time: 6352152084140
Position: 64.98 -24.9 -658.27 Orientation: 0.2351 0.0014 0.9682 -0.0846 Time: 6352183074920
Position: 64.98 -24.9 -658.27 Orientation: 0.2351 0.0014 0.9682 -0.0846 Time: 6352214077105
Position: 64.98 -24.89 -658.27 Orientation: 0.235 0.0014 0.9682 -0.0846 Time: 6352245062753
Position: 64.98 -24.89 -658.27 Orientation: 0.235 0.0014 0.9682 -0.0846 Time: 6352276068360
Position: 64.98 -24.89 -658.26 Orientation: 0.2347 0.0017 0.9683 -0.0845 Time: 6352308068005
Position: 64.98 -24.9 -658.29 Orientation: 0.2354 0.0014 0.9681 -0.0846 Time: 6352339074753
Position: 64.98 -24.9 -658.29 Orientation: 0.2354 0.0014 0.9681 -0.0846 Time: 6352370071806
Position: 64.98 -24.9 -658.29 Orientation: 0.2353 0.0015 0.9682 -0.0846 Time: 6352401070000
Position: 64.98 -24.9 -658.29 Orientation: 0.2353 0.0015 0.9682 -0.0846 Time: 6352432069335
Position: 64.98 -24.88 -658.28 Orientation: 0.2356 0.0014 0.9681 -0.0846 Time: 6352464059854
Position: 64.98 -24.89 -658.29 Orientation: 0.2357 0.0012 0.9681 -0.0847 Time: 6352495060899
Position: 64.98 -24.89 -658.29 Orientation: 0.2357 0.0012 0.9681 -0.0847 Time: 6352526067077
Position: 64.99 -24.9 -658.24 Orientation: 0.2343 0.0015 0.9684 -0.0846 Time: 6352557060709
Position: 64.99 -24.89 -658.26 Orientation: 0.2346 0.0016 0.9683 -0.0846 Time: 6352589058642
Position: 64.99 -24.89 -658.26 Orientation: 0.2346 0.0016 0.9683 -0.0846 Time: 6352620060828
