Position: 92.43 -30.4 -716.84 Orientation: 0.236 0.0109 0.9684 -0.0794 Time: 6132602591338
Position: 92.42 -30.4 -716.86 Orientation: 0.237 0.0108 0.9681 -0.0794 Time: 6132632455771
Position: 92.42 -30.42 -716.84 Orientation: 0.2363 0.0111 0.9683 -0.0792 Time: 6132663437997
Position: 92.42 -30.42 -716.84 Orientation: 0.2363 0.0111 0.9683 -0.0792 Time: 6132695450187
Position: 92.43 -30.4 -716.83 Orientation: 0.2358 0.0111 0.9684 -0.0793 Time: 6132726406179
Position: 92.42 -30.41 -716.83 Orientation: 0.2358 0.0111 0.9684 -0.0793 Time: 6132757444864
Position: 92.42 -30.41 -716.83 Orientation: 0.2358 0.0111 0.9684 -0.0793 Time: 6132788425379
Position: 92.42 -30.41 -716.84 Orientation: 0.2365 0.011 0.9683 -0.0793 Time: 6132819460642
Position: 92.42 -30.41 -716.84 Orientation: 0.2365 0.011 0.9683 -0.0793 Time: 6132851432341
Position: 92.42 -30.39 -716.84 Orientation: 0.2367 0.011 0.9682 -0.0793 Time: 6132882441941
Position: 92.42 -30.42 -716.86 Orientation: 0.2367 0.0109 0.9682 -0.0793 Time: 6132913425878
Position: 92.42 -30.42 -716.86 Orientation: 0.2367 0.0109 0.9682 -0.0793 Time: 6132944440610
Position: 92.43 -30.4 -716.83 Orientation: 0.236 0.0111 0.9684 -0.0793 Time: 6132975430250
Position: 92.41 -30.4 -716.87 Orientation: 0.2372 0.0108 0.9681 -0.0793 Time: 6133007443011
Position: 92.41 -30.4 -716.87 Orientation: 0.2372 0.0108 0.9681 -0.0793 Time: 6133038419533
Position: 92.42 -30.42 -716.88 Orientation: 0.237 0.0109 0.9681 -0.0793 Time: 6133069442820
Position: 92.42 -30.42 -716.88 Orientation: 0.237 0.0109 0.9681 -0.0793 Time: 6133100564770
Position: 92.42 -30.39 -716.86 Orientation: 0.2367 0.0107 0.9682 -0.0794 Time: 6133132457197
Position: 92.42 -30.41 -716.84 Orientation: 0.2363 0.0111 0.9683 -0.0793 Time: 6133163422313
Position: 92.42 -30.41 -716.84 Orientation: 0.2363 0.0111 0.9683 -0.0793 Time: 6133194437046
Position: 92.42 -30.4 -716.86 Orientation: 0.2371 0.011 0.9681 -0.0793 Time: 6133225558425
Position: 92.43 -30.39 -716.84 Orientation: 0.2357 0.011 0.9684 -0.0794 Time: 6133256432863
Position: 92.43 -30.39 -716.84 Orientation: 0.2357 0.011 0.9684 -0.0794 Time: 6133287421362
Position: 92.43 -30.42 -716.86 Orientation: 0.2363 0.0109 0.9683 -0.0794 Time: 6133319431842
Position: 92.43 -30.42 -716.86 Orientation: 0.2363 0.0109 0.9683 -0.0794 Time: 6133350416919
Position: 92.42 -30.41 -716.83 Orientation: 0.2363 0.0112 0.9683 -0.0792 Time: 6133412414447
Position: 92.43 -30.39 -716.83 Orientation: 0.2359 0.0111 0.9684 -0.0794 Time: 6133381428230
Position: 92.42 -30.41 -716.83 Orientation: 0.2363 0.0112 0.9683 -0.0792 Time: 6133443436594
Position: 92.42 -30.41 -716.85 Orientation: 0.2368 0.0108 0.9682 -0.0793 Time: 6133475388332
Position: 92.42 -30.4 -716.85 Orientation: 0.2367 0.0109 0.9682 -0.0794 Time: 6133506436143
Position: 92.42 -30.4 -716.85 Orientation: 0.2367 0.0109 0.9682 -0.0794 Time: 6133537418368
Position: 92.42 -30.42 -716.83 Orientation: 0.2362 0.011 0.9683 -0.0793 Time: 6133568437663
Position: 92.42 -30.42 -716.83 Orientation: 0.2362 0.011 0.9683 -0.0793 Time: 6133599411904
Position: 92.41 -30.4 -716.84 Orientation: 0.2369 0.011 0.9682 -0.0793 Time: 6133631445196
Position: 92.42 -30.41 -716.85 Orientation: 0.2367 0.011 0.9682 -0.0793 Time: 6133664493055
Position: 92.42 -30.41 -716.85 Orientation: 0.2367 0.011 0.9682 -0.0793 Time: 6133693454701
Position: 92.42 -30.42 -716.85 Orientation: 0.2365 0.011 0.9683 -0.0793 Time: 6133724404989
Position: 92.42 -30.39 -716.84 Orientation: 0.2365 0.011 0.9682 -0.0794 Time: 6133755480744
Position: 92.42 -30.39 -716.84 Orientation: 0.2365 0.011 0.9682 -0.0794 Time: 6133788408270
Position: 92.43 -30.41 -716.86 Orientation: 0.2365 0.0109 0.9683 -0.0794 Time: 6133818466606
Position: 92.43 -30.41 -716.86 Orientation: 0.2365 0.0109 0.9683 -0.0794 Time: 6133849451683
Position: 92.43 -30.4 -716.85 Orientation: 0.2362 0.011 0.9683 -0.0793 Time: 6133880461853
Position: 92.43 -30.39 -716.83 Orientation: 0.2355 0.011 0.9685 -0.0794 Time: 6133911420696
Position: 92.43 -30.39 -716.83 Orientation: 0.2355 0.011 0.9685 -0.0794 Time: 6133943434027
Position: 92.42 -30.42 -716.82 Orientation: 0.2363 0.0111 0.9683 -0.0792 Time: 6133974444197
Position: 92.43 -30.39 -716.84 Orientation: 0.2361 0.0109 0.9684 -0.0794 Time: 6134005413306
Position: 92.43 -30.39 -716.84 Orientation: 0.2361 0.0109 0.9684 -0.0794 Time: 6134036484498
Position: 92.42 -30.4 -716.85 Orientation: 0.2363 0.0109 0.9683 -0.0794 Time: 6134067447904
Position: 92.42 -30.4 -716.85 Orientation: 0.2363 0.0109 0.9683 -0.0794 Time: 6134099395080
Position: 92.42 -30.41 -716.83 Orientation: 0.2362 0.0111 0.9683 -0.0793 Time: 6134130430344
Position: 92.43 -30.4 -716.83 Orientation: 0.236 0.0111 0.9684 -0.0793 Time: 6134161440514
Position: 92.43 -30.4 -716.83 Orientation: 0.236 0.0111 0.9684 -0.0793 Time: 6134192432434
Position: 92.42 -30.41 -716.84 Orientation: 0.2363 0.0112 0.9683 -0.0793 Time: 6134223443745
Position: 92.42 -30.4 -716.86 Orientation: 0.2366 0.011 0.9682 -0.0793 Time: 6134255435975
Position: 92.42 -30.4 -716.86 Orientation: 0.2366 0.011 0.9682 -0.0793 Time: 6134286513441
Position: 92.42 -30.4 -716.83 Orientation: 0.2363 0.0109 0.9683 -0.0794 Time: 6134317457456
Position: 92.42 -30.4 -716.83 Orientation: 0.2363 0.0109 0.9683 -0.0794 Time: 6134349445124
Position: 92.43 -30.4 -716.84 Orientation: 0.2358 0.011 0.9684 -0.0794 Time: 6134379459547
Position: 92.42 -30.4 -716.85 Orientation: 0.2366 0.0108 0.9682 -0.0794 Time: 6134413413046
Position: 92.42 -30.4 -716.85 Orientation: 0.2366 0.0108 0.9682 -0.0794 Time: 6134442423737
Position: 92.43 -30.41 -716.85 Orientation: 0.2361 0.0109 0.9684 -0.0793 Time: 6134473389994
Position: 92.43 -30.4 -716.84 Orientation: 0.236 0.0111 0.9684 -0.0794 Time: 6134504432101
Position: 92.43 -30.4 -716.84 Orientation: 0.236 0.0111 0.9684 -0.0794 Time: 6134535418319
Position: 92.42 -30.41 -716.85 Orientation: 0.2366 0.011 0.9682 -0.0793 Time: 6134567441345
Position: 92.42 -30.41 -716.85 Orientation: 0.2366 0.011 0.9682 -0.0793 Time: 6134598394485
Position: 92.43 -30.4 -716.86 Orientation: 0.2363 0.0108 0.9683 -0.0794 Time: 6134629425757
Position: 92.41 -30.4 -716.86 Orientation: 0.2371 0.011 0.9681 -0.0792 Time: 6134660406271
Position: 92.41 -30.4 -716.86 Orientation: 0.2371 0.011 0.9681 -0.0792 Time: 6134691419293
Position: 92.43 -30.41 -716.82 Orientation: 0.2359 0.0112 0.9684 -0.0793 Time: 6134723397836
Position: 92.42 -30.39 -716.86 Orientation: 0.2364 0.0112 0.9683 -0.0793 Time: 6134754402873
Position: 92.42 -30.39 -716.86 Orientation: 0.2364 0.0112 0.9683 -0.0793 Time: 6134785407341
Position: 92.42 -30.41 -716.83 Orientation: 0.2364 0.0108 0.9683 -0.0793 Time: 6134816426636
Position: 92.42 -30.41 -716.83 Orientation: 0.2364 0.0108 0.9683 -0.0793 Time: 6134847421408
Position: 92.42 -30.41 -716.84 Orientation: 0.2367 0.011 0.9682 -0.0792 Time: 6134879417630
Position: 92.43 -30.4 -716.83 Orientation: 0.2357 0.0112 0.9684 -0.0793 Time: 6134910361645
Position: 92.43 -30.4 -716.83 Orientation: 0.2357 0.0112 0.9684 -0.0793 Time: 6134941434549
Position: 92.41 -30.42 -716.87 Orientation: 0.2377 0.0111 0.968 -0.0792 Time: 6134972401946
Position: 92.42 -30.4 -716.85 Orientation: 0.2364 0.0111 0.9683 -0.0793 Time: 6135003441202
Position: 92.42 -30.4 -716.85 Orientation: 0.2364 0.0111 0.9683 -0.0793 Time: 6135035381534
Position: 92.41 -30.41 -716.86 Orientation: 0.237 0.0111 0.9682 -0.0792 Time: 6135066399118
Position: 92.41 -30.41 -716.86 Orientation: 0.237 0.0111 0.9682 -0.0792 Time: 6135097316900
Position: 92.42 -30.41 -716.85 Orientation: 0.2363 0.0109 0.9683 -0.0793 Time: 6135128409764
Position: 92.42 -30.4 -716.84 Orientation: 0.2364 0.0111 0.9683 -0.0793 Time: 6135159398833
Position: 92.42 -30.4 -716.84 Orientation: 0.2364 0.0111 0.9683 -0.0793 Time: 6135191416727
Position: 92.43 -30.41 -716.83 Orientation: 0.2355 0.0111 0.9685 -0.0793 Time: 6135222378421
Position: 92.42 -30.39 -716.83 Orientation: 0.2363 0.0111 0.9683 -0.0793 Time: 6135253422809
Position: 92.42 -30.39 -716.83 Orientation: 0.2363 0.0111 0.9683 -0.0793 Time: 6135284374239
Position: 92.42 -30.41 -716.86 Orientation: 0.2364 0.0111 0.9683 -0.0793 Time: 6135315411783
Position: 92.42 -30.41 -716.86 Orientation: 0.2364 0.0111 0.9683 -0.0793 Time: 6135347404584
Position: 92.42 -30.41 -716.84 Orientation: 0.2363 0.0109 0.9683 -0.0793 Time: 6135378405629
Position: 92.42 -30.4 -716.82 Orientation: 0.2365 0.0111 0.9683 -0.0793 Time: 6135409359339
Position: 92.42 -30.4 -716.82 Orientation: 0.2365 0.0111 0.9683 -0.0793 Time: 6135440368369
Position: 92.42 -30.42 -716.85 Orientation: 0.2369 0.011 0.9682 -0.0792 Time: 6135471400781
Position: 92.42 -30.4 -716.87 Orientation: 0.237 0.0111 0.9681 -0.0792 Time: 6135503416964
Position: 92.42 -30.4 -716.87 Orientation: 0.237 0.0111 0.9681 -0.0792 Time: 6135534414017
Position: 92.42 -30.4 -716.84 Orientation: 0.2367 0.0108 0.9682 -0.0794 Time: 6135565377423
Position: 92.42 -30.4 -716.84 Orientation: 0.2367 0.0108 0.9682 -0.0794 Time: 6135596400710
Position: 92.43 -30.42 -716.85 Orientation: 0.2361 0.0111 0.9684 -0.0793 Time: 6135627373240
Position: 92.42 -30.39 -716.82 Orientation: 0.236 0.0112 0.9684 -0.0793 Time: 6135659366040
Position: 92.42 -30.39 -716.82 Orientation: 0.236 0.0112 0.9684 -0.0793 Time: 6135690605472
Position: 92.43 -30.41 -716.84 Orientation: 0.2363 0.011 0.9683 -0.0793 Time: 6135721369842
Position: 92.42 -30.4 -716.87 Orientation: 0.2368 0.0108 0.9682 -0.0794 Time: 6135752409098
Position: 92.42 -30.4 -716.87 Orientation: 0.2368 0.0108 0.9682 -0.0794 Time: 6135783368511
Position: 92.42 -30.4 -716.84 Orientation: 0.2365 0.0109 0.9683 -0.0793 Time: 6135814387806
Position: 92.42 -30.4 -716.84 Orientation: 0.2365 0.0109 0.9683 -0.0793 Time: 6135846364068
Position: 92.43 -30.41 -716.88 Orientation: 0.236 0.0109 0.9684 -0.0794 Time: 6135877427846
Position: 92.43 -30.39 -716.84 Orientation: 0.2357 0.0109 0.9684 -0.0794 Time: 6135909380726
Position: 92.43 -30.39 -716.84 Orientation: 0.2357 0.0109 0.9684 -0.0794 Time: 6135939395149
Position: 92.42 -30.41 -716.84 Orientation: 0.2363 0.0111 0.9683 -0.0793 Time: 6135971390230
Position: 92.43 -30.41 -716.83 Orientation: 0.2362 0.0111 0.9683 -0.0793 Time: 6136002404963
Position: 92.43 -30.41 -716.83 Orientation: 0.2362 0.0111 0.9683 -0.0793 Time: 6136033371790
Position: 92.42 -30.4 -716.82 Orientation: 0.2364 0.0112 0.9683 -0.0792 Time: 6136064377398
Position: 92.42 -30.4 -716.82 Orientation: 0.2364 0.0112 0.9683 -0.0792 Time: 6136095383006
Position: 92.42 -30.41 -716.84 Orientation: 0.2362 0.0109 0.9683 -0.0793 Time: 6136127384931
Position: 92.43 -30.4 -716.85 Orientation: 0.2359 0.011 0.9684 -0.0794 Time: 6136159356630
Position: 92.43 -30.4 -716.85 Orientation: 0.2359 0.011 0.9684 -0.0794 Time: 6136189381319
Position: 92.43 -30.4 -716.82 Orientation: 0.236 0.011 0.9684 -0.0794 Time: 6136221340471
Position: 92.42 -30.41 -716.83 Orientation: 0.2361 0.0111 0.9684 -0.0792 Time: 6136251385691
Position: 92.42 -30.41 -716.83 Orientation: 0.2361 0.0111 0.9684 -0.0792 Time: 6136283355679
Position: 92.42 -30.4 -716.87 Orientation: 0.2369 0.011 0.9682 -0.0793 Time: 6136314389802
Position: 92.42 -30.4 -716.87 Orientation: 0.2369 0.011 0.9682 -0.0793 Time: 6136345358340
Position: 92.43 -30.41 -716.86 Orientation: 0.2367 0.0109 0.9682 -0.0794 Time: 6136377315782
Position: 92.42 -30.41 -716.85 Orientation: 0.2366 0.011 0.9682 -0.0792 Time: 6136407353587
Position: 92.42 -30.41 -716.85 Orientation: 0.2366 0.011 0.9682 -0.0792 Time: 6136439399996
Position: 92.42 -30.4 -716.84 Orientation: 0.2363 0.0111 0.9683 -0.0793 Time: 6136470365113
Position: 92.41 -30.42 -716.87 Orientation: 0.2373 0.0111 0.9681 -0.0792 Time: 6136501378134
Position: 92.41 -30.42 -716.87 Orientation: 0.2373 0.0111 0.9681 -0.0792 Time: 6136532334126
Position: 92.42 -30.4 -716.82 Orientation: 0.2363 0.0111 0.9683 -0.0793 Time: 6136563387069
Position: 92.42 -30.4 -716.82 Orientation: 0.2363 0.0111 0.9683 -0.0793 Time: 6136596338547
Position: 92.43 -30.41 -716.83 Orientation: 0.2357 0.011 0.9684 -0.0794 Time: 6136626378063
Position: 92.43 -30.41 -716.84 Orientation: 0.2354 0.0113 0.9685 -0.0793 Time: 6136657355726
Position: 92.43 -30.41 -716.84 Orientation: 0.2354 0.0113 0.9685 -0.0793 Time: 6136688387568
Position: 92.42 -30.39 -716.82 Orientation: 0.2363 0.011 0.9683 -0.0794 Time: 6136719414277
Position: 92.42 -30.39 -716.82 Orientation: 0.2363 0.011 0.9683 -0.0794 Time: 6136751377421
Position: 92.43 -30.41 -716.83 Orientation: 0.2359 0.0109 0.9684 -0.0794 Time: 6136782343678
Position: 92.42 -30.4 -716.86 Orientation: 0.2368 0.0108 0.9682 -0.0793 Time: 6136813388067
Position: 92.42 -30.4 -716.86 Orientation: 0.2368 0.0108 0.9682 -0.0793 Time: 6136844368581
Position: 92.42 -30.41 -716.86 Orientation: 0.2367 0.011 0.9682 -0.0792 Time: 6136875376470
Position: 92.43 -30.41 -716.85 Orientation: 0.2361 0.011 0.9684 -0.0793 Time: 6136907353872
Position: 92.43 -30.41 -716.85 Orientation: 0.2361 0.011 0.9684 -0.0793 Time: 6136938397690
Position: 92.43 -30.39 -716.84 Orientation: 0.2357 0.011 0.9684 -0.0794 Time: 6136969779698
Position: 92.43 -30.39 -716.84 Orientation: 0.2357 0.011 0.9684 -0.0794 Time: 6137000370125
Position: 92.42 -30.41 -716.87 Orientation: 0.2365 0.0111 0.9683 -0.0793 Time: 6137031367749
Position: 92.41 -30.41 -716.83 Orientation: 0.2368 0.011 0.9682 -0.0793 Time: 6137063359409
Position: 92.41 -30.41 -716.83 Orientation: 0.2368 0.011 0.9682 -0.0793 Time: 6137094367298
Position: 92.43 -30.4 -716.83 Orientation: 0.236 0.0111 0.9684 -0.0793 Time: 6137125363211
Position: 92.42 -30.42 -716.84 Orientation: 0.2364 0.0111 0.9683 -0.0792 Time: 6137156320913
Position: 92.42 -30.42 -716.84 Orientation: 0.2364 0.0111 0.9683 -0.0792 Time: 6137187401230
Position: 92.43 -30.4 -716.84 Orientation: 0.236 0.0112 0.9684 -0.0793 Time: 6137219384336
Position: 92.42 -30.4 -716.86 Orientation: 0.2365 0.0109 0.9683 -0.0794 Time: 6137250348882
Position: 92.42 -30.4 -716.86 Orientation: 0.2365 0.0109 0.9683 -0.0794 Time: 6137281307725
Position: 92.42 -30.41 -716.88 Orientation: 0.2371 0.011 0.9681 -0.0793 Time: 6137312340707
Position: 92.42 -30.41 -716.88 Orientation: 0.2371 0.011 0.9681 -0.0793 Time: 6137343353158
Position: 92.42 -30.4 -716.84 Orientation: 0.2369 0.0109 0.9682 -0.0793 Time: 6137375353943
Position: 92.42 -30.41 -716.84 Orientation: 0.2364 0.0111 0.9683 -0.0793 Time: 6137406356699
Position: 92.42 -30.41 -716.84 Orientation: 0.2364 0.0111 0.9683 -0.0793 Time: 6137437383408
Position: 92.42 -30.4 -716.86 Orientation: 0.2366 0.011 0.9682 -0.0793 Time: 6137468337689
Position: 92.42 -30.4 -716.86 Orientation: 0.2366 0.011 0.9682 -0.0793 Time: 6137499361546
Position: 92.42 -30.41 -716.84 Orientation: 0.2362 0.0111 0.9683 -0.0793 Time: 6137531322980
Position: 92.42 -30.4 -716.83 Orientation: 0.2364 0.0111 0.9683 -0.0793 Time: 6137562355392
Position: 92.42 -30.4 -716.83 Orientation: 0.2364 0.0111 0.9683 -0.0793 Time: 6137593344461
Position: 92.42 -30.4 -716.83 Orientation: 0.2365 0.0113 0.9683 -0.0792 Time: 6137624356913
Position: 92.42 -30.4 -716.85 Orientation: 0.2368 0.0109 0.9682 -0.0793 Time: 6137655328302
Position: 92.42 -30.4 -716.85 Orientation: 0.2368 0.0109 0.9682 -0.0793 Time: 6137687334220
Position: 92.42 -30.39 -716.86 Orientation: 0.2366 0.0108 0.9682 -0.0794 Time: 6137718317016
Position: 92.42 -30.39 -716.86 Orientation: 0.2366 0.0108 0.9682 -0.0794 Time: 6137749369958
Position: 92.43 -30.4 -716.83 Orientation: 0.2358 0.011 0.9684 -0.0794 Time: 6137781327970
Position: 92.43 -30.41 -716.83 Orientation: 0.236 0.0113 0.9684 -0.0793 Time: 6137811362354
Position: 92.43 -30.41 -716.83 Orientation: 0.236 0.0113 0.9684 -0.0793 Time: 6137843312952
Position: 92.42 -30.4 -716.85 Orientation: 0.2369 0.0111 0.9682 -0.0792 Time: 6137874358481
Position: 92.43 -30.41 -716.83 Orientation: 0.2357 0.011 0.9684 -0.0793 Time: 6137905338425
Position: 92.43 -30.41 -716.83 Orientation: 0.2357 0.011 0.9684 -0.0793 Time: 6137936345174
Position: 92.42 -30.4 -716.85 Orientation: 0.2367 0.0111 0.9682 -0.0793 Time: 6137967338235
Position: 92.42 -30.4 -716.85 Orientation: 0.2367 0.0111 0.9682 -0.0793 Time: 6137999347574
Position: 92.43 -30.41 -716.83 Orientation: 0.2358 0.0113 0.9684 -0.0793 Time: 6138030320104
Position: 92.43 -30.4 -716.87 Orientation: 0.2362 0.0108 0.9683 -0.0794 Time: 6138061350805
Position: 92.43 -30.4 -716.87 Orientation: 0.2362 0.0108 0.9683 -0.0794 Time: 6138092355273
Position: 92.42 -30.4 -716.86 Orientation: 0.2363 0.0108 0.9683 -0.0794 Time: 6138123342060
Position: 92.42 -30.41 -716.86 Orientation: 0.2365 0.0109 0.9683 -0.0793 Time: 6138155282963
Position: 92.42 -30.41 -716.86 Orientation: 0.2365 0.0109 0.9683 -0.0793 Time: 6138186383241
Position: 92.41 -30.4 -716.85 Orientation: 0.2369 0.011 0.9682 -0.0793 Time: 6138217328397
Position: 92.41 -30.4 -716.85 Orientation: 0.2369 0.011 0.9682 -0.0793 Time: 6138248355676
Position: 92.42 -30.4 -716.86 Orientation: 0.2365 0.011 0.9683 -0.0793 Time: 6138279341894
Position: 92.42 -30.4 -716.86 Orientation: 0.2368 0.0107 0.9682 -0.0794 Time: 6138311358647
Position: 92.42 -30.4 -716.86 Orientation: 0.2368 0.0107 0.9682 -0.0794 Time: 6138342343154
Position: 92.42 -30.4 -716.84 Orientation: 0.2366 0.0111 0.9682 -0.0793 Time: 6138373343629
Position: 92.42 -30.4 -716.87 Orientation: 0.2368 0.0108 0.9682 -0.0794 Time: 6138404378892
Position: 92.42 -30.4 -716.87 Orientation: 0.2368 0.0108 0.9682 -0.0794 Time: 6138435357125
Position: 92.43 -30.4 -716.82 Orientation: 0.2355 0.011 0.9685 -0.0794 Time: 6138467316278
Position: 92.43 -30.4 -716.82 Orientation: 0.2355 0.011 0.9685 -0.0794 Time: 6138498337854
Position: 92.42 -30.4 -716.84 Orientation: 0.2364 0.0112 0.9683 -0.0793 Time: 6138529310955
Position: 92.43 -30.41 -716.83 Orientation: 0.2358 0.0112 0.9684 -0.0793 Time: 6138560329680
Position: 92.43 -30.41 -716.83 Orientation: 0.2358 0.0112 0.9684 -0.0793 Time: 6138591325022
Position: 92.42 -30.4 -716.83 Orientation: 0.236 0.011 0.9684 -0.0794 Time: 6138623340064
Position: 92.41 -30.41 -716.86 Orientation: 0.2369 0.0109 0.9682 -0.0793 Time: 6138654302329
Position: 92.41 -30.41 -716.86 Orientation: 0.2369 0.0109 0.9682 -0.0793 Time: 6138685263453
Position: 92.43 -30.41 -716.84 Orientation: 0.2359 0.0111 0.9684 -0.0793 Time: 6138716291303
Position: 92.43 -30.41 -716.84 Orientation: 0.2359 0.0111 0.9684 -0.0793 Time: 6138747251857
Position: 92.42 -30.4 -716.85 Orientation: 0.2369 0.0111 0.9682 -0.0793 Time: 6138779295414
Position: 92.43 -30.41 -716.81 Orientation: 0.2359 0.0112 0.9684 -0.0793 Time: 6138810294178
Position: 92.43 -30.41 -716.81 Orientation: 0.2359 0.0112 0.9684 -0.0793 Time: 6138841300927
Position: 92.42 -30.4 -716.84 Orientation: 0.2367 0.011 0.9682 -0.0793 Time: 6138872307105
Position: 92.42 -30.41 -716.86 Orientation: 0.2367 0.011 0.9682 -0.0793 Time: 6138903302447
Position: 92.42 -30.41 -716.86 Orientation: 0.2367 0.011 0.9682 -0.0793 Time: 6138935292966
Position: 92.42 -30.41 -716.85 Orientation: 0.2365 0.0111 0.9683 -0.0793 Time: 6138966267778
Position: 92.42 -30.41 -716.85 Orientation: 0.2365 0.0111 0.9683 -0.0793 Time: 6138997421664
Position: 92.43 -30.4 -716.82 Orientation: 0.2357 0.011 0.9685 -0.0794 Time: 6139028431834
Position: 92.43 -30.41 -716.84 Orientation: 0.2361 0.0112 0.9684 -0.0793 Time: 6139060435471
Position: 92.43 -30.41 -716.84 Orientation: 0.2361 0.0112 0.9684 -0.0793 Time: 6139091467312
Position: 92.42 -30.4 -716.81 Orientation: 0.2359 0.0111 0.9684 -0.0793 Time: 6139122423874
Position: 92.42 -30.41 -716.85 Orientation: 0.2364 0.011 0.9683 -0.0794 Time: 6139153401537
Position: 92.42 -30.41 -716.85 Orientation: 0.2364 0.011 0.9683 -0.0794 Time: 6139184418551
Position: 92.42 -30.41 -716.84 Orientation: 0.2364 0.011 0.9683 -0.0793 Time: 6139215384808
Position: 92.42 -30.41 -716.84 Orientation: 0.2364 0.011 0.9683 -0.0793 Time: 6139247415248
Position: 92.42 -30.4 -716.88 Orientation: 0.237 0.0109 0.9681 -0.0793 Time: 6139278435684
Position: 92.42 -30.41 -716.85 Orientation: 0.2362 0.0111 0.9683 -0.0793 Time: 6139309411066
Position: 92.42 -30.41 -716.85 Orientation: 0.2362 0.0111 0.9683 -0.0793 Time: 6139340387018
Position: 92.42 -30.4 -716.84 Orientation: 0.2361 0.0111 0.9684 -0.0793 Time: 6139371414867
Position: 92.42 -30.41 -716.85 Orientation: 0.2364 0.0109 0.9683 -0.0793 Time: 6139403407098
Position: 92.42 -30.41 -716.85 Orientation: 0.2364 0.0109 0.9683 -0.0793 Time: 6139434407573
Position: 92.42 -30.41 -716.85 Orientation: 0.2365 0.0109 0.9683 -0.0794 Time: 6139465408048
Position: 92.42 -30.41 -716.85 Orientation: 0.2365 0.0109 0.9683 -0.0794 Time: 6139496478100
Position: 92.42 -30.4 -716.84 Orientation: 0.2364 0.011 0.9683 -0.0793 Time: 6139527425537
Position: 92.41 -30.41 -716.86 Orientation: 0.2369 0.011 0.9682 -0.0793 Time: 6139559407501
Position: 92.41 -30.41 -716.86 Orientation: 0.2369 0.011 0.9682 -0.0793 Time: 6139590392578
Position: 92.42 -30.4 -716.82 Orientation: 0.2359 0.011 0.9684 -0.0793 Time: 6139621460919
Position: 92.42 -30.41 -716.84 Orientation: 0.2362 0.011 0.9683 -0.0793 Time: 6139652468238
Position: 92.42 -30.41 -716.84 Orientation: 0.2362 0.011 0.9683 -0.0793 Time: 6139683427081
Position: 92.43 -30.41 -716.82 Orientation: 0.2356 0.0113 0.9685 -0.0792 Time: 6139715415319
Position: 92.43 -30.41 -716.82 Orientation: 0.2356 0.0113 0.9685 -0.0792 Time: 6139746406099
Position: 92.43 -30.39 -716.83 Orientation: 0.2359 0.0111 0.9684 -0.0793 Time: 6139777409996
Position: 92.42 -30.41 -716.84 Orientation: 0.2364 0.011 0.9683 -0.0793 Time: 6139808414463
Position: 92.42 -30.41 -716.84 Orientation: 0.2364 0.011 0.9683 -0.0793 Time: 6139839414938
Position: 92.42 -30.4 -716.87 Orientation: 0.2368 0.0109 0.9682 -0.0793 Time: 6139871390630
Position: 92.43 -30.39 -716.87 Orientation: 0.2362 0.011 0.9683 -0.0794 Time: 6139902404792
Position: 92.43 -30.39 -716.87 Orientation: 0.2362 0.011 0.9683 -0.0794 Time: 6139933401275
Position: 92.43 -30.42 -716.82 Orientation: 0.2356 0.0113 0.9685 -0.0793 Time: 6139964410304
Position: 92.43 -30.42 -716.82 Orientation: 0.2356 0.0113 0.9685 -0.0793 Time: 6139995437013
Position: 92.42 -30.4 -716.85 Orientation: 0.2366 0.0109 0.9682 -0.0793 Time: 6140027410994
Position: 92.42 -30.4 -716.86 Orientation: 0.2367 0.0111 0.9682 -0.0792 Time: 6140058404055
Position: 92.42 -30.4 -716.86 Orientation: 0.2367 0.0111 0.9682 -0.0792 Time: 6140089424491
Position: 92.42 -30.42 -716.87 Orientation: 0.2369 0.011 0.9682 -0.0792 Time: 6140120398732
Position: 92.41 -30.39 -716.85 Orientation: 0.2369 0.011 0.9682 -0.0793 Time: 6140151413464
Position: 92.41 -30.39 -716.85 Orientation: 0.2369 0.011 0.9682 -0.0793 Time: 6140183399992
Position: 92.42 -30.41 -716.83 Orientation: 0.2363 0.0109 0.9683 -0.0794 Time: 6140214369670
Position: 92.42 -30.41 -716.83 Orientation: 0.2363 0.0109 0.9683 -0.0794 Time: 6140245385544
Position: 92.42 -30.41 -716.84 Orientation: 0.2364 0.0109 0.9683 -0.0793 Time: 6140276411682
Position: 92.43 -30.39 -716.85 Orientation: 0.2363 0.0109 0.9683 -0.0794 Time: 6140307436680
Position: 92.43 -30.39 -716.85 Orientation: 0.2363 0.0109 0.9683 -0.0794 Time: 6140339398114
Position: 92.43 -30.42 -716.86 Orientation: 0.2363 0.0111 0.9683 -0.0792 Time: 6140370366082
Position: 92.42 -30.4 -716.85 Orientation: 0.2368 0.011 0.9682 -0.0793 Time: 6140401399635
