Position: 140.62 -26.09 -819.31 Orientation: 0.2458 0.049 0.9666 -0.0529 Time: 5501499029060
Position: 140.61 -26.07 -819.35 Orientation: 0.247 0.0485 0.9663 -0.053 Time: 5501528022072
Position: 140.61 -26.07 -819.35 Orientation: 0.247 0.0485 0.9663 -0.053 Time: 5501558982626
Position: 140.63 -26.08 -819.32 Orientation: 0.2457 0.0487 0.9666 -0.053 Time: 5501591017059
Position: 140.63 -26.08 -819.32 Orientation: 0.2457 0.0487 0.9666 -0.053 Time: 5501621978753
Position: 140.62 -26.09 -819.36 Orientation: 0.2461 0.0488 0.9665 -0.0529 Time: 5501653179975
Position: 140.63 -26.07 -819.28 Orientation: 0.2453 0.0488 0.9667 -0.0531 Time: 5501684015633
Position: 140.63 -26.07 -819.28 Orientation: 0.2453 0.0488 0.9667 -0.0531 Time: 5501715041201
Position: 140.61 -26.08 -819.36 Orientation: 0.2469 0.0485 0.9663 -0.053 Time: 5501747026017
Position: 140.63 -26.08 -819.33 Orientation: 0.2454 0.0487 0.9667 -0.0531 Time: 5501778031055
Position: 140.63 -26.08 -819.33 Orientation: 0.2454 0.0487 0.9667 -0.0531 Time: 5501808997882
Position: 140.61 -26.09 -819.39 Orientation: 0.2472 0.0488 0.9662 -0.0528 Time: 5501840021169
Position: 140.61 -26.09 -819.39 Orientation: 0.2472 0.0488 0.9662 -0.0528 Time: 5501871004535
Position: 140.62 -26.09 -819.3 Orientation: 0.2458 0.049 0.9666 -0.0529 Time: 5501903021288
Position: 140.61 -26.07 -819.34 Orientation: 0.2465 0.0489 0.9664 -0.0529 Time: 5501934004084
Position: 140.61 -26.07 -819.34 Orientation: 0.2465 0.0489 0.9664 -0.0529 Time: 5501965017106
Position: 140.62 -26.09 -819.33 Orientation: 0.2458 0.0489 0.9666 -0.0529 Time: 5501996001042
Position: 140.63 -26.08 -819.34 Orientation: 0.246 0.0488 0.9665 -0.053 Time: 5502027158920
Position: 140.62 -26.08 -819.33 Orientation: 0.2464 0.049 0.9664 -0.0529 Time: 5502090007339
Position: 140.63 -26.08 -819.34 Orientation: 0.246 0.0488 0.9665 -0.053 Time: 5502058972646
Position: 140.62 -26.08 -819.33 Orientation: 0.2464 0.049 0.9664 -0.0529 Time: 5502120974167
Position: 140.61 -26.09 -819.35 Orientation: 0.2469 0.0487 0.9663 -0.0529 Time: 5502152006579
Position: 140.61 -26.07 -819.37 Orientation: 0.2471 0.0488 0.9663 -0.0529 Time: 5502182996788
Position: 140.61 -26.07 -819.37 Orientation: 0.2471 0.0488 0.9663 -0.0529 Time: 5502215010690
Position: 140.62 -26.08 -819.36 Orientation: 0.2464 0.0486 0.9664 -0.053 Time: 5502245965541
Position: 140.63 -26.08 -819.35 Orientation: 0.2463 0.049 0.9664 -0.053 Time: 5502277009359
Position: 140.63 -26.08 -819.35 Orientation: 0.2463 0.049 0.9664 -0.053 Time: 5502307993295
Position: 140.62 -26.07 -819.31 Orientation: 0.2456 0.0488 0.9666 -0.053 Time: 5502339995220
Position: 140.62 -26.07 -819.31 Orientation: 0.2456 0.0488 0.9666 -0.053 Time: 5502370997977
Position: 140.62 -26.08 -819.31 Orientation: 0.2458 0.0489 0.9666 -0.053 Time: 5502402000733
Position: 140.62 -26.08 -819.32 Orientation: 0.2462 0.049 0.9665 -0.0529 Time: 5502432961857
Position: 140.62 -26.08 -819.32 Orientation: 0.2462 0.049 0.9665 -0.0529 Time: 5502464010238
Position: 140.61 -26.08 -819.37 Orientation: 0.2472 0.0485 0.9662 -0.0529 Time: 5502495995624
Position: 140.62 -26.08 -819.36 Orientation: 0.2468 0.0485 0.9663 -0.053 Time: 5502526998951
Position: 140.62 -26.08 -819.36 Orientation: 0.2468 0.0485 0.9663 -0.053 Time: 5502567017611
Position: 140.62 -26.08 -819.33 Orientation: 0.2462 0.0488 0.9665 -0.053 Time: 5502607736032
Position: 140.62 -26.08 -819.33 Orientation: 0.2462 0.0488 0.9665 -0.053 Time: 5502607736032
Position: 140.61 -26.08 -819.33 Orientation: 0.2466 0.0487 0.9664 -0.053 Time: 5502651024233
Position: 140.61 -26.09 -819.35 Orientation: 0.247 0.0488 0.9663 -0.0528 Time: 5502682990800
Position: 140.61 -26.09 -819.35 Orientation: 0.247 0.0488 0.9663 -0.0528 Time: 5502714056860
Position: 140.61 -26.09 -819.34 Orientation: 0.2466 0.0486 0.9664 -0.053 Time: 5502745000875
Position: 140.61 -26.07 -819.37 Orientation: 0.2471 0.0487 0.9663 -0.0529 Time: 5502776008194
Position: 140.61 -26.07 -819.37 Orientation: 0.2471 0.0487 0.9663 -0.0529 Time: 5502807979323
Position: 140.61 -26.09 -819.37 Orientation: 0.2469 0.0486 0.9663 -0.0529 Time: 5502839003750
Position: 140.61 -26.09 -819.37 Orientation: 0.2469 0.0486 0.9663 -0.0529 Time: 5502871974048
Position: 140.61 -26.09 -819.3 Orientation: 0.2465 0.0491 0.9664 -0.0528 Time: 5502901029794
Position: 140.63 -26.07 -819.31 Orientation: 0.2458 0.0487 0.9666 -0.0531 Time: 5502932209344
Position: 140.63 -26.07 -819.31 Orientation: 0.2458 0.0487 0.9666 -0.0531 Time: 5502963006791
Position: 140.62 -26.08 -819.33 Orientation: 0.2463 0.0487 0.9664 -0.053 Time: 5502995973097
Position: 140.62 -26.09 -819.32 Orientation: 0.2458 0.0488 0.9666 -0.053 Time: 5503025981247
Position: 140.62 -26.09 -819.32 Orientation: 0.2458 0.0488 0.9666 -0.053 Time: 5503058969795
Position: 140.62 -26.07 -819.36 Orientation: 0.2469 0.0489 0.9663 -0.0528 Time: 5503088008431
Position: 140.62 -26.07 -819.36 Orientation: 0.2469 0.0489 0.9663 -0.0528 Time: 5503120966753
Position: 140.62 -26.08 -819.37 Orientation: 0.2465 0.0488 0.9664 -0.053 Time: 5503151011972
Position: 140.62 -26.09 -819.32 Orientation: 0.2458 0.0488 0.9666 -0.053 Time: 5503183956036
Position: 140.62 -26.09 -819.32 Orientation: 0.2458 0.0488 0.9666 -0.053 Time: 5503213042007
Position: 140.61 -26.08 -819.33 Orientation: 0.2461 0.0489 0.9665 -0.0529 Time: 5503245989493
Position: 140.61 -26.08 -819.34 Orientation: 0.2468 0.0486 0.9663 -0.053 Time: 5503275994792
Position: 140.61 -26.08 -819.34 Orientation: 0.2468 0.0486 0.9663 -0.053 Time: 5503306990704
Position: 140.61 -26.08 -819.35 Orientation: 0.2465 0.0488 0.9664 -0.0529 Time: 5503337999163
Position: 140.61 -26.08 -819.35 Orientation: 0.2465 0.0488 0.9664 -0.0529 Time: 5503368998498
Position: 140.62 -26.08 -819.35 Orientation: 0.2465 0.0488 0.9664 -0.0529 Time: 5503400010949
Position: 140.62 -26.08 -819.35 Orientation: 0.2465 0.0487 0.9664 -0.0529 Time: 5503430997167
Position: 140.62 -26.08 -819.35 Orientation: 0.2465 0.0487 0.9664 -0.0529 Time: 5503462999092
Position: 140.61 -26.08 -819.36 Orientation: 0.2473 0.0487 0.9662 -0.0528 Time: 5503493969912
Position: 140.62 -26.08 -819.33 Orientation: 0.246 0.0485 0.9665 -0.0531 Time: 5503525001183
Position: 140.62 -26.08 -819.33 Orientation: 0.246 0.0485 0.9665 -0.0531 Time: 5503556002228
Position: 140.63 -26.08 -819.33 Orientation: 0.2454 0.0489 0.9667 -0.053 Time: 5503586981032
Position: 140.63 -26.08 -819.33 Orientation: 0.2454 0.0489 0.9667 -0.053 Time: 5503618989801
Position: 140.61 -26.08 -819.36 Orientation: 0.2473 0.0486 0.9662 -0.0528 Time: 5503650017650
Position: 140.62 -26.08 -819.34 Orientation: 0.2464 0.0488 0.9664 -0.0529 Time: 5503680976493
Position: 140.62 -26.08 -819.34 Orientation: 0.2464 0.0488 0.9664 -0.0529 Time: 5503711978109
Position: 140.61 -26.08 -819.34 Orientation: 0.2468 0.0486 0.9663 -0.053 Time: 5503742959764
Position: 140.61 -26.09 -819.34 Orientation: 0.2465 0.0487 0.9664 -0.0529 Time: 5503774973666
Position: 140.61 -26.09 -819.34 Orientation: 0.2465 0.0487 0.9664 -0.0529 Time: 5503807963354
Position: 140.63 -26.07 -819.3 Orientation: 0.2455 0.0488 0.9666 -0.0531 Time: 5503837010545
Position: 140.63 -26.07 -819.3 Orientation: 0.2455 0.0488 0.9666 -0.0531 Time: 5503868973119
Position: 140.64 -26.09 -819.33 Orientation: 0.2452 0.0486 0.9667 -0.0532 Time: 5503899987852
Position: 140.62 -26.08 -819.32 Orientation: 0.2457 0.0487 0.9666 -0.053 Time: 5503932979251
Position: 140.62 -26.08 -819.32 Orientation: 0.2457 0.0487 0.9666 -0.053 Time: 5503962009903
Position: 140.61 -26.07 -819.35 Orientation: 0.2467 0.0487 0.9664 -0.0529 Time: 5503995953707
Position: 140.6 -26.1 -819.32 Orientation: 0.2474 0.0487 0.9662 -0.0528 Time: 5504023982909
Position: 140.6 -26.1 -819.32 Orientation: 0.2474 0.0487 0.9662 -0.0528 Time: 5504057956938
Position: 140.63 -26.08 -819.32 Orientation: 0.2455 0.0486 0.9666 -0.0531 Time: 5504086985879
Position: 140.63 -26.08 -819.32 Orientation: 0.2455 0.0486 0.9666 -0.0531 Time: 5504117974948
Position: 140.63 -26.06 -819.34 Orientation: 0.2457 0.049 0.9666 -0.053 Time: 5504148954322
Position: 140.61 -26.1 -819.35 Orientation: 0.2472 0.0487 0.9662 -0.0528 Time: 5504179977609
Position: 140.61 -26.1 -819.35 Orientation: 0.2472 0.0487 0.9662 -0.0528 Time: 5504210969530
Position: 140.62 -26.08 -819.32 Orientation: 0.2461 0.0487 0.9665 -0.053 Time: 5504242942370
Position: 140.61 -26.08 -819.33 Orientation: 0.2465 0.0488 0.9664 -0.0529 Time: 5504273971930
Position: 140.61 -26.08 -819.33 Orientation: 0.2465 0.0488 0.9664 -0.0529 Time: 5504305948762
Position: 140.63 -26.08 -819.34 Orientation: 0.2457 0.049 0.9666 -0.053 Time: 5504335955771
Position: 140.63 -26.08 -819.34 Orientation: 0.2457 0.049 0.9666 -0.053 Time: 5504366964231
Position: 140.62 -26.09 -819.36 Orientation: 0.2467 0.0487 0.9664 -0.0529 Time: 5504398969578
Position: 140.61 -26.1 -819.36 Orientation: 0.2471 0.0485 0.9663 -0.0529 Time: 5504429951803
Position: 140.61 -26.1 -819.36 Orientation: 0.2471 0.0485 0.9663 -0.0529 Time: 5504460970528
Position: 140.63 -26.07 -819.33 Orientation: 0.2458 0.0487 0.9666 -0.0531 Time: 5504491975565
Position: 140.62 -26.08 -819.34 Orientation: 0.2465 0.0489 0.9664 -0.0529 Time: 5504522943533
Position: 140.62 -26.08 -819.34 Orientation: 0.2465 0.0489 0.9664 -0.0529 Time: 5504555006481
Position: 140.62 -26.09 -819.34 Orientation: 0.2464 0.0488 0.9664 -0.053 Time: 5504585996120
Position: 140.62 -26.09 -819.34 Orientation: 0.2464 0.0488 0.9664 -0.053 Time: 5504617938734
Position: 140.63 -26.08 -819.34 Orientation: 0.2462 0.0487 0.9665 -0.053 Time: 5504648010187
Position: 140.63 -26.07 -819.32 Orientation: 0.2456 0.0489 0.9666 -0.053 Time: 5504681940304
Position: 140.63 -26.07 -819.32 Orientation: 0.2456 0.0489 0.9666 -0.053 Time: 5504710974378
Position: 140.61 -26.08 -819.32 Orientation: 0.2463 0.0486 0.9665 -0.053 Time: 5504741970290
Position: 140.62 -26.09 -819.33 Orientation: 0.2458 0.049 0.9666 -0.0529 Time: 5504774109088
Position: 140.62 -26.09 -819.33 Orientation: 0.2458 0.049 0.9666 -0.0529 Time: 5504804999495
Position: 140.62 -26.07 -819.36 Orientation: 0.2465 0.0488 0.9664 -0.0529 Time: 5504834935216
Position: 140.62 -26.07 -819.36 Orientation: 0.2465 0.0488 0.9664 -0.0529 Time: 5504868935480
Position: 140.62 -26.08 -819.34 Orientation: 0.2461 0.0487 0.9665 -0.053 Time: 5504897935335
Position: 140.61 -26.1 -819.31 Orientation: 0.2458 0.0489 0.9666 -0.0529 Time: 5504928968888
Position: 140.61 -26.1 -819.31 Orientation: 0.2458 0.0489 0.9666 -0.0529 Time: 5504960149008
Position: 140.62 -26.07 -819.33 Orientation: 0.2458 0.049 0.9666 -0.053 Time: 5504990959002
Position: 140.61 -26.08 -819.35 Orientation: 0.2469 0.0486 0.9663 -0.053 Time: 5505022930702
Position: 140.61 -26.08 -819.35 Orientation: 0.2469 0.0486 0.9663 -0.053 Time: 5505053914068
Position: 140.62 -26.09 -819.37 Orientation: 0.2466 0.0487 0.9664 -0.053 Time: 5505084948761
Position: 140.62 -26.09 -819.37 Orientation: 0.2466 0.0487 0.9664 -0.053 Time: 5505115918439
Position: 140.63 -26.08 -819.32 Orientation: 0.2454 0.0487 0.9667 -0.0531 Time: 5505146917204
Position: 140.61 -26.08 -819.37 Orientation: 0.2476 0.0484 0.9661 -0.053 Time: 5505178919699
Position: 140.61 -26.08 -819.37 Orientation: 0.2476 0.0484 0.9661 -0.053 Time: 5505210554350
Position: 140.61 -26.09 -819.34 Orientation: 0.2467 0.0487 0.9664 -0.0529 Time: 5505243920438
Position: 140.6 -26.09 -819.35 Orientation: 0.2476 0.0483 0.9661 -0.053 Time: 5505271970741
Position: 140.6 -26.09 -819.35 Orientation: 0.2476 0.0483 0.9661 -0.053 Time: 5505302940990
Position: 140.61 -26.08 -819.3 Orientation: 0.2463 0.0487 0.9665 -0.053 Time: 5505334922384
Position: 140.61 -26.08 -819.3 Orientation: 0.2463 0.0487 0.9665 -0.053 Time: 5505365959929
Position: 140.61 -26.08 -819.31 Orientation: 0.2463 0.0489 0.9664 -0.0529 Time: 5505396958693
Position: 140.61 -26.09 -819.35 Orientation: 0.2465 0.0487 0.9664 -0.0529 Time: 5505429894773
Position: 140.61 -26.09 -819.35 Orientation: 0.2465 0.0487 0.9664 -0.0529 Time: 5505458925995
Position: 140.61 -26.07 -819.31 Orientation: 0.2462 0.0489 0.9665 -0.0529 Time: 5505490960998
Position: 140.61 -26.09 -819.33 Orientation: 0.2466 0.049 0.9664 -0.0528 Time: 5505521926115
Position: 140.61 -26.09 -819.33 Orientation: 0.2466 0.049 0.9664 -0.0528 Time: 5505552957386
Position: 140.62 -26.08 -819.3 Orientation: 0.2455 0.0486 0.9667 -0.0531 Time: 5505583973829
Position: 140.62 -26.08 -819.3 Orientation: 0.2455 0.0486 0.9667 -0.0531 Time: 5505614930391
Position: 140.61 -26.08 -819.35 Orientation: 0.247 0.0489 0.9663 -0.0528 Time: 5505646941441
Position: 140.61 -26.09 -819.34 Orientation: 0.2472 0.0487 0.9662 -0.0529 Time: 5505677955033
Position: 140.61 -26.09 -819.34 Orientation: 0.2472 0.0487 0.9662 -0.0529 Time: 5505708955509
Position: 140.62 -26.09 -819.34 Orientation: 0.2465 0.0488 0.9664 -0.0529 Time: 5505739924617
Position: 140.61 -26.08 -819.35 Orientation: 0.2473 0.0485 0.9662 -0.053 Time: 5505771928824
Position: 140.61 -26.08 -819.35 Orientation: 0.2473 0.0485 0.9662 -0.053 Time: 5505802931010
Position: 140.63 -26.08 -819.31 Orientation: 0.2455 0.0485 0.9667 -0.0532 Time: 5505833920079
Position: 140.63 -26.08 -819.31 Orientation: 0.2455 0.0485 0.9667 -0.0532 Time: 5505864915421
Position: 140.63 -26.07 -819.29 Orientation: 0.2449 0.0489 0.9668 -0.0531 Time: 5505895963231
Position: 140.61 -26.08 -819.34 Orientation: 0.247 0.049 0.9663 -0.0528 Time: 5505927232318
Position: 140.61 -26.08 -819.34 Orientation: 0.247 0.049 0.9663 -0.0528 Time: 5505958980459
Position: 140.61 -26.08 -819.33 Orientation: 0.2465 0.0489 0.9664 -0.0529 Time: 5505989957552
Position: 140.61 -26.08 -819.32 Orientation: 0.2463 0.0488 0.9665 -0.0529 Time: 5506020960878
Position: 140.61 -26.08 -819.32 Orientation: 0.2463 0.0488 0.9665 -0.0529 Time: 5506051910597
Position: 140.62 -26.09 -819.34 Orientation: 0.2463 0.0489 0.9664 -0.0529 Time: 5506082931603
Position: 140.62 -26.09 -819.34 Orientation: 0.2463 0.0489 0.9664 -0.0529 Time: 5506114947215
Position: 140.61 -26.08 -819.34 Orientation: 0.2466 0.0488 0.9664 -0.0529 Time: 5506145953393
Position: 140.61 -26.08 -819.33 Orientation: 0.2462 0.0489 0.9665 -0.0529 Time: 5506177347377
Position: 140.61 -26.08 -819.33 Orientation: 0.2462 0.0489 0.9665 -0.0529 Time: 5506207920125
Position: 140.62 -26.09 -819.33 Orientation: 0.2464 0.0488 0.9664 -0.0529 Time: 5506238933717
Position: 140.62 -26.09 -819.33 Orientation: 0.2464 0.0488 0.9664 -0.0529 Time: 5506270968720
Position: 140.61 -26.07 -819.28 Orientation: 0.2459 0.0489 0.9665 -0.0529 Time: 5506301917298
Position: 140.62 -26.08 -819.36 Orientation: 0.2463 0.0487 0.9665 -0.053 Time: 5506332942296
Position: 140.62 -26.08 -819.36 Orientation: 0.2463 0.0487 0.9665 -0.053 Time: 5506363929654
Position: 140.62 -26.08 -819.32 Orientation: 0.2457 0.0488 0.9666 -0.053 Time: 5506395911048
Position: 140.62 -26.08 -819.35 Orientation: 0.2463 0.0487 0.9665 -0.0529 Time: 5506426970835
Position: 140.62 -26.08 -819.35 Orientation: 0.2463 0.0487 0.9665 -0.0529 Time: 5506457933100
Position: 140.62 -26.08 -819.32 Orientation: 0.2464 0.0487 0.9664 -0.0529 Time: 5506488924450
Position: 140.62 -26.08 -819.32 Orientation: 0.2464 0.0487 0.9664 -0.0529 Time: 5506519928347
Position: 140.62 -26.08 -819.34 Orientation: 0.2463 0.0486 0.9664 -0.053 Time: 5506550906580
Position: 140.61 -26.08 -819.34 Orientation: 0.2469 0.0487 0.9663 -0.0529 Time: 5506582947856
Position: 140.61 -26.08 -819.34 Orientation: 0.2469 0.0487 0.9663 -0.0529 Time: 5506613954605
Position: 140.61 -26.08 -819.34 Orientation: 0.2467 0.0487 0.9663 -0.0529 Time: 5506644948236
Position: 140.63 -26.08 -819.28 Orientation: 0.2449 0.0491 0.9668 -0.053 Time: 5506676953583
Position: 140.63 -26.08 -819.28 Orientation: 0.2449 0.0491 0.9668 -0.053 Time: 5506706906984
Position: 140.61 -26.07 -819.3 Orientation: 0.2466 0.0487 0.9664 -0.0529 Time: 5506738955674
Position: 140.61 -26.08 -819.35 Orientation: 0.2468 0.0487 0.9663 -0.0529 Time: 5506769947594
Position: 140.61 -26.08 -819.35 Orientation: 0.2468 0.0487 0.9663 -0.0529 Time: 5506800923547
