Position: -140.433 163.433 -1025.52 Orientation: 0.227253 0.148413 0.0801404 0.959118 Time: 39393323494103
Position: -139.55 161.023 -1024.22 Orientation: 0.225683 0.145444 0.079839 0.959968 Time: 39393426019571
Position: -141.863 154.917 -1017.78 Orientation: 0.222253 0.145946 0.0846074 0.960284 Time: 39393571667283
Position: -145.42 152.753 -1013.21 Orientation: 0.218088 0.145314 0.0823748 0.961528 Time: 39393674889660
Position: -155.653 147.423 -997.453 Orientation: 0.201849 0.131443 0.0730055 0.967807 Time: 39393822042589
Position: -161.013 144.68 -989.863 Orientation: 0.194578 0.129475 0.0679708 0.969926 Time: 39393964147775
Position: -167.46 130.79 -973.313 Orientation: 0.179546 0.131209 0.0668047 0.972669 Time: 39394354215130
Position: -164.99 141.573 -984.177 Orientation: 0.190648 0.129477 0.065005 0.970909 Time: 39394065656965
Position: -166.99 136.433 -977.577 Orientation: 0.184413 0.130942 0.0652378 0.9719 Time: 39394211683548
Position: -167.53 127.273 -970.223 Orientation: 0.175579 0.129942 0.0672047 0.973535 Time: 39394448866628
Position: -168.237 122.633 -966.383 Orientation: 0.171847 0.129444 0.0684722 0.974179 Time: 39394586676110
Position: -170.403 118.66 -960.597 Orientation: 0.16921 0.128041 0.0675041 0.974893 Time: 39394729821337
Position: -171.597 116.463 -956.713 Orientation: 0.167444 0.126942 0.0667043 0.975397 Time: 39394820516271
Position: -172.557 114.797 -954.393 Orientation: 0.16685 0.127813 0.0655067 0.975466 Time: 39394960439101
Position: -173.45 113.583 -953.423 Orientation: 0.168046 0.12831 0.0653051 0.975209 Time: 39395064515411
Position: -175.167 111.707 -951.45 Orientation: 0.170747 0.131177 0.064472 0.974413 Time: 39395210063890
Position: -176.75 110.013 -949.73 Orientation: 0.175048 0.127511 0.0652723 0.974083 Time: 39395313939834
Position: -178.947 107.457 -948 Orientation: 0.180146 0.117542 0.0673048 0.97427 Time: 39395459238331
Position: -180.56 105.65 -944.253 Orientation: 0.176777 0.11424 0.0666373 0.975325 Time: 39395603017163
Position: -181.443 103.687 -940.04 Orientation: 0.171377 0.114307 0.0664706 0.976292 Time: 39395692663501
Position: -181.9 100.233 -936.697 Orientation: 0.169009 0.118639 0.0665367 0.976183 Time: 39395834699871
Position: -182.08 98.0067 -935.393 Orientation: 0.169608 0.119072 0.0667697 0.976011 Time: 39395974878007
Position: -183.08 96.7067 -934.423 Orientation: 0.169307 0.118239 0.0656029 0.976243 Time: 39396067722789
Position: -184.157 95.2133 -933.217 Orientation: 0.16978 0.118376 0.0651384 0.976176 Time: 39396207793138
Position: -183.363 93.4533 -932.107 Orientation: 0.167577 0.117274 0.0660375 0.976629 Time: 39396352605737
Position: -182.563 92.65 -933.46 Orientation: 0.168381 0.11641 0.0672056 0.976514 Time: 39396442028518
Position: -180.76 91.79 -937.07 Orientation: 0.170807 0.112771 0.0697695 0.97634 Time: 39396581994881
Position: -177.427 90.87 -945.147 Orientation: 0.17615 0.109977 0.0758403 0.975256 Time: 39396725859259
Position: -174.863 90.5667 -951.297 Orientation: 0.181419 0.108178 0.0806752 0.974103 Time: 39396816067535
Position: -170.53 90.21 -960.2 Orientation: 0.189517 0.104343 0.0882413 0.972322 Time: 39396957127928
Position: -167.597 89.7767 -966.89 Orientation: 0.195381 0.100808 0.0931737 0.971073 Time: 39397060046334
Position: -164.32 89.63 -975.13 Orientation: 0.20202 0.0982097 0.0984098 0.969463 Time: 39397206620027
Position: -161.877 89.8967 -982.263 Orientation: 0.20908 0.094106 0.10174 0.968028 Time: 39397347921277
Position: -160.377 89.9433 -986.67 Orientation: 0.212716 0.0921737 0.104075 0.967173 Time: 39397451311323
Position: -159.797 90.0467 -994.897 Orientation: 0.220577 0.095071 0.105172 0.965011 Time: 39397596114418
Position: -159.563 90.3533 -1001.24 Orientation: 0.227411 0.0956712 0.105038 0.963379 Time: 39397710793021
Position: -158.093 89.7367 -1012.44 Orientation: 0.237311 0.0936709 0.104805 0.96121 Time: 39397861617364
Position: -156.237 88.6367 -1023.58 Orientation: 0.247091 0.095976 0.10771 0.958193 Time: 39398002290712
Position: -153.5 88.4567 -1033.26 Orientation: 0.254184 0.0901395 0.114074 0.956165 Time: 39398145362940
Position: -150.94 88.5533 -1041.88 Orientation: 0.260492 0.0852082 0.118678 0.954358 Time: 39398283713068
Position: -149.66 88.85 -1046.42 Orientation: 0.261856 0.0816405 0.120644 0.95405 Time: 39398376445121
Position: -148.137 88.9267 -1051.65 Orientation: 0.261315 0.0734043 0.123341 0.954523 Time: 39398517675274
Position: -147 88.46 -1055.05 Orientation: 0.261688 0.0691055 0.12461 0.954577 Time: 39398657870328
Position: -145.703 87.61 -1058.95 Orientation: 0.262245 0.0643362 0.126739 0.954477 Time: 39398750782406
Position: -142.247 86.8933 -1064.02 Orientation: 0.264313 0.0577362 0.13224 0.953581 Time: 39398890662844
Position: -139.053 87.3633 -1070.08 Orientation: 0.269354 0.0545708 0.136844 0.951706 Time: 39399039071198
Position: -135.777 88.9667 -1078.21 Orientation: 0.276757 0.0521045 0.141412 0.949049 Time: 39399173600492
Position: -132.68 90.13 -1084.01 Orientation: 0.281951 0.0526366 0.146009 0.946792 Time: 39399266105945
Position: -129.31 90.9233 -1089.72 Orientation: 0.286518 0.0515698 0.150809 0.944725 Time: 39399405431099
Position: -125.967 91.4333 -1094.49 Orientation: 0.289983 0.0499028 0.154742 0.94312 Time: 39399509350195
Position: -123.037 91.9933 -1098.8 Orientation: 0.293658 0.0487708 0.158713 0.94138 Time: 39399656284318
Position: -122.347 90.4067 -1098.28 Orientation: 0.293248 0.0505359 0.161075 0.941014 Time: 39399799232791
Position: -123.267 88.13 -1095.53 Orientation: 0.290657 0.0515043 0.160213 0.941911 Time: 39399890153944
Position: -125.78 84.95 -1090.83 Orientation: 0.287025 0.0556714 0.15868 0.943047 Time: 39400030163081
Position: -129.093 82.6367 -1086.12 Orientation: 0.284016 0.0559366 0.154176 0.944688 Time: 39400172146412
Position: -131.587 80.69 -1082.09 Orientation: 0.281761 0.0588391 0.151248 0.94566 Time: 39400311482212
Position: -132.667 79.71 -1079.93 Orientation: 0.28042 0.0593709 0.150144 0.946201 Time: 39400414721128
Position: -134.553 76.7633 -1074.88 Orientation: 0.277187 0.0621712 0.148911 0.947168 Time: 39400560267897
Position: -135.793 74.4567 -1072.18 Orientation: 0.273187 0.062738 0.148411 0.948371 Time: 39400705471153
Position: -136.963 72.5633 -1069.94 Orientation: 0.271027 0.0641063 0.146948 0.949127 Time: 39400794158434
Position: -138.643 68.72 -1065.13 Orientation: 0.264983 0.0651373 0.145675 0.950957 Time: 39400935366535
Position: -139.73 65.8233 -1060.77 Orientation: 0.25915 0.0621372 0.144609 0.952926 Time: 39401038994017
Position: -142.113 62.7833 -1055.5 Orientation: 0.253719 0.0619714 0.142111 0.954773 Time: 39401184376158
Position: -145.17 59.9333 -1048.92 Orientation: 0.247383 0.0636043 0.138676 0.956831 Time: 39401325220787
Position: -148.433 56.28 -1041.49 Orientation: 0.239655 0.0646726 0.134246 0.959354 Time: 39401472139892
Position: -151.17 53.01 -1034.91 Orientation: 0.232479 0.0689037 0.132374 0.961084 Time: 39401621181851
Position: -153.52 49.7333 -1029.75 Orientation: 0.227979 0.0699706 0.129907 0.962421 Time: 39401715108876
Position: -155.497 45.6233 -1024.2 Orientation: 0.223043 0.0719363 0.128105 0.963673 Time: 39401854782105
Position: -157.577 41.2433 -1017.87 Orientation: 0.21768 0.0724711 0.126074 0.965126 Time: 39401995929184
Position: -159.56 38.4033 -1013.38 Orientation: 0.214314 0.0740714 0.122941 0.966162 Time: 39402088890307
Position: -163.057 35.4033 -1007.52 Orientation: 0.20998 0.074838 0.118074 0.96766 Time: 39402229725051
Position: -165.803 33.11 -1003.22 Orientation: 0.207347 0.0738715 0.115074 0.968663 Time: 39402372854309
Position: -167.743 30.0333 -999.33 Orientation: 0.203607 0.0734359 0.112137 0.969833 Time: 39402514654004
Position: -168.753 28.2567 -997.153 Orientation: 0.201411 0.0743373 0.111306 0.970319 Time: 39402604373151
Position: -170.737 24.0733 -992.92 Orientation: 0.198619 0.0755739 0.10901 0.971059 Time: 39402744722187
Position: -172.01 20.2633 -989.6 Orientation: 0.196547 0.0796057 0.109208 0.971136 Time: 39402887560401
Position: -173.207 18.0567 -987.99 Orientation: 0.195514 0.0807389 0.107874 0.9714 Time: 39402978575845
Position: -175.01 15.8767 -986.623 Orientation: 0.196216 0.0860402 0.106908 0.97091 Time: 39403118466929
Position: -177.583 14.5467 -986.463 Orientation: 0.196979 0.0876053 0.104373 0.970892 Time: 39403263534833
Position: -178.173 14.0067 -986.343 Orientation: 0.19648 0.0859727 0.103474 0.971235 Time: 39403352574751
Position: -178.1 13.6667 -987.183 Orientation: 0.196419 0.0846748 0.10411 0.971293 Time: 39403493063891
Position: -177.377 14.2433 -990.98 Orientation: 0.198745 0.0830716 0.106273 0.970724 Time: 39403636120341
Position: -175.837 14.4867 -996.18 Orientation: 0.203047 0.078972 0.107874 0.969999 Time: 39403726857097
Position: -172.327 14.8767 -1005.15 Orientation: 0.211114 0.0729716 0.111241 0.968365 Time: 39403867876808
Position: -169.317 15.4667 -1013.18 Orientation: 0.218275 0.0701028 0.114805 0.966572 Time: 39404011377334
Position: -167.843 16.18 -1020.29 Orientation: 0.224981 0.0671377 0.117141 0.964963 Time: 39404148060279
Position: -165.633 16.9067 -1030.31 Orientation: 0.234685 0.0648718 0.120876 0.962343 Time: 39404291235351
Position: -163.61 17.2133 -1038.94 Orientation: 0.242218 0.0604045 0.123709 0.960405 Time: 39404429773869
Position: -162.133 17.64 -1044.14 Orientation: 0.246345 0.0599027 0.126339 0.959044 Time: 39404523202450
Position: -160.31 18.4267 -1051.58 Orientation: 0.252217 0.0560037 0.128008 0.95753 Time: 39404663066539
Position: -158.21 18.31 -1057.63 Orientation: 0.256442 0.0532351 0.130238 0.956265 Time: 39404804964136
Position: -156.743 18.0667 -1061.84 Orientation: 0.259618 0.0526037 0.132243 0.955167 Time: 39404896538855
Position: -155.767 18.2133 -1067.29 Orientation: 0.263487 0.0477703 0.132877 0.954273 Time: 39405038708296
Position: -155.733 18.8633 -1072.64 Orientation: 0.268118 0.0458031 0.132742 0.953097 Time: 39405178286283
Position: -155.283 20.1733 -1080.25 Orientation: 0.274025 0.0429039 0.132245 0.95162 Time: 39405321463447
Position: -154.037 21.5267 -1087.12 Orientation: 0.278561 0.040504 0.132813 0.950328 Time: 39405414529317
Position: -151.907 23.05 -1095.21 Orientation: 0.28343 0.0364705 0.133414 0.948967 Time: 39405553257554
Position: -149.097 25.1833 -1102.55 Orientation: 0.28633 0.03197 0.135014 0.948032 Time: 39405694656137
Position: -146.243 27.45 -1109.21 Orientation: 0.28895 0.0272016 0.137775 0.946988 Time: 39405831012679
Position: -144.357 29.6233 -1114.8 Orientation: 0.289589 0.0221017 0.140844 0.946474 Time: 39405961671904
Position: -143.43 30.4633 -1117.21 Orientation: 0.289458 0.0210018 0.142779 0.946249 Time: 39406051520890
Position: -141.197 30.9867 -1121.59 Orientation: 0.288526 0.018135 0.146313 0.946053 Time: 39406191438398
Position: -139.01 30.4967 -1125.79 Orientation: 0.286486 0.0232682 0.146077 0.946597 Time: 39406335733543
Position: -138.45 30.3033 -1128.11 Orientation: 0.283096 0.0230357 0.143615 0.947998 Time: 39406425947143
Position: -138.34 30.01 -1129.34 Orientation: 0.281161 0.0175684 0.142047 0.948927 Time: 39406566681323
Position: -140.1 28.89 -1126.94 Orientation: 0.279851 0.0188679 0.140676 0.949493 Time: 39406722123971
Position: -140.933 27.5667 -1123.72 Orientation: 0.27815 0.0187678 0.138675 0.950289 Time: 39406816161255
Position: -140.877 24.95 -1118.93 Orientation: 0.275821 0.0209016 0.13811 0.951005 Time: 39406956675678
Position: -141.02 23.5133 -1117.08 Orientation: 0.275778 0.0238676 0.138172 0.950939 Time: 39407059835703
Position: -143.167 18.3367 -1109 Orientation: 0.272581 0.0234346 0.133407 0.952551 Time: 39407205834150
Position: -145.397 15.6033 -1103.39 Orientation: 0.266879 0.0216343 0.130973 0.954544 Time: 39407350675836
Position: -147.46 13.2667 -1098.77 Orientation: 0.262223 0.022202 0.129278 0.956051 Time: 39407439925054
Position: -149.633 10.35 -1092.75 Orientation: 0.256346 0.0245012 0.12784 0.95778 Time: 39407581055784
Position: -151.83 7.74667 -1087.55 Orientation: 0.251084 0.0244017 0.124875 0.959566 Time: 39407723447262
Position: -153.337 5.67 -1082.34 Orientation: 0.245115 0.0232347 0.122907 0.961391 Time: 39407862216562
Position: -155.063 3.88 -1077.81 Orientation: 0.239784 0.0245351 0.120809 0.962968 Time: 39407954661182
Position: -157.583 1.47333 -1072.35 Orientation: 0.234315 0.0274684 0.117907 0.964593 Time: 39408088944676
Position: -160.287 -2.56 -1064.51 Orientation: 0.227589 0.0334033 0.115311 0.966328 Time: 39408221274316
Position: -161.343 -6.27667 -1059.7 Orientation: 0.225187 0.0389368 0.114177 0.966819 Time: 39408364113861
Position: -161.717 -8.18667 -1057.01 Orientation: 0.224219 0.0408368 0.113743 0.967016 Time: 39408453188947
Position: -162.667 -10.6567 -1052.94 Orientation: 0.221249 0.0445364 0.113208 0.9676 Time: 39408594490958
Position: -163.62 -12.4333 -1049.81 Orientation: 0.218844 0.0479357 0.112372 0.968082 Time: 39408698672583
Position: -164.907 -14.6333 -1046.38 Orientation: 0.216676 0.0512356 0.110838 0.968577 Time: 39408844349381
Position: -166.307 -17.2967 -1042.46 Orientation: 0.214281 0.0547369 0.108674 0.969163 Time: 39408988580842
Position: -167.057 -19.2633 -1039.34 Orientation: 0.21135 0.0579379 0.107575 0.969743 Time: 39409078889492
Position: -169.04 -21.9633 -1034.65 Orientation: 0.206976 0.0609695 0.103805 0.970911 Time: 39409218553976
Position: -172.56 -24.33 -1029.2 Orientation: 0.203682 0.067205 0.0995741 0.971639 Time: 39409363172863
Position: -175.283 -25.85 -1025.11 Orientation: 0.200246 0.0711045 0.0960727 0.972428 Time: 39409452708753
Position: -177.887 -28.0933 -1020.29 Orientation: 0.197084 0.07374 0.092875 0.973188 Time: 39409592919966
Position: -180.17 -30.0267 -1016.9 Orientation: 0.194853 0.0752408 0.0906756 0.97373 Time: 39409734863187
Position: -181.143 -30.8633 -1017.44 Orientation: 0.196117 0.0780736 0.090308 0.973287 Time: 39409876459473
Position: -180.2 -31.53 -1019.06 Orientation: 0.19641 0.0783706 0.0909045 0.973148 Time: 39409966501602
Position: -177.553 -32.41 -1023.63 Orientation: 0.199438 0.0759351 0.0934021 0.972489 Time: 39410107525875
Position: -175.383 -32.3033 -1027.91 Orientation: 0.202644 0.0763707 0.0968718 0.971452 Time: 39410211460180
Position: -171.003 -31.0433 -1038.42 Orientation: 0.209045 0.0705705 0.100939 0.970119 Time: 39410356892507
Position: -166.66 -29.8933 -1047.95 Orientation: 0.215021 0.0625729 0.10531 0.968896 Time: 39410530806286
Position: -162.553 -28.9933 -1056.19 Orientation: 0.221157 0.059573 0.110979 0.96707 Time: 39410622470163
Position: -158.113 -28.5667 -1065.17 Orientation: 0.227577 0.0568025 0.116672 0.965075 Time: 39410763030972
Position: -156.17 -28.7933 -1070.31 Orientation: 0.231754 0.0561382 0.119144 0.963817 Time: 39410866910907
Position: -154.957 -28.5467 -1075.64 Orientation: 0.23592 0.0535378 0.12001 0.962846 Time: 39411011839659
Position: -153.753 -28.5833 -1080.49 Orientation: 0.239084 0.0512703 0.120975 0.962068 Time: 39411156822398
Position: -152.843 -28.59 -1083.16 Orientation: 0.24106 0.0500055 0.12178 0.96154 Time: 39411245966301
Position: -151.81 -27.82 -1088.84 Orientation: 0.245514 0.0472359 0.12204 0.96052 Time: 39411386583949
Position: -152.017 -26.5333 -1095.99 Orientation: 0.253213 0.0465691 0.122306 0.958517 Time: 39411529016108
Position: -150.817 -25.9533 -1102.04 Orientation: 0.257818 0.0447365 0.123409 0.957235 Time: 39411669481486
Position: -147.58 -25.3233 -1109.86 Orientation: 0.263419 0.0409364 0.125776 0.95557 Time: 39411807856137
Position: -144.027 -24.25 -1117.12 Orientation: 0.269109 0.039168 0.129204 0.9536 Time: 39411952424077
Position: -142.187 -23.2467 -1121.74 Orientation: 0.272047 0.0366352 0.130307 0.952716 Time: 39412091605325
Position: -140.93 -22.32 -1125.12 Orientation: 0.274278 0.0349348 0.130805 0.952072 Time: 39412183099252
Position: -139.15 -21.1067 -1130.49 Orientation: 0.278655 0.0322358 0.13121 0.95084 Time: 39412323516725
Position: -137.377 -20.05 -1136.43 Orientation: 0.28386 0.0313363 0.131979 0.949222 Time: 39412467616067
Position: -135.703 -19.1133 -1141.61 Orientation: 0.289094 0.0303362 0.132813 0.947557 Time: 39412556754266
Position: -132.873 -17.69 -1147.69 Orientation: 0.293227 0.0284359 0.134879 0.946053 Time: 39412697132008
Position: -131.103 -16.88 -1150.53 Orientation: 0.295386 0.0263684 0.135909 0.945294 Time: 39412801325419
Position: -126.97 -14.9967 -1156.88 Orientation: 0.299586 0.0245682 0.139742 0.94346 Time: 39412950176707
Position: -125.873 -14.4567 -1159.22 Orientation: 0.301749 0.0189676 0.13874 0.943048 Time: 39413086903946
Position: -125.593 -13.63 -1162.23 Orientation: 0.305091 0.0186348 0.137845 0.94211 Time: 39413231204795
Position: -125.803 -13.9667 -1161.63 Orientation: 0.30542 0.0208014 0.138042 0.941929 Time: 39413321137995
Position: -129.353 -18.1033 -1154.08 Orientation: 0.299288 0.0273686 0.135476 0.9441 Time: 39413461523340
Position: -134.313 -22.6167 -1146.63 Orientation: 0.292819 0.0316354 0.131208 0.946594 Time: 39413606484409
Position: -135.94 -24.1933 -1144.46 Orientation: 0.291291 0.0324027 0.129477 0.947278 Time: 39413695705112
Position: -137.483 -26.25 -1141.44 Orientation: 0.288426 0.0349698 0.129312 0.948085 Time: 39413835785156
Position: -140.027 -29.0067 -1136.67 Orientation: 0.285057 0.0393366 0.128477 0.949046 Time: 39413980691855
Position: -141.933 -30.7667 -1133.48 Orientation: 0.283158 0.0407369 0.126778 0.949784 Time: 39414070817057
Position: -144.567 -33.6567 -1128.62 Orientation: 0.280344 0.0431017 0.124838 0.950771 Time: 39414210037847
Position: -147.687 -37.1 -1122.65 Orientation: 0.275355 0.045337 0.122376 0.952443 Time: 39414352301767
Position: -149.587 -38.95 -1119.61 Orientation: 0.273383 0.0458694 0.120507 0.953224 Time: 39414444660842
Position: -152.357 -41.1833 -1115.34 Orientation: 0.270558 0.0476043 0.118577 0.954186 Time: 39414585098655
Position: -156.277 -44.0933 -1110.24 Orientation: 0.266652 0.0505368 0.115608 0.955499 Time: 39414726741896
Position: -158.837 -46.1367 -1106.53 Orientation: 0.263183 0.0510364 0.113174 0.956725 Time: 39414818464895
Position: -162.18 -49.2667 -1101.2 Orientation: 0.258619 0.0527372 0.110375 0.958203 Time: 39414958593794
Position: -164.173 -51.3 -1098.16 Orientation: 0.256494 0.0524722 0.108211 0.959035 Time: 39415062845376
Position: -165.917 -54.48 -1094.29 Orientation: 0.252515 0.0532031 0.106673 0.960222 Time: 39415211471015
Position: -168.123 -57.9 -1090.29 Orientation: 0.248623 0.0532383 0.104043 0.961523 Time: 39415349245708
Position: -170.323 -60.1533 -1087.37 Orientation: 0.24612 0.0543712 0.101775 0.962346 Time: 39415490338038
Position: -172.683 -62.3567 -1084.8 Orientation: 0.244245 0.0550693 0.0992714 0.963046 Time: 39415583007738
Position: -175.837 -65.8067 -1082.13 Orientation: 0.241849 0.0575037 0.0964396 0.963796 Time: 39415723475967
Position: -178.663 -69.4133 -1079.41 Orientation: 0.239515 0.059037 0.0929724 0.964626 Time: 39415880178793
Position: -179.847 -71.6833 -1077.85 Orientation: 0.238355 0.0601054 0.0915083 0.964987 Time: 39415983390904
Position: -181.013 -74.13 -1075.61 Orientation: 0.236285 0.0622382 0.0906405 0.965443 Time: 39416129051733
Position: -181.897 -75.45 -1075.16 Orientation: 0.236452 0.0650718 0.0892737 0.965343 Time: 39416233061128
Position: -183.373 -77.4133 -1075.87 Orientation: 0.237963 0.0801434 0.0857774 0.964154 Time: 39416380735313
Position: -184.46 -78.6567 -1076.56 Orientation: 0.236787 0.0885407 0.0842071 0.963847 Time: 39416485265202
Position: -185.81 -79.0233 -1077.84 Orientation: 0.234222 0.0837412 0.0828077 0.965024 Time: 39416628567072
Position: -186.717 -77.67 -1082.09 Orientation: 0.232823 0.0692736 0.0844751 0.966364 Time: 39416770522269
Position: -185.517 -75.04 -1090.69 Orientation: 0.240184 0.0583708 0.0868729 0.965069 Time: 39416913818815
Position: -183.68 -72.7233 -1098.13 Orientation: 0.247688 0.0524713 0.0904079 0.963184 Time: 39417006357916
Position: -180.74 -69.5633 -1108.62 Orientation: 0.256407 0.0439345 0.0946024 0.960924 Time: 39417143549380
Position: -177.35 -66.9533 -1118.19 Orientation: 0.264681 0.0384688 0.100439 0.958319 Time: 39417287619637
Position: -172.943 -63.6467 -1130.12 Orientation: 0.275253 0.032469 0.105908 0.954969 Time: 39417424326915
Position: -169.53 -61.48 -1136.35 Orientation: 0.280256 0.0294691 0.110876 0.953045 Time: 39417517836859
Position: -166.367 -59.2567 -1142.2 Orientation: 0.283182 0.0230012 0.114873 0.951884 Time: 39417657730224
Position: -163.377 -57.05 -1148.57 Orientation: 0.287054 0.0219016 0.118242 0.950336 Time: 39417801508486
Position: -161.427 -56.18 -1152.2 Orientation: 0.290018 0.0212013 0.118974 0.94936 Time: 39417892608144
Position: -158.427 -55.4167 -1156.46 Orientation: 0.292486 0.0178011 0.121174 0.948394 Time: 39418032145831
Position: -152.713 -53.5467 -1164.75 Orientation: 0.299119 0.0140342 0.127475 0.945559 Time: 39418174281243
Position: -147.963 -51.7267 -1170.92 Orientation: 0.302881 0.0075337 0.13224 0.943779 Time: 39418265912993
Position: -142.04 -49.16 -1179.68 Orientation: 0.307057 -0.00506705 0.13741 0.941705 Time: 39418407283820
Position: -137.837 -48.24 -1185.47 Orientation: 0.30843 -0.0144348 0.141681 0.940526 Time: 39418562123279
Position: -136.873 -48.1433 -1188.82 Orientation: 0.308998 -0.0193353 0.141614 0.940262 Time: 39418655737399
Position: -135.223 -46.3933 -1196.5 Orientation: 0.311528 -0.0235688 0.139013 0.939718 Time: 39418801022589
Position: -133.043 -43.88 -1203.91 Orientation: 0.317895 -0.0243355 0.138212 0.937682 Time: 39418937446617
Position: -133.153 -42.3033 -1208.69 Orientation: 0.323162 -0.0207352 0.135812 0.936318 Time: 39419080316387
Position: -134.283 -42.3867 -1209.45 Orientation: 0.324554 -0.0141343 0.135109 0.936061 Time: 39419219830502
Position: -135.073 -43.0067 -1209.06 Orientation: 0.325648 -0.0106005 0.134773 0.935776 Time: 39419311773637
Position: -136.987 -44.7567 -1206.88 Orientation: 0.324383 -0.00423355 0.132807 0.936547 Time: 39419452003289
Position: -140.14 -47.04 -1203.17 Orientation: 0.32169 0.000200014 0.129843 0.9379 Time: 39419594867167
Position: -143.167 -49.7367 -1198.92 Orientation: 0.317778 0.000400014 0.127404 0.939566 Time: 39419735149478
Position: -145.097 -53.3767 -1194.04 Orientation: 0.313892 0.00320025 0.127343 0.940875 Time: 39419856758962
Position: -146.3 -55.7467 -1190.89 Orientation: 0.311522 0.00450032 0.126776 0.941733 Time: 39419984831297
Position: -147.653 -57.6867 -1187.88 Orientation: 0.30896 0.00620054 0.126411 0.942616 Time: 39420075226442
Position: -149.92 -60.61 -1182.72 Orientation: 0.30512 0.0100007 0.124942 0.944029 Time: 39420215008028
Position: -152.16 -65.0167 -1174.93 Orientation: 0.297853 0.0102007 0.122508 0.946663 Time: 39420356623895
Position: -153.723 -68.3467 -1169.15 Orientation: 0.293117 0.010834 0.121307 0.948288 Time: 39420448807507
Position: -155.053 -72.6433 -1162.48 Orientation: 0.288553 0.0120675 0.120308 0.949799 Time: 39420588883749
Position: -155.7 -75.9933 -1157.21 Orientation: 0.28478 0.0134006 0.120372 0.950911 Time: 39420731855604
Position: -156.4 -79.7033 -1151.06 Orientation: 0.280863 0.0122346 0.120813 0.952035 Time: 39420871204711
Position: -157.527 -83.8833 -1144.37 Orientation: 0.275516 0.0132341 0.119707 0.953722 Time: 39421014806179
Position: -158.987 -87.7333 -1139.05 Orientation: 0.27092 0.0142011 0.117709 0.955272 Time: 39421166892220
Position: -160.437 -89.64 -1136.82 Orientation: 0.269481 0.0147341 0.116506 0.955819 Time: 39421259563821
Position: -163.543 -93.22 -1131.85 Orientation: 0.265146 0.0162341 0.113106 0.957414 Time: 39421400094213
Position: -165.44 -96.6033 -1127.21 Orientation: 0.262045 0.0173341 0.110572 0.958544 Time: 39421503782147
Position: -168.107 -102.033 -1120 Orientation: 0.256054 0.0214017 0.108542 0.960311 Time: 39421650364394
Position: -171.333 -106.113 -1114.59 Orientation: 0.251816 0.0237016 0.105674 0.961696 Time: 39421794166228
Position: -172.72 -107.473 -1113.19 Orientation: 0.250942 0.0252676 0.104604 0.962002 Time: 39421884140110
Position: -174.123 -109.74 -1111.03 Orientation: 0.249222 0.026469 0.102742 0.962617 Time: 39422024798440
Position: -175.47 -112.797 -1107.06 Orientation: 0.246115 0.0270016 0.100639 0.963624 Time: 39422167007801
Position: -175.8 -115.287 -1104.12 Orientation: 0.243909 0.0301011 0.100537 0.964103 Time: 39422258326266
Position: -175.57 -118.617 -1099.88 Orientation: 0.242214 0.0333687 0.100839 0.964391 Time: 39422399326587
Position: -176.817 -120.143 -1097.21 Orientation: 0.240543 0.0368348 0.100304 0.964739 Time: 39422542358133
Position: -177.937 -120.31 -1096.36 Orientation: 0.240576 0.0378682 0.0992039 0.964805 Time: 39422633529649
Position: -178.867 -120.3 -1095.09 Orientation: 0.241347 0.0390356 0.0966722 0.964822 Time: 39422772861837
Position: -176.743 -119.147 -1096.3 Orientation: 0.244192 0.0396042 0.0978103 0.963968 Time: 39422918059771
Position: -174.083 -118.103 -1098.02 Orientation: 0.24782 0.0403699 0.099108 0.962878 Time: 39423007330281
Position: -170.247 -117.12 -1100.82 Orientation: 0.252922 0.0438039 0.0995754 0.961351 Time: 39423147633502
Position: -166.347 -116.507 -1103.34 Orientation: 0.256884 0.0419362 0.0997402 0.960366 Time: 39423290678927
Position: -164.107 -116.657 -1103.4 Orientation: 0.257849 0.0436027 0.100773 0.959926 Time: 39423380905643
Position: -159.117 -117.523 -1102.95 Orientation: 0.257958 0.0481045 0.10351 0.95939 Time: 39423521716623
Position: -152.54 -118.5 -1102.91 Orientation: 0.258356 0.0486043 0.107809 0.958784 Time: 39423664082627
Position: -146.457 -119.727 -1100.85 Orientation: 0.257417 0.0478699 0.110808 0.958732 Time: 39423803422610
Position: -144.6 -120.447 -1098.07 Orientation: 0.25402 0.0453369 0.111542 0.959675 Time: 39423905968418
Position: -143.143 -121.24 -1095.26 Orientation: 0.254885 0.0449032 0.107741 0.959901 Time: 39424054732451
Position: -137.173 -121.75 -1094.11 Orientation: 0.260721 0.0466038 0.106909 0.958344 Time: 39424195480128
Position: -131.193 -121.623 -1093.73 Orientation: 0.266123 0.0478041 0.111143 0.956316 Time: 39424335791144
Position: -128.383 -120.877 -1092.59 Orientation: 0.266884 0.0455362 0.112741 0.956028 Time: 39424505798735
Position: -127.45 -120.767 -1092.66 Orientation: 0.268181 0.0458358 0.111306 0.955818 Time: 39424597825323
Position: -125.293 -120.607 -1093.1 Orientation: 0.268126 0.047738 0.112844 0.95556 Time: 39424738655124
Position: -123.64 -120.413 -1093.33 Orientation: 0.267256 0.0471706 0.11441 0.955646 Time: 39424842877811
Position: -118.18 -118.787 -1095.37 Orientation: 0.265958 0.0462043 0.120111 0.955356 Time: 39424991491284
Position: -115.237 -117.35 -1097.24 Orientation: 0.267058 0.0463376 0.123411 0.954622 Time: 39425128686930
Position: -112.093 -114.757 -1100.35 Orientation: 0.269554 0.0446368 0.12591 0.953674 Time: 39425272825243
Position: -110.263 -112.847 -1103.07 Orientation: 0.272255 0.045537 0.12831 0.952544 Time: 39425363374369
Position: -107.143 -110.12 -1106.72 Orientation: 0.275015 0.0427357 0.131441 0.951453 Time: 39425502596679
Position: -104.103 -106.857 -1112.58 Orientation: 0.278984 0.0419025 0.134375 0.949924 Time: 39425660847685
Position: -101.26 -102.753 -1120.85 Orientation: 0.285687 0.0427031 0.13711 0.947502 Time: 39425802694144
Position: -99.65 -100.503 -1127.09 Orientation: 0.291393 0.0451374 0.139146 0.945352 Time: 39425892811742
Position: -96.9167 -99.0933 -1131.87 Orientation: 0.293663 0.0455713 0.141614 0.944262 Time: 39426036596087
Position: -94.4 -98.5733 -1134.45 Orientation: 0.295093 0.0452707 0.14368 0.943518 Time: 39426173729000
Position: -91.5367 -97.2833 -1136.76 Orientation: 0.297655 0.0433365 0.145644 0.942503 Time: 39426317565243
Position: -89.6267 -95.72 -1137.98 Orientation: 0.298356 0.0422698 0.147311 0.94207 Time: 39426408416439
Position: -86.6 -92.9733 -1141.52 Orientation: 0.302225 0.0402366 0.148679 0.94071 Time: 39426547697490
Position: -80.9833 -89.5133 -1144.24 Orientation: 0.304129 0.038137 0.150114 0.939956 Time: 39426690828460
Position: -77.05 -87.3067 -1147.87 Orientation: 0.306996 0.0360368 0.151248 0.938924 Time: 39426782084571
Position: -71.14 -81.9767 -1155.48 Orientation: 0.313201 0.0331703 0.154783 0.936401 Time: 39426923083561
Position: -65.6133 -74.1267 -1167.27 Orientation: 0.323765 0.03407 0.160182 0.931857 Time: 39427066088304
Position: -63.9967 -69.5833 -1173.19 Orientation: 0.327976 0.035501 0.160971 0.930193 Time: 39427202428307
Position: -64.24 -68.2367 -1174.39 Orientation: 0.327983 0.0351351 0.160541 0.930279 Time: 39427296188424
Position: -65.7267 -66.9867 -1175.16 Orientation: 0.328424 0.0363026 0.159445 0.930267 Time: 39427437239312
Position: -66.9467 -66.4567 -1174.23 Orientation: 0.328279 0.035168 0.157639 0.930669 Time: 39427540404279
Position: -71.2733 -65.9567 -1165.85 Orientation: 0.321719 0.0360021 0.156876 0.933055 Time: 39427686343985
Position: -74.7433 -66.66 -1161.71 Orientation: 0.319043 0.0371678 0.154471 0.934328 Time: 39427790417633
Position: -80.5833 -68.2867 -1151.89 Orientation: 0.311031 0.0342034 0.148982 0.938027 Time: 39427936616067
Position: -81.5267 -69.3467 -1143.96 Orientation: 0.303557 0.0325026 0.149978 0.940374 Time: 39428078795962
Position: -82.2433 -71.1467 -1136.58 Orientation: 0.297362 0.0346366 0.150514 0.94219 Time: 39428219714160
Position: -84.0967 -72.9967 -1131.63 Orientation: 0.29363 0.0361037 0.148882 0.943563 Time: 39428311041369
Position: -87.7933 -75.2067 -1124.06 Orientation: 0.288522 0.0384362 0.145078 0.945638 Time: 39428451960327
Position: -93.8833 -76.8 -1115.59 Orientation: 0.281956 0.0413033 0.138745 0.948443 Time: 39428595471307
Position: -99.9 -77.7667 -1107.55 Orientation: 0.273351 0.0394359 0.131542 0.952061 Time: 39428685444239
Position: -106.077 -78.5767 -1098.22 Orientation: 0.263181 0.0391354 0.124707 0.955852 Time: 39428825156818
Position: -113.253 -80.3433 -1087.21 Orientation: 0.253782 0.0411025 0.117174 0.959258 Time: 39428970330229
Position: -116.413 -81.3933 -1080.8 Orientation: 0.249587 0.0425702 0.113409 0.960746 Time: 39429059379842
Position: -122.247 -83.2967 -1070.1 Orientation: 0.241081 0.0456027 0.107473 0.963457 Time: 39429200509621
Position: -126.037 -85.2367 -1062.68 Orientation: 0.235816 0.0478699 0.103674 0.965065 Time: 39429303835983
Position: -130.163 -88.2033 -1052.83 Orientation: 0.228813 0.0506696 0.0994057 0.967055 Time: 39429449332565
Position: -134.023 -89.9667 -1045.42 Orientation: 0.222918 0.053071 0.0956744 0.968678 Time: 39429593427915
Position: -137.68 -90.2133 -1041.79 Orientation: 0.220217 0.0531707 0.0910069 0.96974 Time: 39429683863171
Position: -141.623 -89.8933 -1039.31 Orientation: 0.217914 0.0538702 0.0869057 0.970597 Time: 39429823687720
Position: -144.703 -88.2733 -1037.57 Orientation: 0.218181 0.0471697 0.0893724 0.970662 Time: 39429968847254
Position: -145.01 -87.18 -1037.89 Orientation: 0.218145 0.0451357 0.0909715 0.970618 Time: 39430058238097
Position: -143.417 -85.6567 -1039.75 Orientation: 0.21801 0.043602 0.0928043 0.970545 Time: 39430198467370
Position: -141.133 -83.86 -1044.27 Orientation: 0.223419 0.0404368 0.0969083 0.96905 Time: 39430340704295
Position: -138.383 -82.3133 -1048.89 Orientation: 0.229171 0.0414342 0.100602 0.967286 Time: 39430481558429
Position: -135.323 -80.8867 -1053.35 Orientation: 0.23348 0.042269 0.104973 0.965754 Time: 39430603761597
Position: -131.337 -78.5867 -1059.95 Orientation: 0.239884 0.0411363 0.109441 0.963736 Time: 39430748727798
Position: -129.183 -76.7567 -1064.39 Orientation: 0.244448 0.040569 0.111673 0.962356 Time: 39430837820944
Position: -126.66 -73.9533 -1070.47 Orientation: 0.249188 0.0401702 0.11511 0.96075 Time: 39430978365403
Position: -124.247 -72.0667 -1075.61 Orientation: 0.255189 0.0413035 0.11821 0.958749 Time: 39431082336777
Position: -117.33 -66.2633 -1092.19 Orientation: 0.272747 0.039602 0.125706 0.953015 Time: 39431227593072
Position: -114.937 -64.0833 -1097.58 Orientation: 0.277421 0.0380696 0.127876 0.951439 Time: 39431334758517
Position: -110.497 -58.44 -1108.36 Orientation: 0.28572 0.0336357 0.132109 0.948567 Time: 39431478072554
Position: -108.88 -55.1167 -1113.62 Orientation: 0.289116 0.0300683 0.133341 0.947485 Time: 39431620315562
Position: -106.54 -50.5833 -1120.99 Orientation: 0.294826 0.0271691 0.135412 0.945517 Time: 39431763442159
Position: -104.997 -47.8167 -1124.82 Orientation: 0.297285 0.0253349 0.137075 0.944558 Time: 39431852488730
Position: -102.547 -44.3433 -1129.33 Orientation: 0.301264 0.0235691 0.139214 0.943029 Time: 39431992153404
Position: -99.54 -41.09 -1133.55 Orientation: 0.304759 0.0220018 0.141445 0.941611 Time: 39432135687767
Position: -98.12 -38.12 -1137.43 Orientation: 0.308823 0.0184013 0.140744 0.940469 Time: 39432279316420
Position: -96.9233 -34.31 -1141.38 Orientation: 0.312096 0.0186684 0.14158 0.939256 Time: 39432403009407
Position: -95.96 -31.7133 -1144.7 Orientation: 0.314792 0.0193682 0.143112 0.93811 Time: 39432492431807
Position: -93.4567 -27.9 -1150.51 Orientation: 0.319897 0.0195352 0.145847 0.935956 Time: 39432634657897
Position: -91.6467 -25.1233 -1155.05 Orientation: 0.321489 0.0202014 0.14901 0.934897 Time: 39432773244510
Position: -90.79 -22.6233 -1159.4 Orientation: 0.32352 0.0210013 0.150176 0.933992 Time: 39432915956877
Position: -90.4533 -21.13 -1161.55 Orientation: 0.324733 0.019702 0.149782 0.933662 Time: 39433016362723
Position: -89.39 -19.8067 -1161.41 Orientation: 0.324257 0.0214683 0.151145 0.933569 Time: 39433162347104
Position: -89.1567 -19.3167 -1155.82 Orientation: 0.319291 0.025802 0.151745 0.935073 Time: 39433303415481
Position: -92.1167 -20.3133 -1147.16 Orientation: 0.313085 0.028235 0.147642 0.937754 Time: 39433442442177
Position: -95.05 -21.7033 -1140.97 Orientation: 0.309664 0.0311365 0.144448 0.939294 Time: 39433561861891
Position: -96.7433 -22.28 -1136.56 Orientation: 0.306554 0.0324355 0.143176 0.940464 Time: 39433645026747
Position: -100.753 -23.9733 -1128.48 Orientation: 0.300719 0.0341688 0.139342 0.94286 Time: 39433786728920
Position: -103.813 -26.1567 -1119.81 Orientation: 0.293721 0.0354692 0.136476 0.945433 Time: 39433930913808
Position: -104.733 -26.93 -1116.28 Orientation: 0.291294 0.0377035 0.136079 0.946155 Time: 39434020623830
Position: -107.547 -27.76 -1105.73 Orientation: 0.28285 0.0423359 0.135108 0.948657 Time: 39434205289702
Position: -113.05 -27.8167 -1095.57 Orientation: 0.273724 0.045404 0.130112 0.951885 Time: 39434331570339
Position: -117.11 -27.91 -1090 Orientation: 0.270058 0.0457374 0.125611 0.953519 Time: 39434424750269
Position: -122.2 -28.49 -1083.21 Orientation: 0.26615 0.0513699 0.122041 0.954794 Time: 39434563655680
Position: -127.073 -29.87 -1074.75 Orientation: 0.261683 0.0566035 0.117841 0.956259 Time: 39434707208863
Position: -129.92 -30.6767 -1069.07 Orientation: 0.257614 0.0616033 0.116239 0.957251 Time: 39434798464404
Position: -134.383 -32.1767 -1061.84 Orientation: 0.25355 0.065471 0.112741 0.958496 Time: 39434942539223
Position: -136.697 -33.9133 -1054.47 Orientation: 0.247753 0.0684389 0.110676 0.960044 Time: 39435079582599
Position: -138.997 -35.0433 -1049.06 Orientation: 0.244622 0.0740398 0.109343 0.960584 Time: 39435221394840
Position: -142.267 -35.36 -1043.87 Orientation: 0.24008 0.074804 0.105939 0.962052 Time: 39435314187154
Position: -150.517 -36.2133 -1032.09 Orientation: 0.22935 0.076839 0.0964072 0.965505 Time: 39435501751111
Position: -154.7 -36.9167 -1027.3 Orientation: 0.226317 0.0779058 0.0915735 0.966605 Time: 39435594524416
Position: -158.793 -37.78 -1021.47 Orientation: 0.221514 0.0790383 0.0864721 0.968095 Time: 39435734668713
Position: -159.007 -37.13 -1018.83 Orientation: 0.217921 0.0779743 0.084975 0.969128 Time: 39435879817601
Position: -158.803 -35.9833 -1018.65 Orientation: 0.216988 0.0767743 0.0846417 0.969463 Time: 39435969574578
Position: -158.767 -32.1767 -1022.15 Orientation: 0.219752 0.0749063 0.0843071 0.969015 Time: 39436109139640
Position: -158.193 -29.5133 -1026.57 Orientation: 0.223945 0.0727704 0.0847043 0.968183 Time: 39436213019575
Position: -154.527 -26.5367 -1034.29 Orientation: 0.231721 0.0720399 0.0893415 0.965988 Time: 39436358754163
Position: -150.02 -24.1033 -1042.41 Orientation: 0.240014 0.0711041 0.0950055 0.963489 Time: 39436500087921
Position: -147.403 -22.39 -1047.82 Orientation: 0.245114 0.0702708 0.0987391 0.96189 Time: 39436592695077
Position: -144.467 -19.7433 -1054.71 Orientation: 0.252854 0.0677722 0.102108 0.959711 Time: 39436733382302
Position: -143.463 -18.04 -1057.44 Orientation: 0.256084 0.0653711 0.10294 0.958932 Time: 39436837346643
Position: -141.79 -15.3567 -1060.68 Orientation: 0.26009 0.0642724 0.105776 0.957619 Time: 39436982091567
Position: -140.683 -11.7767 -1064.88 Orientation: 0.264396 0.0616401 0.106745 0.956505 Time: 39437125586008
Position: -140.017 -8.54333 -1069.61 Orientation: 0.268953 0.0605045 0.108241 0.955137 Time: 39437278537197
Position: -138.807 -5.51667 -1075.05 Orientation: 0.274514 0.0580697 0.109606 0.953549 Time: 39437372247888
Position: -136.743 -2.08 -1082.42 Orientation: 0.281818 0.0555036 0.112241 0.951262 Time: 39437531358339
Position: -134.023 1.39 -1090.91 Orientation: 0.290418 0.0530034 0.115474 0.948427 Time: 39437621735615
Position: -131.437 3.74333 -1097.23 Orientation: 0.296292 0.0526379 0.119077 0.946182 Time: 39437762959114
Position: -128.823 7.88 -1105.09 Orientation: 0.303992 0.0525378 0.122944 0.943246 Time: 39437905532328
Position: -128.873 11.02 -1108.59 Orientation: 0.307488 0.0498035 0.122642 0.9423 Time: 39437995426177
Position: -128.07 15.35 -1113.45 Orientation: 0.312087 0.0473031 0.123575 0.940794 Time: 39438137052690
Position: -126.833 19.8133 -1119.28 Orientation: 0.315123 0.0447699 0.127109 0.939434 Time: 39438279835775
Position: -125.21 21.66 -1122.23 Orientation: 0.317784 0.043569 0.128407 0.938417 Time: 39438381245732
Position: -122.153 24.04 -1127.25 Orientation: 0.321313 0.0414684 0.132039 0.936805 Time: 39438527131641
Position: -120.66 25.73 -1131.5 Orientation: 0.325691 0.0420031 0.13461 0.934902 Time: 39438671177374
Position: -120.117 26.42 -1132.96 Orientation: 0.327521 0.0426694 0.135109 0.93416 Time: 39438761442871
Position: -120.983 26.9633 -1132.98 Orientation: 0.327693 0.0439369 0.134411 0.934142 Time: 39438901550859
Position: -123.117 27.92 -1129.74 Orientation: 0.325718 0.0446358 0.133107 0.934985 Time: 39439045702479
Position: -124.627 29.1633 -1125.12 Orientation: 0.322385 0.0447692 0.132741 0.936186 Time: 39439134958541
Position: -128.803 30.0133 -1115.3 Orientation: 0.311796 0.0413039 0.128912 0.940457 Time: 39439276239831
Position: -133.33 29.56 -1104.45 Orientation: 0.300717 0.0390688 0.123173 0.944919 Time: 39439432931250
Position: -139.603 27.1233 -1090.83 Orientation: 0.287661 0.0371702 0.114611 0.950123 Time: 39439575464733
Position: -142.05 25.7333 -1085.97 Orientation: 0.282853 0.0382693 0.112008 0.951832 Time: 39439665615789
Position: -145.517 22.67 -1077.82 Orientation: 0.275651 0.0392025 0.10834 0.954328 Time: 39439805716744
Position: -146.927 19.18 -1070.51 Orientation: 0.268023 0.0434703 0.108342 0.956314 Time: 39439948886684
Position: -149.17 16.53 -1063.6 Orientation: 0.262187 0.0450368 0.105808 0.958141 Time: 39440089103981
Position: -152.453 14.5433 -1055.31 Orientation: 0.254984 0.0478366 0.102574 0.960299 Time: 39440247213931
Position: -156.053 12.66 -1045.77 Orientation: 0.246649 0.0507033 0.0974064 0.962863 Time: 39440386930122
Position: -159.02 11.9467 -1039.61 Orientation: 0.241218 0.0518372 0.0930736 0.964606 Time: 39440476993732
Position: -163.12 11.2333 -1032.01 Orientation: 0.234482 0.0520367 0.087639 0.966763 Time: 39440617009712
Position: -165.647 10.1733 -1025.54 Orientation: 0.226955 0.0537718 0.083908 0.968793 Time: 39440760193339
Position: -167.72 9.03667 -1020.1 Orientation: 0.219658 0.0527727 0.0801758 0.970844 Time: 39440860805444
Position: -173.52 7.48 -1009.28 Orientation: 0.206448 0.0557706 0.0730051 0.974135 Time: 39441057151481
Position: -176.877 6.74333 -1004.3 Orientation: 0.201346 0.0561036 0.0682377 0.975528 Time: 39441150978323
Position: -181.613 5.63 -998.63 Orientation: 0.195714 0.0588043 0.0629379 0.976871 Time: 39441287941857
Position: -186.693 5.75333 -992.997 Orientation: 0.190644 0.0572366 0.0559699 0.97839 Time: 39441427962399
Position: -191.75 6.68667 -989.033 Orientation: 0.186483 0.0590051 0.0498376 0.979418 Time: 39441586832373
Position: -193.977 8.16 -988.347 Orientation: 0.185241 0.056769 0.0467019 0.97994 Time: 39441709519537
Position: -192.933 10.0833 -989.737 Orientation: 0.185252 0.0552721 0.0479381 0.979964 Time: 39441853736931
Position: -191.253 11.6133 -991.5 Orientation: 0.185613 0.0537037 0.0502368 0.979867 Time: 39441943480031
Position: -187.363 13.94 -995.81 Orientation: 0.190279 0.0544703 0.0563038 0.978599 Time: 39442083032166
Position: -184.1 16.81 -1000.39 Orientation: 0.196046 0.0518033 0.0598371 0.977396 Time: 39442227730895
Position: -182.5 19.83 -1005.79 Orientation: 0.203149 0.0503705 0.0632048 0.975807 Time: 39442367886409
Position: -181.8 21.3967 -1008.79 Orientation: 0.207113 0.0493698 0.0646707 0.974928 Time: 39442458221102
Position: -180.113 25.75 -1016.25 Orientation: 0.216312 0.0444692 0.0691706 0.972855 Time: 39442598456268
Position: -178.55 30.38 -1025.25 Orientation: 0.226545 0.0389021 0.0755707 0.970285 Time: 39442740684639
Position: -176.547 32.7633 -1030.86 Orientation: 0.232943 0.0360348 0.0806365 0.968471 Time: 39442832767688
Position: -174.027 35.7433 -1039.03 Orientation: 0.242248 0.0349688 0.0849052 0.965859 Time: 39442973277359
Position: -172.443 38.3733 -1044.92 Orientation: 0.247349 0.0344355 0.0877723 0.964328 Time: 39443114944553
Position: -171.577 40.7867 -1049.55 Orientation: 0.251284 0.0327356 0.0892396 0.963235 Time: 39443207195271
Position: -170.34 45.47 -1059.51 Orientation: 0.261094 0.0295697 0.0919762 0.960467 Time: 39443347514652
Position: -167.777 49.9333 -1068.9 Orientation: 0.271891 0.025469 0.0943419 0.957354 Time: 39443493561385
Position: -166.193 52.6233 -1074.02 Orientation: 0.277318 0.0224681 0.0954395 0.955762 Time: 39443584101007
Position: -164.657 55.9467 -1080.23 Orientation: 0.284784 0.0197012 0.0964392 0.953525 Time: 39443722066941
Position: -163.213 57.74 -1083.63 Orientation: 0.288344 0.0183007 0.0978704 0.952336 Time: 39443862340697
Position: -162.507 58.95 -1086.41 Orientation: 0.290855 0.0152678 0.0974405 0.95167 Time: 39443955107918
Position: -160.93 61.8167 -1091.74 Orientation: 0.296189 0.012701 0.0983074 0.949972 Time: 39444096768649
Position: -158.663 64.8267 -1097.8 Orientation: 0.302228 0.0101676 0.100009 0.94792 Time: 39444252693963
Position: -155.937 68.5867 -1104.52 Orientation: 0.306189 0.00586709 0.104174 0.946236 Time: 39444394683758
Position: -154.1 70.9 -1107.67 Orientation: 0.307557 0.00340026 0.106542 0.94554 Time: 39444485721824
Position: -151.383 72.52 -1108.63 Orientation: 0.309219 0.00543366 0.10944 0.944657 Time: 39444626340042
Position: -147.603 72.6033 -1104.04 Orientation: 0.30442 0.00916728 0.114141 0.94563 Time: 39444781778129
Position: -146.217 72.7233 -1099.21 Orientation: 0.300489 0.013101 0.117442 0.946437 Time: 39444876171471
Position: -149.613 72.9433 -1090.59 Orientation: 0.294052 0.016401 0.114274 0.948792 Time: 39445015854394
Position: -153.36 72.8833 -1083.03 Orientation: 0.289151 0.0188678 0.109973 0.950758 Time: 39445159977879
Position: -159.783 72.1167 -1067.41 Orientation: 0.277288 0.0235685 0.103775 0.954875 Time: 39445300929344
Position: -163.96 71.01 -1058.47 Orientation: 0.271493 0.0294029 0.10081 0.956694 Time: 39445391114428
Position: -167.763 68.5233 -1047.8 Orientation: 0.262716 0.0362688 0.0980725 0.959191 Time: 39445531109877
Position: -167.553 65.2067 -1040.62 Orientation: 0.256116 0.0417026 0.0996395 0.960592 Time: 39445675525356
Position: -166.73 62.72 -1036.7 Orientation: 0.252618 0.0456365 0.101607 0.961134 Time: 39445764995282
Position: -166.487 60.4133 -1032.23 Orientation: 0.248246 0.0478691 0.102372 0.962082 Time: 39445905624527
Position: -166.71 56.8267 -1025.17 Orientation: 0.240784 0.0511369 0.103074 0.963734 Time: 39446048398106
Position: -167.263 54.4133 -1018.84 Orientation: 0.233013 0.0508362 0.101539 0.965821 Time: 39446139362983
Position: -168.763 51.5433 -1008.75 Orientation: 0.222849 0.0525703 0.0998403 0.968301 Time: 39446279783117
Position: -172.623 49.7567 -997.76 Orientation: 0.211541 0.054102 0.0950034 0.971235 Time: 39446425146819
Position: -176.383 48.4433 -989.543 Orientation: 0.20268 0.0542037 0.089206 0.973666 Time: 39446565003304
Position: -178.69 46.8767 -982.743 Orientation: 0.193742 0.0526024 0.0838705 0.976044 Time: 39446721273841
Position: -180.077 45.6533 -976.477 Orientation: 0.184577 0.054803 0.0816378 0.977887 Time: 39446859397749
Position: -180.997 45.5133 -973.66 Orientation: 0.181013 0.0563041 0.0799726 0.978605 Time: 39446951348488
Position: -183.34 47.0033 -966.31 Orientation: 0.171313 0.0528706 0.0753722 0.980906 Time: 39447094605684
Position: -186.013 49.9033 -961.087 Orientation: 0.164709 0.0511695 0.0700372 0.982521 Time: 39447231010702
Position: -186.207 53.3 -963.63 Orientation: 0.168309 0.0511027 0.0713704 0.981818 Time: 39447374346029
Position: -185.413 55.39 -967.573 Orientation: 0.173249 0.0485711 0.07314 0.980957 Time: 39447466902429
Position: -183.24 57.2433 -973.437 Orientation: 0.181372 0.0473348 0.0751356 0.979397 Time: 39447606797124
Position: -181.053 58.88 -977.957 Orientation: 0.187213 0.0461033 0.0779389 0.978137 Time: 39447710822677
Position: -177.487 62.3367 -987.943 Orientation: 0.19931 0.0445021 0.0832373 0.97538 Time: 39447856106536
Position: -174.693 64.8133 -995.25 Orientation: 0.20685 0.0428702 0.0874406 0.973514 Time: 39448000010835
Position: -172.153 66.7667 -1000.55 Orientation: 0.211787 0.0419708 0.0906755 0.972195 Time: 39448089609648
Position: -169.263 70.2967 -1008.63 Orientation: 0.219646 0.0399689 0.0943053 0.970188 Time: 39448230390594
Position: -167.817 73.3333 -1015.48 Orientation: 0.22781 0.0383017 0.096271 0.968177 Time: 39448374159160
Position: -166.427 74.7367 -1019.4 Orientation: 0.232282 0.0376358 0.0990066 0.966864 Time: 39448464467430
Position: -164.097 76.5133 -1024.34 Orientation: 0.238321 0.0332363 0.101276 0.965319 Time: 39448604649177
Position: -160.333 79.3633 -1031.34 Orientation: 0.242648 0.0300352 0.105807 0.963859 Time: 39448762240533
Position: -158.397 81.9133 -1037.42 Orientation: 0.247583 0.025135 0.10714 0.962596 Time: 39448903287239
Position: -156.257 84.05 -1041.52 Orientation: 0.252714 0.0234347 0.11024 0.960954 Time: 39448994731930
Position: -152.977 87.0267 -1048.51 Orientation: 0.26078 0.0239679 0.115073 0.958216 Time: 39449134297561
Position: -150.597 90.0667 -1055.02 Orientation: 0.264584 0.0198346 0.118941 0.956794 Time: 39449275877499
Position: -149.38 92.3533 -1059.52 Orientation: 0.269547 0.0190343 0.120339 0.955249 Time: 39449368640158
Position: -147.27 95.7833 -1066.05 Orientation: 0.278054 0.0173346 0.122709 0.952538 Time: 39449509912513
Position: -144.843 97.8567 -1070.99 Orientation: 0.282511 0.0158006 0.125138 0.950936 Time: 39449653530710
Position: -143.207 99.4633 -1074.97 Orientation: 0.284719 0.0153343 0.127308 0.949996 Time: 39449743221532
Position: -142.44 102.493 -1078.04 Orientation: 0.283118 0.0107007 0.127141 0.95056 Time: 39449900326231
Position: -141.827 103.897 -1077.37 Orientation: 0.280121 0.0122009 0.126576 0.951505 Time: 39449993529923
Position: -141.577 104.233 -1073.55 Orientation: 0.273318 0.0142009 0.125242 0.95363 Time: 39450133024077
Position: -141.343 103.79 -1070.15 Orientation: 0.27116 0.0182351 0.125613 0.954128 Time: 39450237171674
Position: -141.713 101.983 -1062.68 Orientation: 0.267218 0.0265018 0.125475 0.955064 Time: 39450382908923
Position: -142.817 99.89 -1054.05 Orientation: 0.260222 0.0410702 0.124944 0.956549 Time: 39450527557276
Position: -145.367 98.23 -1046.64 Orientation: 0.253188 0.0450705 0.120844 0.958781 Time: 39450616746233
Position: -148.41 95.83 -1036.96 Orientation: 0.245687 0.0506708 0.116576 0.960979 Time: 39450757322249
Position: -150.887 92.7 -1027.69 Orientation: 0.236722 0.0610724 0.114344 0.962891 Time: 39450913336530
Position: -154.95 89.7933 -1014.33 Orientation: 0.224756 0.0685736 0.108444 0.965931 Time: 39451068671771
Position: -160.493 88.1 -1000.89 Orientation: 0.21198 0.0741379 0.10084 0.969226 Time: 39451210853758
Position: -164.113 87.3967 -992.017 Orientation: 0.203257 0.0771758 0.0956447 0.971382 Time: 39451370939425
Position: -170.223 86.5833 -977.26 Orientation: 0.188184 0.0802739 0.0868412 0.974988 Time: 39451513271972
Position: -174.44 85.0333 -967.357 Orientation: 0.18131 0.0853382 0.0806713 0.976389 Time: 39451649455712
Position: -177.593 83.5733 -956.4 Orientation: 0.172646 0.0888734 0.074839 0.978107 Time: 39451786185232
Position: -179.357 83.4033 -951.44 Orientation: 0.168217 0.0891091 0.0706739 0.979167 Time: 39451870174745
Position: -181.423 83.7633 -947.013 Orientation: 0.165482 0.0881417 0.0658062 0.980059 Time: 39452004627049
Position: -183.83 84.3933 -942.777 Orientation: 0.164441 0.0872708 0.0627363 0.980514 Time: 39452147236572
Position: -186.13 84.7433 -940.337 Orientation: 0.163109 0.0862379 0.0613032 0.980918 Time: 39452238974779
Position: -187.43 84.8267 -939.17 Orientation: 0.160745 0.0828726 0.0628045 0.981503 Time: 39452379517147
Position: -187.643 85.27 -938.097 Orientation: 0.158779 0.0794397 0.065772 0.981913 Time: 39452522482919
Position: -188.423 86.28 -937.54 Orientation: 0.157911 0.0793057 0.0656714 0.98207 Time: 39452614435559
Position: -189 88.6033 -937.763 Orientation: 0.157146 0.0780727 0.0633716 0.982443 Time: 39452754149469
Position: -189.633 92.2133 -938.98 Orientation: 0.15488 0.075673 0.0619385 0.983082 Time: 39452897800744
Position: -190.157 96.4233 -940.993 Orientation: 0.153148 0.0689731 0.0612057 0.983891 Time: 39452987485483
Position: -188.557 102.72 -948.023 Orientation: 0.158278 0.0619712 0.0623712 0.983472 Time: 39453128409954
Position: -185.413 107.817 -957.23 Orientation: 0.167614 0.0572049 0.0663724 0.981951 Time: 39453270118399
Position: -182.137 111.657 -964.577 Orientation: 0.175343 0.0545365 0.0706041 0.980457 Time: 39453398581962
Position: -180.523 113.653 -968.78 Orientation: 0.179577 0.0529696 0.0740707 0.97952 Time: 39453487424745
Position: -176.28 119.4 -979.11 Orientation: 0.185848 0.0485706 0.0795731 0.978146 Time: 39453628575626
Position: -172.3 127.637 -992.31 Orientation: 0.195051 0.0388368 0.0795738 0.976788 Time: 39453771468780
Position: -170.223 133.41 -1002.12 Orientation: 0.20538 0.0339355 0.0806717 0.974761 Time: 39453861844915
Position: -167.417 141.173 -1012.44 Orientation: 0.215282 0.0275019 0.0829391 0.972635 Time: 39454002837061
Position: -165.053 147.673 -1020.8 Orientation: 0.223953 0.0223019 0.0836073 0.970751 Time: 39454142279317
Position: -162.733 154.353 -1030.97 Orientation: 0.234181 0.0217347 0.086872 0.96806 Time: 39454285476632
Position: -160.42 158.313 -1036.48 Orientation: 0.237981 0.0188678 0.0891052 0.96699 Time: 39454427574404
Position: -159.223 160.287 -1040.08 Orientation: 0.239481 0.0210346 0.0914057 0.96636 Time: 39454557821872
Position: -159.127 160.76 -1041.36 Orientation: 0.24012 0.0217018 0.0911077 0.966215 Time: 39454641902063
Position: -159.273 161.753 -1042.74 Orientation: 0.239209 0.0215341 0.0887032 0.966668 Time: 39454782807333
Position: -159.323 161.997 -1043.85 Orientation: 0.238381 0.0221014 0.0872387 0.966993 Time: 39454924074746
Position: -157.78 161.177 -1042.6 Orientation: 0.237309 0.0237676 0.0881035 0.967139 Time: 39455066553100
Position: -156.927 161.01 -1042.4 Orientation: 0.238345 0.0256346 0.089071 0.966748 Time: 39455156164080
Position: -155.673 161.443 -1042.37 Orientation: 0.241344 0.0270012 0.0900373 0.965876 Time: 39455296493726
Position: -152.91 162.267 -1043.83 Orientation: 0.248883 0.0332021 0.0939394 0.963395 Time: 39455469397880
Position: -149.267 163.24 -1045.34 Orientation: 0.252557 0.0446042 0.0988092 0.96149 Time: 39455562420026
Position: -145.11 165.977 -1043.86 Orientation: 0.247618 0.0572708 0.0971737 0.96227 Time: 39455703127783
Position: -141.33 168.19 -1041.95 Orientation: 0.243052 0.0611381 0.0970409 0.963209 Time: 39455844828814
Position: -139.877 168.52 -1040.77 Orientation: 0.245952 0.0618713 0.100807 0.962038 Time: 39455983419420
Position: -139.967 168.47 -1040.11 Orientation: 0.246182 0.0625373 0.101206 0.961894 Time: 39456076962252
Position: -139.137 170.09 -1041.84 Orientation: 0.250585 0.0626046 0.100074 0.960871 Time: 39456217653849
Position: -138.927 172.77 -1046.96 Orientation: 0.259891 0.0708401 0.0994095 0.957891 Time: 39456363300611
Position: -139.017 175.52 -1048.84 Orientation: 0.260428 0.0727412 0.0961437 0.957937 Time: 39456502759405
Position: -139.187 177.427 -1048.81 Orientation: 0.258088 0.0712392 0.093141 0.958979 Time: 39456639806203
