Position: -175.37 181.407 -1056.9 Orientation: 0.293358 0.112243 0.159213 0.935945 Time: 39307783601954
Position: -178.683 180.333 -1057.79 Orientation: 0.287515 0.126807 0.144941 0.938215 Time: 39308039485237
Position: -176.487 180.36 -1057.15 Orientation: 0.290621 0.121642 0.154778 0.936369 Time: 39307897717290
Position: -180.317 180.75 -1056.78 Orientation: 0.284686 0.125375 0.14081 0.939898 Time: 39308178428479
Position: -180.183 179.493 -1055.28 Orientation: 0.280626 0.125045 0.138846 0.941453 Time: 39308322333348
Position: -180.233 178.823 -1055.29 Orientation: 0.279252 0.127309 0.137909 0.941696 Time: 39308413767203
Position: -180.967 178.307 -1055 Orientation: 0.278756 0.124277 0.135644 0.942577 Time: 39308553188928
Position: -181.24 178.033 -1054.12 Orientation: 0.277855 0.121443 0.135444 0.943241 Time: 39308694167958
Position: -181.787 178.023 -1053.47 Orientation: 0.277113 0.120006 0.134973 0.94371 Time: 39308787410241
Position: -182.88 176.83 -1051.51 Orientation: 0.276088 0.119776 0.134277 0.944139 Time: 39308929495657
Position: -183.957 174.02 -1047.97 Orientation: 0.274326 0.121045 0.137313 0.944055 Time: 39309068112495
Position: -186.577 171.473 -1045.27 Orientation: 0.273054 0.119743 0.13581 0.944806 Time: 39309213040296
Position: -189.38 166.57 -1039 Orientation: 0.264954 0.118042 0.132877 0.947739 Time: 39309353325839
Position: -193.117 158.703 -1030.99 Orientation: 0.256922 0.11871 0.128144 0.950515 Time: 39309493277565
Position: -195.707 152.727 -1024.71 Orientation: 0.250187 0.118843 0.12601 0.952578 Time: 39309583463409
Position: -200.13 143.427 -1013.99 Orientation: 0.238986 0.118143 0.12211 0.956043 Time: 39309724027259
Position: -204.767 133.987 -1002.32 Orientation: 0.227644 0.116872 0.118239 0.959447 Time: 39309866185673
Position: -206.257 127.767 -997.753 Orientation: 0.22688 0.119241 0.119407 0.959192 Time: 39310004043820
Position: -208.107 119.327 -990.543 Orientation: 0.22285 0.117275 0.123409 0.959872 Time: 39310146019738
Position: -211.427 115.023 -985.223 Orientation: 0.219915 0.116674 0.121775 0.960831 Time: 39310237845391
Position: -216.137 110.577 -977.3 Orientation: 0.218017 0.119909 0.119576 0.961141 Time: 39310378413233
Position: -219.293 107.43 -971.493 Orientation: 0.217186 0.122344 0.11881 0.961117 Time: 39310521376153
Position: -221.947 105.407 -966.783 Orientation: 0.212821 0.120012 0.116011 0.962728 Time: 39310612802974
Position: -224.403 102.99 -962.367 Orientation: 0.209415 0.119775 0.112675 0.9639 Time: 39310753642090
Position: -225.417 99.77 -959.833 Orientation: 0.208743 0.119772 0.113239 0.96398 Time: 39310924566156
Position: -224.81 98.6 -962.16 Orientation: 0.211149 0.117009 0.115142 0.96357 Time: 39311017763005
Position: -222.863 98.8033 -966.963 Orientation: 0.213782 0.110375 0.117375 0.963503 Time: 39311158667135
Position: -220.057 99.2967 -974.683 Orientation: 0.21834 0.104937 0.120271 0.962731 Time: 39311300726127
Position: -214.973 99.1867 -987.793 Orientation: 0.225415 0.0997066 0.126442 0.960864 Time: 39311441331989
Position: -208.947 99.3167 -1003.4 Orientation: 0.237085 0.0930071 0.132977 0.95784 Time: 39311583449151
Position: -205.21 99.8867 -1013.5 Orientation: 0.245896 0.0915107 0.13825 0.955012 Time: 39311676258194
Position: -200.343 100.97 -1026.62 Orientation: 0.256181 0.0880717 0.143708 0.951821 Time: 39311815287742
Position: -196.127 102.167 -1037.29 Orientation: 0.262415 0.0851715 0.148675 0.949621 Time: 39311953726837
Position: -190.333 103.05 -1051.83 Orientation: 0.271559 0.0803408 0.154181 0.946588 Time: 39312098096312
Position: -185.543 103.007 -1061.12 Orientation: 0.273683 0.0728709 0.157176 0.946088 Time: 39312188140532
Position: -178.99 102.967 -1072.79 Orientation: 0.275551 0.0648043 0.160377 0.945596 Time: 39312329242557
Position: -174.49 103.883 -1084.3 Orientation: 0.279448 0.0623365 0.162342 0.944282 Time: 39312472593092
Position: -170.877 104.52 -1091.69 Orientation: 0.282283 0.0628037 0.164943 0.942956 Time: 39312562399686
Position: -167.217 105.217 -1098.33 Orientation: 0.281788 0.0641049 0.167646 0.942539 Time: 39312702655952
Position: -164.6 106.303 -1105.05 Orientation: 0.283779 0.064336 0.168507 0.941773 Time: 39312843340136
Position: -162.99 106.947 -1109.12 Orientation: 0.286056 0.0648385 0.169847 0.940808 Time: 39312937068126
Position: -162.32 106.527 -1110.56 Orientation: 0.284461 0.0686067 0.171317 0.940758 Time: 39313077893935
Position: -164.61 103.223 -1105.72 Orientation: 0.279948 0.0704704 0.167742 0.942616 Time: 39313221756411
Position: -167.077 99.7167 -1099.77 Orientation: 0.27315 0.0732379 0.164744 0.944926 Time: 39313311095928
Position: -169.783 95.1933 -1092.34 Orientation: 0.26609 0.0753733 0.161381 0.94735 Time: 39313452455729
Position: -172.903 89.92 -1083.98 Orientation: 0.257159 0.073974 0.157982 0.950494 Time: 39313591521776
Position: -175.9 84.8 -1076.3 Orientation: 0.249919 0.0699387 0.154045 0.953373 Time: 39313736692905
Position: -176.84 81.8033 -1071.42 Orientation: 0.246482 0.0696377 0.156476 0.953893 Time: 39313826439998
Position: -179.19 76.7 -1063.56 Orientation: 0.238886 0.0708057 0.156446 0.955743 Time: 39313984808865
Position: -181.723 73.07 -1058.05 Orientation: 0.232816 0.0717382 0.15401 0.957565 Time: 39314075346586
Position: -185.63 67.9167 -1050.51 Orientation: 0.226117 0.0727055 0.148878 0.959906 Time: 39314215403437
Position: -188.96 62.78 -1043.53 Orientation: 0.219542 0.0710696 0.145706 0.96204 Time: 39314360543390
Position: -190.717 60.3967 -1040.45 Orientation: 0.216541 0.0710358 0.143638 0.963033 Time: 39314450331924
Position: -193.703 55.49 -1033.91 Orientation: 0.209613 0.0735712 0.140109 0.964893 Time: 39314589921699
Position: -196.407 50.9367 -1027.2 Orientation: 0.203283 0.0762061 0.137311 0.966444 Time: 39314734212092
Position: -198.067 48.1567 -1023.17 Orientation: 0.199251 0.0785069 0.134812 0.967451 Time: 39314825193127
Position: -200.837 44.5467 -1017.37 Orientation: 0.194214 0.0820058 0.129809 0.968868 Time: 39314964768834
Position: -202.563 42.2467 -1013.28 Orientation: 0.18938 0.0827723 0.125709 0.9703 Time: 39315109027290
Position: -202.917 41.5867 -1012.8 Orientation: 0.18868 0.0839727 0.124642 0.97047 Time: 39315198697011
Position: -201.673 41 -1016.99 Orientation: 0.192043 0.0848711 0.125273 0.969651 Time: 39315338750631
Position: -195.577 40.8333 -1028.5 Orientation: 0.202546 0.0810716 0.131641 0.966992 Time: 39315482690098
Position: -187.833 41.11 -1043.03 Orientation: 0.211909 0.0747366 0.139373 0.964409 Time: 39315621399516
Position: -183.56 42.29 -1053.96 Orientation: 0.218688 0.0707068 0.143047 0.96266 Time: 39315713218515
Position: -177.657 44.5767 -1069.22 Orientation: 0.226282 0.068338 0.149243 0.960132 Time: 39315854495623
Position: -172.463 46.2133 -1082.17 Orientation: 0.232621 0.0596053 0.150814 0.958953 Time: 39315999449088
Position: -167.843 47.2133 -1092.54 Orientation: 0.239056 0.0540717 0.153381 0.957289 Time: 39316091955301
Position: -161.41 47.8 -1105.03 Orientation: 0.246886 0.0519706 0.159746 0.954373 Time: 39316228231240
Position: -156.387 47.81 -1116.06 Orientation: 0.253783 0.0482697 0.162877 0.952227 Time: 39316373044600
Position: -153.7 47.83 -1123.59 Orientation: 0.25878 0.0476025 0.165375 0.950483 Time: 39316462406738
Position: -150.36 47.1867 -1130.91 Orientation: 0.261623 0.0440038 0.166114 0.949749 Time: 39316602563773
Position: -148.083 46.9 -1135.85 Orientation: 0.261758 0.0449709 0.167316 0.949456 Time: 39316747476175
Position: -146.933 47.6467 -1140.59 Orientation: 0.264026 0.0471713 0.168416 0.948526 Time: 39316836712087
Position: -146.707 49.03 -1145.78 Orientation: 0.267214 0.0462024 0.167842 0.947782 Time: 39316977322131
Position: -148.29 47.1967 -1144.61 Orientation: 0.262918 0.0466365 0.166878 0.949132 Time: 39317120928352
Position: -152.72 40.94 -1136.71 Orientation: 0.253619 0.0502038 0.163646 0.952038 Time: 39317260891864
Position: -155.273 36.1833 -1131.11 Orientation: 0.247821 0.0509043 0.16118 0.953947 Time: 39317351220094
Position: -158.947 29.88 -1123.43 Orientation: 0.239927 0.0502057 0.156918 0.956708 Time: 39317491814930
Position: -162.853 23.4433 -1115.96 Orientation: 0.234449 0.0516035 0.152544 0.958698 Time: 39317634586229
Position: -165.22 19.3733 -1111.64 Orientation: 0.231554 0.0515713 0.14968 0.959854 Time: 39317736468777
Position: -169.103 13.1733 -1104.73 Orientation: 0.227082 0.0501367 0.144443 0.961798 Time: 39317882063831
Position: -174.247 7.10333 -1097.23 Orientation: 0.222512 0.053203 0.140941 0.96322 Time: 39318026277233
Position: -178.047 3.09667 -1091.84 Orientation: 0.219013 0.0567368 0.139075 0.964091 Time: 39318115374751
Position: -183.443 -2.56333 -1083.78 Orientation: 0.212181 0.0631043 0.137376 0.965466 Time: 39318256783408
Position: -187.65 -6.42 -1077.55 Orientation: 0.207451 0.0658724 0.133512 0.96685 Time: 39318401195086
Position: -189.857 -8.87667 -1074.12 Orientation: 0.205148 0.067038 0.132009 0.967468 Time: 39318490503046
Position: -193.883 -12.9133 -1068.96 Orientation: 0.203679 0.0677374 0.129574 0.968058 Time: 39318647656790
Position: -196.85 -14.64 -1065.44 Orientation: 0.201209 0.0692033 0.127506 0.968746 Time: 39318739965298
Position: -198.427 -15.78 -1063.83 Orientation: 0.199883 0.0720392 0.12701 0.968879 Time: 39318880331253
Position: -196.02 -16.0133 -1067.31 Orientation: 0.201818 0.0691395 0.128545 0.968486 Time: 39319023402341
Position: -192.2 -15.8333 -1072.89 Orientation: 0.204613 0.0687045 0.132742 0.967364 Time: 39319114828972
Position: -184.203 -15.28 -1086.66 Orientation: 0.211619 0.0633055 0.139412 0.965285 Time: 39319303167019
Position: -181.76 -15.52 -1091.28 Orientation: 0.213921 0.0615727 0.141214 0.964627 Time: 39319395403289
Position: -177.557 -17.2533 -1099.59 Orientation: 0.216553 0.0555717 0.142913 0.964154 Time: 39319535324219
Position: -172.137 -20.5733 -1109.53 Orientation: 0.220881 0.0490364 0.145576 0.963128 Time: 39319679682858
Position: -167.453 -22.2933 -1116.4 Orientation: 0.224484 0.0455035 0.149012 0.961942 Time: 39319773926971
Position: -163.063 -22.6233 -1126.49 Orientation: 0.22905 0.0418363 0.151544 0.960635 Time: 39319909696293
Position: -159.857 -21.1267 -1138.02 Orientation: 0.237818 0.0409031 0.154278 0.958106 Time: 39320054463268
Position: -158.323 -20.3667 -1143.18 Orientation: 0.24255 0.0415695 0.156077 0.956599 Time: 39320143486077
Position: -154.8 -19.5233 -1151.27 Orientation: 0.248382 0.0415358 0.159776 0.954491 Time: 39320284403324
Position: -150.61 -19.29 -1158.56 Orientation: 0.253023 0.0417038 0.162982 0.952721 Time: 39320429306791
Position: -146.773 -19.3667 -1164.22 Orientation: 0.254656 0.040837 0.165715 0.951851 Time: 39320559241543
Position: -145.45 -19.44 -1166.43 Orientation: 0.255824 0.0388037 0.165516 0.951658 Time: 39320643175927
Position: -142.513 -18.9833 -1171.74 Orientation: 0.259482 0.0399024 0.16741 0.95029 Time: 39320783901933
Position: -139.997 -17.82 -1177.53 Orientation: 0.263987 0.0440035 0.170547 0.948308 Time: 39320925960735
Position: -138.81 -17.6233 -1179.86 Orientation: 0.264852 0.0439031 0.171679 0.947867 Time: 39321027702798
Position: -136.163 -17.9133 -1183.47 Orientation: 0.27018 0.0488023 0.175908 0.945345 Time: 39321173797437
Position: -136.353 -19.7433 -1184.16 Orientation: 0.270357 0.0526379 0.177015 0.944882 Time: 39321315565954
Position: -137.98 -22.2567 -1181.6 Orientation: 0.268157 0.053338 0.175515 0.945749 Time: 39321407529620
Position: -141.36 -26.7033 -1175.83 Orientation: 0.263582 0.0562032 0.173243 0.947287 Time: 39321548027695
Position: -143.637 -30.81 -1170.57 Orientation: 0.259956 0.0586718 0.172082 0.94835 Time: 39321692564079
Position: -145.223 -34.0633 -1165.59 Orientation: 0.255786 0.0609713 0.171713 0.949405 Time: 39321782285127
Position: -148.163 -37.93 -1158.17 Orientation: 0.249209 0.0642022 0.170273 0.951199 Time: 39321922999347
Position: -150.673 -40.9633 -1151.92 Orientation: 0.242925 0.06624 0.16795 0.953096 Time: 39322065981657
Position: -151.38 -42.92 -1148.31 Orientation: 0.239386 0.0670387 0.167147 0.954077 Time: 39322156742746
Position: -151.773 -46.9467 -1142.42 Orientation: 0.234425 0.0660072 0.166051 0.95557 Time: 39322299379264
Position: -152.303 -51.5733 -1136.53 Orientation: 0.229049 0.0726383 0.167545 0.956132 Time: 39322440076944
Position: -154.32 -57.2633 -1127.84 Orientation: 0.221814 0.0742715 0.164944 0.958163 Time: 39322577534169
Position: -156.937 -61.0567 -1121.76 Orientation: 0.217715 0.0766721 0.162478 0.959334 Time: 39322720879002
Position: -158.67 -62.7867 -1118.68 Orientation: 0.215847 0.0775384 0.160644 0.959995 Time: 39322812448969
Position: -161.043 -65.15 -1114.31 Orientation: 0.212286 0.0797073 0.158781 0.960921 Time: 39322951079876
Position: -162.447 -67.0867 -1110.73 Orientation: 0.209177 0.0829709 0.158441 0.961383 Time: 39323096636149
Position: -163.55 -68.59 -1107.97 Orientation: 0.207148 0.0828391 0.156611 0.962133 Time: 39323186310432
Position: -166.15 -71.0167 -1102.31 Orientation: 0.20098 0.0819387 0.15301 0.964096 Time: 39323326002100
Position: -167.74 -72.7933 -1097.6 Orientation: 0.19665 0.0824737 0.15128 0.965216 Time: 39323468961599
Position: -167.677 -73.55 -1095.55 Orientation: 0.194485 0.0851413 0.151914 0.965323 Time: 39323560440318
Position: -162.8 -74.7 -1092.16 Orientation: 0.19368 0.0866724 0.155377 0.964797 Time: 39323700550588
Position: -154.3 -76.6833 -1088.77 Orientation: 0.193916 0.0893407 0.162413 0.963347 Time: 39323841622957
Position: -148.033 -78.3233 -1084.82 Orientation: 0.185951 0.0818745 0.168549 0.964526 Time: 39323934650236
Position: -138.4 -81.33 -1080.07 Orientation: 0.176381 0.0727724 0.175514 0.96581 Time: 39324075279290
Position: -132.737 -83.0733 -1076.94 Orientation: 0.171575 0.0706703 0.178509 0.966283 Time: 39324179011708
Position: -123.287 -85.4933 -1072.09 Orientation: 0.16588 0.0686387 0.184448 0.966308 Time: 39324324575585
Position: -114.523 -87.8167 -1069.28 Orientation: 0.161712 0.0677385 0.190481 0.965908 Time: 39324466414250
Position: -109.177 -88.7867 -1067.73 Orientation: 0.15928 0.0695391 0.194683 0.965346 Time: 39324557938783
Position: -104.393 -89.9167 -1065.98 Orientation: 0.157649 0.0718073 0.197387 0.964898 Time: 39324699148976
Position: -103.333 -90.3833 -1065.64 Orientation: 0.157484 0.0728081 0.196289 0.965074 Time: 39324802869227
Position: -102.623 -90.82 -1065.49 Orientation: 0.160648 0.0726733 0.191518 0.965522 Time: 39324948584044
Position: -102.203 -90.29 -1065.85 Orientation: 0.160548 0.0685731 0.191251 0.965891 Time: 39325064279686
Position: -99.7267 -87.9533 -1068.95 Orientation: 0.160246 0.0673054 0.194682 0.965344 Time: 39325213060067
Position: -97.4933 -85.1933 -1074.62 Orientation: 0.163077 0.0651039 0.196145 0.964725 Time: 39325358004596
Position: -96.38 -82.7833 -1080.2 Orientation: 0.168881 0.0635387 0.19655 0.963748 Time: 39325447674507
Position: -95.8767 -79.84 -1087.22 Orientation: 0.175475 0.0592027 0.195742 0.96301 Time: 39325588808089
Position: -94.6667 -76.2533 -1094.35 Orientation: 0.180178 0.0576036 0.196946 0.961993 Time: 39325732249493
Position: -92.73 -73.9633 -1098.58 Orientation: 0.182776 0.054436 0.19811 0.961448 Time: 39325822302457
Position: -89.3233 -71.5867 -1103.41 Orientation: 0.185712 0.0524034 0.200213 0.960562 Time: 39325964206326
Position: -85.2467 -67.5767 -1111.1 Orientation: 0.190911 0.0513697 0.202945 0.959024 Time: 39326154113083
Position: -81.9667 -63.94 -1117.19 Orientation: 0.195111 0.0490362 0.205345 0.957789 Time: 39326294391593
Position: -80.0333 -62.0167 -1120.48 Orientation: 0.197951 0.0461374 0.206585 0.957084 Time: 39326383425427
Position: -75.3433 -57.06 -1129.39 Orientation: 0.20325 0.0423035 0.210118 0.95538 Time: 39326524240210
Position: -71.3533 -50.4433 -1141.62 Orientation: 0.213918 0.0403034 0.212918 0.952513 Time: 39326665880409
Position: -69.7567 -46.0367 -1148.42 Orientation: 0.218649 0.0367359 0.213582 0.951434 Time: 39326758782602
Position: -67.5733 -40.51 -1156.36 Orientation: 0.224755 0.0306363 0.212688 0.950426 Time: 39326898354887
Position: -65.34 -36.7333 -1162.25 Orientation: 0.229791 0.03137 0.213856 0.948935 Time: 39327039981400
Position: -61.68 -32.7133 -1168.42 Orientation: 0.235389 0.0313697 0.215787 0.947124 Time: 39327183340110
Position: -58.1733 -29.91 -1172.12 Orientation: 0.237577 0.0331015 0.217576 0.946109 Time: 39327321442156
Position: -57.23 -27.5933 -1173.9 Orientation: 0.239778 0.0348683 0.217044 0.945612 Time: 39327466662522
Position: -57.14 -26.1367 -1173.89 Orientation: 0.239881 0.0340687 0.21628 0.94579 Time: 39327553939255
Position: -56.67 -25.4067 -1170.65 Orientation: 0.237751 0.0366694 0.21785 0.945871 Time: 39327694289623
Position: -56.59 -25.9967 -1167.88 Orientation: 0.235309 0.0385348 0.218875 0.94617 Time: 39327797638797
Position: -58.8067 -28.18 -1158.32 Orientation: 0.225487 0.0373367 0.21752 0.948919 Time: 39327945067562
Position: -60.8433 -28.7033 -1152.94 Orientation: 0.221549 0.0400696 0.217516 0.949735 Time: 39328086550359
Position: -64.87 -29.0767 -1141.94 Orientation: 0.214585 0.0388367 0.215619 0.951816 Time: 39328209216041
Position: -71.17 -29.5467 -1129.17 Orientation: 0.205045 0.0451692 0.212879 0.954253 Time: 39328352458790
Position: -75.8833 -30.0067 -1120.74 Orientation: 0.200678 0.0478693 0.209245 0.955852 Time: 39328442362715
Position: -80.2933 -30.79 -1113.66 Orientation: 0.197785 0.0486712 0.205052 0.957322 Time: 39328583857108
Position: -84.6033 -32.0633 -1104.95 Orientation: 0.194318 0.0492712 0.201019 0.958856 Time: 39328725110453
Position: -87.3767 -32.6233 -1099.59 Orientation: 0.192685 0.0510049 0.198786 0.95956 Time: 39328816982299
Position: -92.03 -33.6767 -1091.35 Orientation: 0.188174 0.0527354 0.194008 0.961338 Time: 39328957386085
Position: -93.3767 -34.4567 -1086.48 Orientation: 0.185548 0.0547377 0.193149 0.961909 Time: 39329061844877
Position: -95.9233 -34.59 -1077.92 Orientation: 0.180577 0.0546697 0.192177 0.963053 Time: 39329206955174
Position: -100.133 -34.61 -1069.86 Orientation: 0.178049 0.0586717 0.18985 0.96375 Time: 39329363212974
Position: -102.883 -34.8433 -1063.2 Orientation: 0.177583 0.0642725 0.188617 0.96372 Time: 39329507644802
Position: -103.91 -35.1233 -1059.58 Orientation: 0.177652 0.0679736 0.188386 0.963499 Time: 39329597626478
Position: -106.143 -35.3833 -1054.18 Orientation: 0.175112 0.0674714 0.186146 0.964434 Time: 39329738167516
Position: -109.457 -35.69 -1049.42 Orientation: 0.17228 0.0694054 0.183348 0.965342 Time: 39329880611082
Position: -115.287 -36.0333 -1042.18 Orientation: 0.169711 0.0742381 0.178412 0.966362 Time: 39330021642769
Position: -121.997 -36.15 -1035.54 Orientation: 0.168381 0.0783067 0.172482 0.96735 Time: 39330163140013
Position: -125.727 -36.03 -1032.17 Orientation: 0.167844 0.0803385 0.168977 0.967895 Time: 39330252956112
Position: -129.453 -34.8233 -1028.61 Orientation: 0.165413 0.0818063 0.165013 0.968874 Time: 39330392380499
Position: -130.293 -32.4733 -1029.55 Orientation: 0.166209 0.0822044 0.164342 0.968818 Time: 39330517357235
Position: -128.767 -28.6367 -1034.14 Orientation: 0.168412 0.0779388 0.164278 0.968801 Time: 39330674564588
Position: -124.593 -23.8967 -1041.89 Orientation: 0.173148 0.072306 0.166947 0.967946 Time: 39330818638266
Position: -121.283 -21.0833 -1046.53 Orientation: 0.175581 0.0684057 0.169314 0.96738 Time: 39330907808973
Position: -117.25 -16.97 -1052.28 Orientation: 0.17888 0.0634381 0.17238 0.966573 Time: 39331048126643
Position: -114.92 -12.6567 -1057.18 Orientation: 0.182316 0.0601387 0.174916 0.965686 Time: 39331189744981
Position: -114.323 -10.77 -1058.98 Orientation: 0.182814 0.0574044 0.17538 0.965674 Time: 39331282391488
Position: -112.603 -6.66333 -1063.24 Orientation: 0.186013 0.0553706 0.176546 0.964969 Time: 39331423019782
Position: -110.22 -1.61 -1070.93 Orientation: 0.193712 0.0523366 0.178511 0.96326 Time: 39331565585963
Position: -107.13 2.73667 -1078.33 Orientation: 0.200415 0.0537708 0.183481 0.960873 Time: 39331703234999
Position: -105.593 5.31 -1082.32 Orientation: 0.203777 0.0534695 0.18521 0.959851 Time: 39331796405424
Position: -103.42 9.46667 -1089.21 Orientation: 0.211616 0.0549708 0.187414 0.957639 Time: 39331937251763
Position: -102.59 11.8833 -1092.64 Orientation: 0.213913 0.0540701 0.187345 0.957193 Time: 39332082130898
Position: -101.733 14.1167 -1095.09 Orientation: 0.213978 0.0525027 0.187943 0.957149 Time: 39332171182032
Position: -98.9567 17.8533 -1099.92 Orientation: 0.217755 0.0517717 0.190852 0.95576 Time: 39332311282036
Position: -96.1267 21.98 -1105 Orientation: 0.221019 0.0507043 0.19295 0.954647 Time: 39332454671352
Position: -93.7233 25.08 -1108.95 Orientation: 0.224047 0.0503363 0.194278 0.95369 Time: 39332544857577
Position: -91.8867 29.6167 -1114.74 Orientation: 0.228255 0.0499713 0.192585 0.953055 Time: 39332686297221
Position: -90.5233 34.16 -1119.91 Orientation: 0.233184 0.048637 0.192548 0.951938 Time: 39332829661633
Position: -88.7867 37.5267 -1123.17 Orientation: 0.235546 0.0456357 0.19331 0.95135 Time: 39332919751857
Position: -86.9167 41.1567 -1127.11 Orientation: 0.239554 0.0429371 0.194084 0.950317 Time: 39333061105765
Position: -86.2367 43.1633 -1128.1 Orientation: 0.241679 0.045169 0.196477 0.949183 Time: 39333202686844
Position: -87.4033 43.1467 -1125.96 Orientation: 0.241384 0.0489036 0.197615 0.948836 Time: 39333294293691
Position: -90.7267 41.1533 -1118.44 Orientation: 0.235353 0.0546379 0.197416 0.950079 Time: 39333434352253
Position: -95.76 39.0467 -1108.45 Orientation: 0.22599 0.058506 0.194286 0.952764 Time: 39333579202873
Position: -100.51 37.7867 -1101.3 Orientation: 0.221049 0.0625377 0.191647 0.9542 Time: 39333668809100
Position: -107.08 37.0067 -1092.99 Orientation: 0.213615 0.0659045 0.187446 0.956498 Time: 39333809029058
Position: -111.137 36.7667 -1088.85 Orientation: 0.21045 0.066072 0.183548 0.957943 Time: 39333912955568
Position: -116.463 36.35 -1082.03 Orientation: 0.205917 0.0626719 0.176848 0.960414 Time: 39334058858966
Position: -121.583 35.8067 -1074.72 Orientation: 0.199548 0.0637379 0.172913 0.962403 Time: 39334201929293
Position: -125.197 35.3467 -1069.43 Orientation: 0.19475 0.0654722 0.169848 0.963814 Time: 39334292555981
Position: -129.623 35.0167 -1062.81 Orientation: 0.191942 0.0661031 0.165374 0.965111 Time: 39334433753056
Position: -132.453 34.65 -1058.03 Orientation: 0.189951 0.0671728 0.163281 0.965788 Time: 39334575432417
Position: -134.303 34.3433 -1054.41 Orientation: 0.187981 0.0674053 0.162179 0.966342 Time: 39334667835595
Position: -138.227 33.6733 -1047.1 Orientation: 0.181215 0.062705 0.156746 0.968845 Time: 39334807533346
Position: -142.167 32.9533 -1039.86 Orientation: 0.176745 0.063404 0.152543 0.970295 Time: 39334951833815
Position: -145.327 32.51 -1035.11 Orientation: 0.173016 0.0645726 0.149547 0.971356 Time: 39335041655996
Position: -149.357 32.0733 -1027.48 Orientation: 0.166017 0.0641064 0.144314 0.973397 Time: 39335181902568
Position: -154.02 31.79 -1021.11 Orientation: 0.161017 0.0632067 0.138981 0.975071 Time: 39335324596496
Position: -157.54 31.4667 -1016.94 Orientation: 0.159382 0.0650398 0.135347 0.97573 Time: 39335415945947
Position: -162.57 30.5167 -1009.8 Orientation: 0.154612 0.064205 0.12901 0.977409 Time: 39335559028060
Position: -166.323 29.91 -1004.79 Orientation: 0.151078 0.0675385 0.12591 0.978141 Time: 39335699247067
Position: -168.88 30.3267 -1001.05 Orientation: 0.146912 0.067839 0.122277 0.979215 Time: 39335840022880
Position: -169.36 31.56 -1001.43 Orientation: 0.147444 0.0696053 0.121776 0.979074 Time: 39335979372367
Position: -168.873 33.0567 -1003.2 Orientation: 0.148777 0.067838 0.121475 0.979034 Time: 39336070972180
Position: -167.053 37.1633 -1009.39 Orientation: 0.15391 0.0681713 0.123742 0.977933 Time: 39336214935600
Position: -165.36 42.8033 -1017.59 Orientation: 0.160173 0.0690695 0.126272 0.97654 Time: 39336354218932
Position: -163.42 49.2367 -1026.27 Orientation: 0.16698 0.0680053 0.128043 0.975243 Time: 39336496637974
Position: -161.3 53.2933 -1031.44 Orientation: 0.171177 0.0651373 0.129441 0.974526 Time: 39336586892064
Position: -158.72 57.5967 -1036.87 Orientation: 0.175546 0.0622044 0.130976 0.973735 Time: 39336725909065
Position: -155.87 62.1067 -1042.71 Orientation: 0.181609 0.059003 0.133473 0.972482 Time: 39336868388179
Position: -153.743 65.44 -1047.15 Orientation: 0.186511 0.0570367 0.135741 0.971357 Time: 39336959730977
Position: -150.293 70.1967 -1053.79 Orientation: 0.194081 0.0557709 0.139544 0.969407 Time: 39337094820117
Position: -148.127 73.73 -1058.42 Orientation: 0.198419 0.0558387 0.14228 0.968126 Time: 39337225339049
Position: -145.677 78.4567 -1064.32 Orientation: 0.204117 0.0534377 0.145179 0.966646 Time: 39337368409376
Position: -141.613 83.87 -1071.72 Orientation: 0.211353 0.0531051 0.150714 0.964259 Time: 39337509544288
Position: -138.023 88.79 -1078.06 Orientation: 0.218083 0.050737 0.153978 0.96237 Time: 39337649179306
Position: -136.81 91.7433 -1081.26 Orientation: 0.220919 0.0499044 0.155114 0.961584 Time: 39337739674825
Position: -136.047 96.2533 -1085.09 Orientation: 0.221711 0.045969 0.155208 0.961583 Time: 39337881352854
Position: -135.893 98.4233 -1086.95 Orientation: 0.221011 0.0435688 0.155674 0.96178 Time: 39337984461932
Position: -133.227 102.053 -1092.2 Orientation: 0.225789 0.0455712 0.158616 0.960096 Time: 39338130303356
Position: -130.94 103.893 -1095.31 Orientation: 0.228645 0.046069 0.160708 0.959048 Time: 39338273232629
Position: -129.857 106.377 -1097.97 Orientation: 0.231238 0.0502011 0.16267 0.957887 Time: 39338364209292
Position: -131.48 109.873 -1098.34 Orientation: 0.232814 0.0510697 0.16031 0.957857 Time: 39338505296489
Position: -133.38 109.903 -1095.65 Orientation: 0.231515 0.0534369 0.157777 0.958463 Time: 39338648894155
Position: -133.95 108.05 -1092 Orientation: 0.228554 0.0537049 0.156581 0.959355 Time: 39338739165735
Position: -136.74 105.76 -1085.79 Orientation: 0.222274 0.0569019 0.153772 0.961099 Time: 39338879790987
Position: -139.64 104.04 -1079.11 Orientation: 0.217083 0.0570709 0.149778 0.962904 Time: 39339020283169
Position: -141.24 101.127 -1069.59 Orientation: 0.210883 0.0618715 0.148112 0.964242 Time: 39339179474603
Position: -144.387 98.1633 -1057.63 Orientation: 0.202514 0.0670046 0.144543 0.966233 Time: 39339317838418
Position: -146.787 95.7267 -1049.26 Orientation: 0.195945 0.0681041 0.141275 0.967992 Time: 39339409012785
Position: -151.39 93.7133 -1038.18 Orientation: 0.188081 0.0693386 0.136544 0.970141 Time: 39339550258717
Position: -158.883 94.7133 -1027.32 Orientation: 0.182681 0.0756726 0.134077 0.971043 Time: 39339692240907
Position: -165.747 94.7667 -1017.7 Orientation: 0.177512 0.0803722 0.127309 0.972534 Time: 39339832404405
Position: -168.083 94.6867 -1013.49 Orientation: 0.173678 0.0805386 0.124075 0.97363 Time: 39339933564571
Position: -175.89 95.9867 -1004.61 Orientation: 0.166579 0.084006 0.116008 0.97557 Time: 39340080565990
Position: -180.83 97.0967 -999.23 Orientation: 0.163513 0.087107 0.111476 0.976345 Time: 39340224641950
Position: -185.523 97.76 -993.747 Orientation: 0.160786 0.0866106 0.10598 0.977453 Time: 39340315361026
Position: -190.33 97.23 -985.353 Orientation: 0.155314 0.0892746 0.101042 0.978621 Time: 39340454648350
Position: -192.403 96.3233 -979.22 Orientation: 0.151408 0.0928051 0.100239 0.978987 Time: 39340595070195
Position: -192.417 96.4633 -977.853 Orientation: 0.150809 0.0948725 0.101406 0.978761 Time: 39340689085427
Position: -190.493 97.6967 -979.69 Orientation: 0.152971 0.0945693 0.104203 0.978161 Time: 39340830034040
Position: -188.653 98.9 -983.167 Orientation: 0.156342 0.0941387 0.107106 0.977355 Time: 39340972853815
Position: -186.283 100.277 -987.713 Orientation: 0.161078 0.0943402 0.110941 0.976138 Time: 39341063142504
Position: -182.623 103.523 -994.883 Orientation: 0.166612 0.0967403 0.115842 0.974404 Time: 39341219041394
Position: -180.59 106.657 -999.613 Orientation: 0.169984 0.096943 0.118912 0.973431 Time: 39341313610959
Position: -177.32 111.793 -1008.35 Orientation: 0.179214 0.0938741 0.123443 0.97151 Time: 39341452980787
Position: -172.39 116.787 -1018.85 Orientation: 0.189712 0.0903723 0.128475 0.969194 Time: 39341596605258
Position: -169.36 120.247 -1025.48 Orientation: 0.195011 0.0882048 0.131374 0.967952 Time: 39341687711949
Position: -165.703 125.88 -1034.71 Orientation: 0.200984 0.0827737 0.134245 0.966816 Time: 39341827877539
Position: -163.503 129.85 -1040.98 Orientation: 0.205148 0.0793392 0.13561 0.966038 Time: 39341972134094
Position: -161.183 133.977 -1047.46 Orientation: 0.209849 0.0760058 0.136944 0.965108 Time: 39342061283699
Position: -158.527 140.033 -1056.23 Orientation: 0.214946 0.0717375 0.138041 0.964156 Time: 39342201363553
Position: -156.38 145.727 -1064.32 Orientation: 0.221919 0.0690059 0.139379 0.962582 Time: 39342343794952
Position: -154.52 149.167 -1069.12 Orientation: 0.226851 0.0688386 0.141911 0.961073 Time: 39342437353372
Position: -152.747 153.157 -1072.9 Orientation: 0.229221 0.0670395 0.142913 0.960489 Time: 39342576585187
Position: -152.367 154.597 -1072.43 Orientation: 0.22902 0.0684727 0.143479 0.960351 Time: 39342723816247
Position: -153.24 154.903 -1070.15 Orientation: 0.229253 0.0705728 0.143212 0.960184 Time: 39342858985040
Position: -153.993 154.63 -1066.4 Orientation: 0.226383 0.0716051 0.142444 0.960902 Time: 39343000632084
Position: -154.953 153.66 -1057.81 Orientation: 0.218719 0.070706 0.141045 0.962948 Time: 39343141363413
Position: -157.267 152.463 -1051.95 Orientation: 0.214514 0.0708378 0.137509 0.964395 Time: 39343231342807
Position: -161.72 150.407 -1042.73 Orientation: 0.204943 0.0744367 0.132206 0.966943 Time: 39343372222035
Position: -166.137 147.877 -1032.76 Orientation: 0.196149 0.0762059 0.12661 0.969375 Time: 39343529805216
Position: -169.693 145.673 -1023.99 Orientation: 0.19005 0.0820407 0.123978 0.970453 Time: 39343668161617
Position: -171.46 144.457 -1018.51 Orientation: 0.186611 0.0841051 0.122807 0.971093 Time: 39343762214109
Position: -174.17 141.67 -1010.01 Orientation: 0.179479 0.0851056 0.119475 0.972764 Time: 39343902239974
Position: -176.23 139.153 -1003 Orientation: 0.173545 0.0886393 0.117775 0.973732 Time: 39344006479010
Position: -180.447 135.067 -990.213 Orientation: 0.161981 0.0939083 0.112777 0.97582 Time: 39344152508634
Position: -183.313 133.067 -982.827 Orientation: 0.155649 0.0970429 0.109678 0.976897 Time: 39344256235538
Position: -186.663 131.247 -975.153 Orientation: 0.148981 0.100776 0.106944 0.977861 Time: 39344401351729
Position: -189.14 129.64 -969.093 Orientation: 0.146408 0.100772 0.104106 0.978556 Time: 39344541989338
Position: -192.147 127.933 -961.903 Orientation: 0.139747 0.0976762 0.10041 0.980229 Time: 39344686611077
Position: -195.487 126.97 -955.937 Orientation: 0.134306 0.0951713 0.0969714 0.981581 Time: 39344826645687
Position: -196.82 126.857 -954.277 Orientation: 0.132675 0.094973 0.0955064 0.981965 Time: 39344916743894
Position: -198.293 126.857 -952.38 Orientation: 0.129811 0.094008 0.0936747 0.982617 Time: 39345056165239
Position: -198.07 127.593 -954.087 Orientation: 0.128509 0.0922063 0.0932397 0.983 Time: 39345229288580
Position: -198.187 129.38 -956.243 Orientation: 0.12841 0.089607 0.0915738 0.98341 Time: 39345322096102
Position: -198.563 132.76 -960.34 Orientation: 0.131209 0.089073 0.0899731 0.983237 Time: 39345462274808
Position: -197.743 136.863 -966.823 Orientation: 0.134541 0.0874382 0.0893717 0.982988 Time: 39345605000673
Position: -196.537 139.237 -971.433 Orientation: 0.138372 0.0866699 0.0903367 0.982436 Time: 39345696949511
Position: -193.86 142.547 -978.287 Orientation: 0.143677 0.0846727 0.0926066 0.981637 Time: 39345837352726
Position: -191.22 146.957 -985.903 Orientation: 0.149442 0.0830716 0.0956057 0.980625 Time: 39345981060841
Position: -189.87 149.743 -990.957 Orientation: 0.154707 0.0814371 0.0973045 0.979778 Time: 39346070732843
Position: -187.837 153.27 -998.587 Orientation: 0.163515 0.0803742 0.100043 0.978159 Time: 39346211306958
Position: -184.747 157.613 -1007.73 Orientation: 0.172241 0.0782369 0.103771 0.976444 Time: 39346355357254
Position: -182.623 160.86 -1014.02 Orientation: 0.17811 0.0754042 0.105873 0.975388 Time: 39346445558877
Position: -179.487 165.633 -1022.44 Orientation: 0.187414 0.0738723 0.110842 0.973208 Time: 39346585617630
Position: -177.5 168.49 -1027.74 Orientation: 0.192985 0.0740069 0.114444 0.971691 Time: 39346689739943
Position: -174.78 172.593 -1034.63 Orientation: 0.199541 0.0703693 0.117238 0.970303 Time: 39346835163527
Position: -173.297 176.397 -1039.21 Orientation: 0.204444 0.0716039 0.12054 0.968786 Time: 39346979157933
Position: -173.1 178.537 -1040.66 Orientation: 0.205748 0.0728386 0.122509 0.96817 Time: 39347069478749
Position: -172.267 180.61 -1041.64 Orientation: 0.207116 0.0711053 0.123309 0.967906 Time: 39347209374775
Position: -166.57 181.753 -1041.64 Orientation: 0.207512 0.0710709 0.129674 0.966991 Time: 39347355604005
Position: -156.723 180.787 -1042.4 Orientation: 0.212082 0.072872 0.136877 0.964871 Time: 39347494812818
Position: -143.913 179.413 -1041.65 Orientation: 0.211917 0.071839 0.148212 0.963309 Time: 39347632562798
Position: -136.233 178.643 -1041.79 Orientation: 0.21152 0.0698398 0.154281 0.96259 Time: 39347723988669
Position: -129.543 178.047 -1042.36 Orientation: 0.212181 0.0709047 0.15921 0.961563 Time: 39347864398537
Position: -123.843 177.747 -1039.96 Orientation: 0.208688 0.067407 0.161883 0.962133 Time: 39348005368632
Position: -119.357 177.093 -1038.91 Orientation: 0.207842 0.0672362 0.163774 0.962008 Time: 39348149089104
Position: -116.293 176.807 -1038.6 Orientation: 0.206916 0.0665717 0.165612 0.961939 Time: 39348285309153
Position: -114.467 176.293 -1038.01 Orientation: 0.204916 0.0653383 0.166646 0.962273 Time: 39348378854076
Position: -113.2 175.577 -1037.72 Orientation: 0.204015 0.065038 0.167312 0.962369 Time: 39348483335490
Position: -111.153 174.303 -1037.11 Orientation: 0.201607 0.0612354 0.167272 0.963133 Time: 39348629414921
Position: -110.603 173.193 -1037.26 Orientation: 0.201513 0.0601707 0.166244 0.963397 Time: 39348770248714
Position: -110.893 172.907 -1037.03 Orientation: 0.202741 0.0587689 0.16444 0.963536 Time: 39348863420279
Position: -111.837 172.06 -1035.57 Orientation: 0.201814 0.0602708 0.160311 0.964333 Time: 39349003988311
Position: -113.58 169.71 -1032.35 Orientation: 0.199249 0.0640385 0.158779 0.964877 Time: 39349147733686
Position: -114.61 167.577 -1029.52 Orientation: 0.195879 0.0666041 0.158577 0.965427 Time: 39349238063056
Position: -115.64 161.917 -1022.56 Orientation: 0.189311 0.0691705 0.157775 0.966687 Time: 39349428492590
Position: -116.673 159.32 -1018.58 Orientation: 0.185009 0.0692369 0.156741 0.967683 Time: 39349527812201
Position: -118.93 153.043 -1009.12 Orientation: 0.177148 0.0708723 0.153346 0.969578 Time: 39349673511430
Position: -120.053 149.097 -1003.57 Orientation: 0.171909 0.0732707 0.152642 0.970453 Time: 39349777251832
Position: -121.947 143.85 -996.4 Orientation: 0.165516 0.077741 0.152348 0.971262 Time: 39349926452145
Position: -123.627 139.733 -991.173 Orientation: 0.161115 0.0796742 0.150981 0.972059 Time: 39350064516171
Position: -124.867 134.483 -983.883 Orientation: 0.155008 0.080504 0.150774 0.973015 Time: 39350209176880
Position: -125.837 130.457 -978.67 Orientation: 0.15038 0.0821741 0.150214 0.973688 Time: 39350297979172
Position: -127.79 125.087 -972.01 Orientation: 0.145448 0.0870419 0.148815 0.974229 Time: 39350438243614
Position: -129.463 122.117 -968.14 Orientation: 0.143712 0.0896076 0.147312 0.974483 Time: 39350541849234
Position: -132.37 118.16 -963.39 Orientation: 0.143041 0.0931717 0.145275 0.974553 Time: 39350688690968
Position: -135.9 114.413 -959.077 Orientation: 0.14178 0.0966756 0.14238 0.974823 Time: 39350830265203
Position: -137.383 112.127 -956.69 Orientation: 0.140811 0.100174 0.141244 0.974776 Time: 39350921871289
Position: -139.527 109.447 -954.867 Orientation: 0.141643 0.10354 0.137543 0.974833 Time: 39351062621818
Position: -143.41 107.433 -952.19 Orientation: 0.140705 0.10487 0.132671 0.975501 Time: 39351203897215
Position: -150.453 105.517 -950.003 Orientation: 0.142914 0.108744 0.125079 0.975759 Time: 39351347236724
Position: -153.487 104.737 -948.35 Orientation: 0.142842 0.109507 0.122908 0.97596 Time: 39351436675663
Position: -152.89 103.4 -947.453 Orientation: 0.139444 0.108342 0.12401 0.976442 Time: 39351577987940
Position: -147.387 102.697 -952.447 Orientation: 0.140976 0.105774 0.130208 0.975696 Time: 39351720138180
Position: -145.04 103.19 -956.353 Orientation: 0.143037 0.102769 0.132137 0.975458 Time: 39351811729818
Position: -139.833 106.113 -966.02 Orientation: 0.147344 0.0947069 0.137177 0.974937 Time: 39351952299181
Position: -133.117 107.603 -978.673 Orientation: 0.156209 0.0894383 0.144775 0.972954 Time: 39352092534918
Position: -128.503 107.537 -986.437 Orientation: 0.161177 0.085039 0.149877 0.971765 Time: 39352195863941
Position: -122.447 107.553 -998.023 Orientation: 0.168544 0.0792051 0.15691 0.969896 Time: 39352342840267
Position: -116.053 107.357 -1008.57 Orientation: 0.176583 0.0773405 0.165082 0.967256 Time: 39352485964582
Position: -112.013 107.793 -1014.82 Orientation: 0.180846 0.076072 0.170279 0.965667 Time: 39352575858052
Position: -107.267 109.383 -1024.06 Orientation: 0.187642 0.0734701 0.176175 0.963512 Time: 39352716501934
Position: -104.007 110.523 -1031.06 Orientation: 0.194451 0.0723732 0.180616 0.96142 Time: 39352858608451
Position: -100.65 111.303 -1038.13 Orientation: 0.200888 0.0717742 0.185719 0.959167 Time: 39352949903533
Position: -96.4967 111.5 -1046.68 Orientation: 0.208148 0.0689716 0.190914 0.956802 Time: 39353090509395
Position: -93.42 111.31 -1052.17 Orientation: 0.20942 0.0658396 0.194485 0.956025 Time: 39353245921247
Position: -92.4067 111.343 -1055.16 Orientation: 0.20812 0.0617392 0.194118 0.956657 Time: 39353329288561
Position: -90.91 111.707 -1061.03 Orientation: 0.211782 0.0599044 0.195914 0.955603 Time: 39353465398923
Position: -90.2033 111.563 -1063.73 Orientation: 0.214023 0.0599398 0.196721 0.954936 Time: 39353612146367
Position: -90.2933 110.58 -1063.83 Orientation: 0.213844 0.0609364 0.19671 0.954915 Time: 39353701940984
Position: -91.3033 108.213 -1059.53 Orientation: 0.210409 0.0633361 0.195309 0.955809 Time: 39353839578424
Position: -94.4567 104.597 -1053.8 Orientation: 0.205454 0.0673066 0.190952 0.957495 Time: 39353984011963
Position: -97.54 101.72 -1048.95 Orientation: 0.201146 0.0704712 0.187679 0.958828 Time: 39354073469912
Position: -101.013 96.56 -1040.99 Orientation: 0.194284 0.0725732 0.182483 0.961086 Time: 39354213433805
Position: -102.18 93.0467 -1036.51 Orientation: 0.189584 0.0760402 0.181616 0.961921 Time: 39354356153966
Position: -103.12 89.7467 -1032.53 Orientation: 0.187281 0.0783726 0.180614 0.962373 Time: 39354448037790
Position: -106.41 85.4933 -1025.82 Orientation: 0.183216 0.0819073 0.177616 0.963419 Time: 39354588157754
Position: -110.3 82.5233 -1019.12 Orientation: 0.179048 0.0832402 0.173081 0.964912 Time: 39354745076154
Position: -113.083 79.3433 -1012.83 Orientation: 0.174807 0.0844366 0.169973 0.966138 Time: 39354887991550
Position: -114.74 76.81 -1008.18 Orientation: 0.17074 0.0857035 0.16834 0.967039 Time: 39354977948893
Position: -116.283 73.3533 -1002.28 Orientation: 0.16761 0.0870719 0.16761 0.967591 Time: 39355118356100
Position: -118.22 70.4867 -996.553 Orientation: 0.163212 0.0893732 0.165645 0.968471 Time: 39355263308234
Position: -119.487 69.11 -993.93 Orientation: 0.161182 0.0908086 0.164582 0.968859 Time: 39355352427233
Position: -122.393 66.2367 -988.953 Orientation: 0.157976 0.0946391 0.161977 0.969459 Time: 39355493335355
Position: -125.047 63.9733 -984.597 Orientation: 0.156313 0.0978083 0.159147 0.969882 Time: 39355634512660
Position: -126.697 62.6467 -981.88 Orientation: 0.153651 0.100112 0.157885 0.970279 Time: 39355727214106
Position: -128.457 60.74 -978.287 Orientation: 0.150577 0.10264 0.156011 0.9708 Time: 39355870373591
Position: -130.243 59.4767 -976.013 Orientation: 0.14848 0.105809 0.154747 0.970985 Time: 39356008930548
Position: -132.397 58.8633 -974.517 Orientation: 0.148212 0.107975 0.152079 0.971209 Time: 39356151861341
Position: -134.213 58.6 -974.827 Orientation: 0.150516 0.110745 0.149982 0.970869 Time: 39356241917727
Position: -135.643 58.5567 -973.653 Orientation: 0.14901 0.113241 0.148343 0.971065 Time: 39356382778134
Position: -134.19 58.54 -976.073 Orientation: 0.149913 0.11271 0.149446 0.970818 Time: 39356539822571
Position: -129.68 59.1033 -983.313 Orientation: 0.154244 0.108541 0.153578 0.96997 Time: 39356682731692
Position: -125.807 59.2533 -989.627 Orientation: 0.158447 0.106309 0.15768 0.968881 Time: 39356772060563
Position: -120.11 59.5667 -999.21 Orientation: 0.163377 0.100973 0.163144 0.967728 Time: 39356912862039
Position: -116.773 60.11 -1005.45 Orientation: 0.167216 0.0982759 0.166616 0.966757 Time: 39357056601710
Position: -114.247 60.38 -1012.17 Orientation: 0.171881 0.0942078 0.168714 0.96598 Time: 39357146963588
Position: -111.433 61.03 -1022.49 Orientation: 0.177409 0.0888047 0.171409 0.965017 Time: 39357286322960
Position: -108.227 61.2833 -1033.31 Orientation: 0.182881 0.0791395 0.17138 0.964842 Time: 39357427612234
Position: -102.953 61.5133 -1043.78 Orientation: 0.189112 0.075505 0.176012 0.963097 Time: 39357568498685
Position: -99.97 62.0433 -1052.35 Orientation: 0.193648 0.0729724 0.177547 0.962108 Time: 39357711322832
Position: -99.27 62.4067 -1056.51 Orientation: 0.196214 0.071405 0.177579 0.9617 Time: 39357801695735
Position: -97.8133 62.8233 -1064.36 Orientation: 0.200548 0.0683051 0.17718 0.961105 Time: 39357941935844
Position: -95.9633 63.56 -1071.88 Orientation: 0.204418 0.0664391 0.178816 0.960117 Time: 39358085129546
Position: -94.6933 64.8833 -1078.36 Orientation: 0.204845 0.0614368 0.180444 0.960054 Time: 39358224050736
Position: -93.6467 66.21 -1084.78 Orientation: 0.204913 0.0542035 0.181578 0.960261 Time: 39358367772728
Position: -93.3233 66.7467 -1088.93 Orientation: 0.207649 0.0542709 0.182781 0.959441 Time: 39358507901248
Position: -93.6867 66.1767 -1089.96 Orientation: 0.209213 0.0535366 0.182345 0.959226 Time: 39358597606328
Position: -94.86 63.0967 -1088.56 Orientation: 0.20961 0.0555359 0.181542 0.959178 Time: 39358737478021
Position: -96.85 58.1633 -1083.66 Orientation: 0.206246 0.0607037 0.180311 0.959826 Time: 39358878793149
Position: -98.4467 54.7633 -1080.1 Orientation: 0.204514 0.0629709 0.178812 0.960331 Time: 39358970920491
Position: -99.72 49.6567 -1075.73 Orientation: 0.201883 0.0661054 0.177548 0.960911 Time: 39359111701056
Position: -100.687 45.3433 -1071.93 Orientation: 0.197844 0.0689704 0.17681 0.961686 Time: 39359254208305
Position: -102.797 40.5067 -1067.01 Orientation: 0.195248 0.0735389 0.17538 0.962139 Time: 39359395033544
Position: -104.37 37.16 -1063.87 Orientation: 0.193215 0.0770392 0.17448 0.96244 Time: 39359485887592
Position: -105.867 32.96 -1060.49 Orientation: 0.190647 0.0787724 0.173413 0.963004 Time: 39359626699333
Position: -108.433 29.3733 -1057.68 Orientation: 0.187615 0.0791398 0.170747 0.964045 Time: 39359771010447
Position: -110.777 26.7733 -1055.37 Orientation: 0.184882 0.0799733 0.167847 0.965013 Time: 39359860421061
Position: -112.897 23.1867 -1052.13 Orientation: 0.181176 0.0794375 0.164409 0.966351 Time: 39360000264999
Position: -114.633 18.62 -1048.49 Orientation: 0.177582 0.0808068 0.16198 0.967315 Time: 39360141819654
Position: -116.177 15.0933 -1045.3 Orientation: 0.174581 0.0810399 0.159546 0.968245 Time: 39360234927916
Position: -119.11 9.86333 -1040.61 Orientation: 0.170682 0.0811075 0.155514 0.96959 Time: 39360375636432
Position: -122.227 5 -1036.1 Orientation: 0.16628 0.0840735 0.152512 0.970578 Time: 39360519021376
Position: -125.397 1.23667 -1032.17 Orientation: 0.163442 0.0855713 0.149575 0.971386 Time: 39360659877791
Position: -126.977 -0.716667 -1030.59 Orientation: 0.163341 0.0872708 0.147874 0.971513 Time: 39360749547322
Position: -130.517 -5.41667 -1026.46 Orientation: 0.16281 0.0895055 0.143009 0.972127 Time: 39360893037962
Position: -132.9 -9.15333 -1022.5 Orientation: 0.160874 0.092571 0.14084 0.972478 Time: 39361031065489
Position: -133.82 -11.7367 -1019.93 Orientation: 0.158976 0.0933722 0.139842 0.972858 Time: 39361174604984
Position: -134.243 -13.3333 -1019.08 Orientation: 0.158742 0.0952386 0.138408 0.97292 Time: 39361265160194
Position: -133.503 -14.7667 -1020.14 Orientation: 0.158414 0.0954748 0.137945 0.973016 Time: 39361405144997
Position: -130.527 -14.8 -1024.69 Orientation: 0.160547 0.0923413 0.139712 0.972717 Time: 39361549209361
Position: -123.823 -14.47 -1034.71 Orientation: 0.165213 0.0888404 0.144845 0.97151 Time: 39361689146069
Position: -115.443 -13.26 -1050.38 Orientation: 0.173715 0.0852073 0.15268 0.96915 Time: 39361876196564
Position: -110.547 -11.8267 -1062.43 Orientation: 0.180915 0.0805065 0.155546 0.967778 Time: 39362013997681
Position: -106.667 -11.2167 -1070.51 Orientation: 0.18545 0.0791071 0.158714 0.96652 Time: 39362107467324
Position: -102.797 -11.0533 -1078.34 Orientation: 0.189415 0.0789061 0.162479 0.965141 Time: 39362249028632
Position: -97.3033 -11.0833 -1090.5 Orientation: 0.196716 0.0788065 0.167581 0.962813 Time: 39362389341359
Position: -92.74 -10.3067 -1102.36 Orientation: 0.204549 0.0797395 0.172447 0.960241 Time: 39362528248482
Position: -89.7567 -9.09667 -1112.76 Orientation: 0.209515 0.0762722 0.175113 0.958969 Time: 39362668909093
Position: -87.12 -8.53333 -1119.23 Orientation: 0.210385 0.0733398 0.177049 0.958652 Time: 39362762264296
Position: -81.0267 -7.11 -1129.9 Orientation: 0.215926 0.0684415 0.180622 0.957114 Time: 39362902437869
Position: -77.1933 -5.74 -1137.95 Orientation: 0.221787 0.066506 0.183717 0.95532 Time: 39363044328431
Position: -75.6033 -5.10667 -1141.98 Orientation: 0.223579 0.0663703 0.185744 0.954519 Time: 39363136903651
Position: -75.07 -4.86333 -1145.2 Orientation: 0.226054 0.067573 0.186917 0.953622 Time: 39363277153835
Position: -77.1633 -5.54333 -1143.33 Orientation: 0.225612 0.0676704 0.185043 0.954085 Time: 39363420741426
Position: -79.8033 -7.47667 -1138.77 Orientation: 0.223117 0.0696386 0.182747 0.954973 Time: 39363511048934
Position: -83.0933 -12.4067 -1129.66 Orientation: 0.217622 0.0723072 0.179651 0.956628 Time: 39363651620959
Position: -84.42 -15.4833 -1124.45 Orientation: 0.213987 0.0731404 0.178184 0.957659 Time: 39363755599557
Position: -90.59 -22.4067 -1111.31 Orientation: 0.20572 0.072907 0.17175 0.960659 Time: 39363900630582
Position: -93.7433 -24.2167 -1107.05 Orientation: 0.203085 0.0750067 0.169148 0.961519 Time: 39364004135259
Position: -99.9033 -29.52 -1095.61 Orientation: 0.195578 0.078438 0.16361 0.963757 Time: 39364150378366
Position: -101.527 -33.4267 -1089.34 Orientation: 0.190779 0.080872 0.162944 0.964631 Time: 39364295977602
Position: -102.397 -36.5267 -1084.87 Orientation: 0.188079 0.0805721 0.162078 0.965332 Time: 39364385316928
Position: -103.843 -40.9767 -1078.75 Orientation: 0.186848 0.0864735 0.162179 0.965043 Time: 39364525088439
Position: -106.647 -46.44 -1070.7 Orientation: 0.180941 0.087637 0.158907 0.966607 Time: 39364666696512
Position: -108.533 -50.56 -1065.43 Orientation: 0.17901 0.0880384 0.156909 0.967256 Time: 39364758750095
Position: -111.203 -55.2533 -1058.79 Orientation: 0.175216 0.0884413 0.154381 0.96832 Time: 39364900709664
Position: -112.287 -57.09 -1056.19 Orientation: 0.173547 0.0905737 0.153845 0.968509 Time: 39365003121452
Position: -114.22 -61.38 -1050.13 Orientation: 0.169115 0.0914414 0.150613 0.969719 Time: 39365149041008
Position: -115.423 -63.5767 -1046.28 Orientation: 0.165452 0.0942771 0.14935 0.970274 Time: 39365289938484
Position: -116.03 -65.7833 -1043.31 Orientation: 0.162449 0.0984761 0.149381 0.97036 Time: 39365434170136
Position: -115.033 -66.1833 -1044.01 Orientation: 0.162883 0.0970764 0.149582 0.970397 Time: 39365523527902
Position: -109.743 -65.3367 -1052.3 Orientation: 0.168449 0.0935418 0.153881 0.969121 Time: 39365663866673
Position: -99.56 -64.1167 -1065.88 Orientation: 0.176986 0.0880762 0.162684 0.966671 Time: 39365807873246
Position: -91.5967 -62.9667 -1077.38 Orientation: 0.181651 0.0821747 0.168883 0.965261 Time: 39365948648678
Position: -86.2133 -62.1233 -1085.53 Orientation: 0.186049 0.076373 0.172014 0.964346 Time: 39366038794982
Position: -78.89 -61.2367 -1097.95 Orientation: 0.191713 0.0701048 0.176512 0.962899 Time: 39366178595958
Position: -72.9767 -59.4967 -1110.76 Orientation: 0.200245 0.0685038 0.181643 0.96032 Time: 39366321482648
Position: -69.1867 -57.62 -1119.86 Orientation: 0.206419 0.0671394 0.185417 0.958386 Time: 39366412756058
Position: -64.27 -55.09 -1133.87 Orientation: 0.215053 0.061939 0.187717 0.956388 Time: 39366552543346
Position: -61.4967 -54.26 -1141.4 Orientation: 0.219258 0.0606403 0.187921 0.955476 Time: 39366656358267
Position: -54.6533 -53.7533 -1153.98 Orientation: 0.225648 0.054837 0.190313 0.953864 Time: 39366803110844
Position: -53.13 -53.35 -1160.32 Orientation: 0.228975 0.054202 0.189507 0.953268 Time: 39366906483211
Position: -52.18 -50.95 -1169.17 Orientation: 0.235715 0.0525034 0.187946 0.952028 Time: 39367055093261
Position: -52.8033 -50.2767 -1170.96 Orientation: 0.237211 0.0532025 0.187642 0.951678 Time: 39367199978480
Position: -54.0867 -52.46 -1169.23 Orientation: 0.236454 0.0541381 0.187283 0.951884 Time: 39367366679460
Position: -57.8167 -57.51 -1161.71 Orientation: 0.231122 0.0577055 0.184851 0.953458 Time: 39367508224039
Position: -60.4667 -60.25 -1157.3 Orientation: 0.229785 0.0586712 0.181981 0.954274 Time: 39367598314263
Position: -63.6467 -64.9567 -1149.11 Orientation: 0.224448 0.061504 0.179712 0.955795 Time: 39367739192159
Position: -67.16 -71.4167 -1138.23 Orientation: 0.217983 0.0655716 0.177647 0.957406 Time: 39367880305970
Position: -69.4867 -75.5933 -1131.02 Orientation: 0.213855 0.0675068 0.175684 0.958563 Time: 39367972543761
Position: -71.77 -81.3 -1121.04 Orientation: 0.206518 0.0719062 0.174782 0.960016 Time: 39368113446941
Position: -73.14 -86.6733 -1112.56 Orientation: 0.201152 0.0762405 0.17495 0.96079 Time: 39368256166532
Position: -74.2567 -89.5167 -1107.62 Orientation: 0.198382 0.0778394 0.174013 0.961408 Time: 39368346993015
Position: -76.73 -92.7167 -1100.64 Orientation: 0.19371 0.0813376 0.172276 0.962383 Time: 39368488573714
Position: -80.28 -95.8967 -1092.59 Orientation: 0.188684 0.0836412 0.168849 0.963791 Time: 39368629800064
Position: -83.38 -97.4267 -1087.57 Orientation: 0.185078 0.0858387 0.166177 0.964761 Time: 39368722364828
Position: -87.6367 -99.36 -1080.64 Orientation: 0.181516 0.0914748 0.163248 0.965419 Time: 39368861976274
Position: -89.6367 -101.717 -1075.22 Orientation: 0.178812 0.0930397 0.161511 0.966066 Time: 39369003733006
Position: -89.63 -103.007 -1073.17 Orientation: 0.178546 0.0936735 0.161412 0.966071 Time: 39369096118695
Position: -89.53 -103.84 -1071.22 Orientation: 0.177649 0.0924417 0.161015 0.966421 Time: 39369237271857
Position: -88.7633 -103.66 -1070.84 Orientation: 0.177247 0.0912735 0.161612 0.966506 Time: 39369377747690
Position: -86.25 -103.05 -1069.92 Orientation: 0.177281 0.0906741 0.164247 0.966112 Time: 39369469982630
Position: -77.2667 -104.047 -1067.87 Orientation: 0.181109 0.0944047 0.170375 0.963981 Time: 39369611211452
Position: -69.1233 -105.417 -1065.67 Orientation: 0.179949 0.0951419 0.176883 0.962953 Time: 39369715095379
Position: -57.4567 -107.44 -1062.43 Orientation: 0.178115 0.0953414 0.183782 0.961982 Time: 39369860244267
Position: -50.2867 -107.867 -1060.53 Orientation: 0.174553 0.0940771 0.189721 0.961606 Time: 39370004083171
Position: -46.0333 -107.967 -1059.33 Orientation: 0.173248 0.0912079 0.192583 0.96155 Time: 39370156701114
Position: -43.5233 -108.45 -1058.3 Orientation: 0.171878 0.0916726 0.194679 0.961329 Time: 39370250766532
Position: -42.1633 -108.953 -1057.97 Orientation: 0.171805 0.0907362 0.19534 0.961297 Time: 39370390565797
Position: -40.5267 -108.843 -1058.56 Orientation: 0.172315 0.0897744 0.19655 0.961049 Time: 39370532667752
Position: -39.4033 -108.51 -1059.17 Orientation: 0.172348 0.0900744 0.19785 0.960749 Time: 39370625038994
Position: -38.4 -108.033 -1060.14 Orientation: 0.173579 0.0891066 0.197915 0.960604 Time: 39370765033112
Position: -37.7933 -107.527 -1060.62 Orientation: 0.173883 0.0895082 0.198352 0.960422 Time: 39370910176677
Position: -36.8133 -106.83 -1061.77 Orientation: 0.174047 0.0897735 0.199449 0.96014 Time: 39370999849629
Position: -34.95 -105.347 -1064.7 Orientation: 0.175405 0.087736 0.200339 0.959896 Time: 39371139785007
Position: -32.3833 -102.833 -1070.09 Orientation: 0.178744 0.0848051 0.202179 0.959157 Time: 39371284535254
Position: -30.1833 -100.68 -1074.42 Orientation: 0.18141 0.0821713 0.203745 0.958554 Time: 39371374316373
Position: -25.8633 -96.6267 -1083.52 Orientation: 0.187181 0.078706 0.207449 0.95694 Time: 39371513558834
Position: -21.0467 -91.0333 -1095.29 Orientation: 0.195651 0.0747734 0.211586 0.954652 Time: 39371657839152
Position: -18.1667 -87.25 -1102.7 Orientation: 0.200619 0.07174 0.21382 0.953355 Time: 39371748626284
Position: -15.17 -83.1567 -1110.78 Orientation: 0.205912 0.0680705 0.215779 0.952054 Time: 39371889849974
Position: -11.9167 -78.9733 -1118.92 Orientation: 0.212123 0.0643736 0.218457 0.950335 Time: 39372028666038
Position: -9.23 -74.5233 -1127.34 Orientation: 0.218613 0.0622369 0.220979 0.948421 Time: 39372169239583
Position: -6.71667 -70.26 -1134.98 Orientation: 0.225247 0.0607704 0.222847 0.946525 Time: 39372312848085
Position: -4.84 -67.94 -1139.12 Orientation: 0.229179 0.0581032 0.223679 0.945552 Time: 39372401782307
Position: 0.253333 -63.3567 -1147.15 Orientation: 0.23585 0.0539705 0.227116 0.943335 Time: 39372545859597
Position: 3.42333 -60.44 -1152.09 Orientation: 0.239612 0.0519025 0.229278 0.941979 Time: 39372685175056
Position: 7.56 -55.64 -1159.63 Orientation: 0.245355 0.0492042 0.232387 0.939881 Time: 39372828163450
Position: 10.0267 -52.3933 -1164.46 Orientation: 0.249953 0.0479037 0.233985 0.938339 Time: 39372917410577
Position: 13.5167 -48.0233 -1170.28 Orientation: 0.254263 0.0457386 0.236427 0.936675 Time: 39373058681221
Position: 16.54 -44.6767 -1173.83 Orientation: 0.257056 0.0433371 0.237921 0.935648 Time: 39373202132701
Position: 17.6467 -43.27 -1174.3 Orientation: 0.257815 0.0432692 0.239181 0.935121 Time: 39373291642167
Position: 17.2867 -43 -1172.73 Orientation: 0.256943 0.0427683 0.239109 0.935403 Time: 39373432917563
Position: 14.2767 -43.95 -1165.8 Orientation: 0.253526 0.0473049 0.238658 0.936231 Time: 39373576903225
Position: 11.1 -45.2 -1159.1 Orientation: 0.249387 0.0517709 0.237853 0.937311 Time: 39373666252437
Position: 7.86333 -47.1067 -1148.68 Orientation: 0.243515 0.0577701 0.237381 0.938623 Time: 39373807234318
Position: 3.35667 -49.33 -1138.1 Orientation: 0.238587 0.0638056 0.235587 0.939949 Time: 39373949051502
Position: 0.136667 -51.1167 -1130.64 Orientation: 0.234419 0.0673055 0.233753 0.941211 Time: 39374040516913
Position: -2.42667 -52.88 -1122.9 Orientation: 0.229619 0.0726061 0.232486 0.942313 Time: 39374181576355
Position: -5.18667 -54.8933 -1114.79 Orientation: 0.224016 0.0762056 0.230617 0.943835 Time: 39374286701260
Position: -8.94667 -58.2667 -1103.9 Orientation: 0.215947 0.0798385 0.227948 0.946061 Time: 39374430161674
Position: -12.6267 -60.2667 -1094.62 Orientation: 0.209446 0.0826719 0.225381 0.947893 Time: 39374574300367
Position: -15.8667 -61.03 -1089.11 Orientation: 0.205884 0.0838403 0.222519 0.949246 Time: 39374664924013
Position: -19.4967 -61.6 -1083.26 Orientation: 0.20412 0.0881753 0.220122 0.949793 Time: 39374806212717
Position: -23.1667 -62.8333 -1075.38 Orientation: 0.20005 0.0920076 0.217151 0.950978 Time: 39374946687980
Position: -25.4533 -63.7733 -1070.58 Orientation: 0.197912 0.0960723 0.215546 0.951389 Time: 39375039410147
Position: -29.79 -65.1633 -1062.62 Orientation: 0.193347 0.0983071 0.211215 0.953069 Time: 39375179981791
Position: -36.08 -66.1167 -1053.28 Orientation: 0.187948 0.102575 0.205216 0.955008 Time: 39375322512613
Position: -41.7133 -66.4233 -1044.4 Orientation: 0.183548 0.108609 0.200449 0.956208 Time: 39375464557157
Position: -45.42 -66.8033 -1038.81 Orientation: 0.180113 0.109308 0.196014 0.9577 Time: 39375554374966
Position: -51.19 -66.8733 -1030.67 Orientation: 0.174144 0.107973 0.189178 0.960327 Time: 39375695072647
Position: -55.3967 -67.28 -1024.39 Orientation: 0.167811 0.0950397 0.183946 0.963831 Time: 39375837529139
Position: -56.1333 -67.72 -1022.43 Orientation: 0.16658 0.0983079 0.183281 0.963844 Time: 39375929119067
Position: -57.79 -68.1867 -1018.72 Orientation: 0.163242 0.0952716 0.180643 0.965217 Time: 39376068857310
Position: -59.0267 -67.1733 -1017.78 Orientation: 0.161411 0.0945729 0.179012 0.965897 Time: 39376217368128
Position: -58.9267 -65.0333 -1020.49 Orientation: 0.162812 0.0917067 0.17848 0.966037 Time: 39376303088888
Position: -59.0967 -59.08 -1028.1 Orientation: 0.165977 0.0805385 0.177745 0.966629 Time: 39376446766967
Position: -58.35 -53.3667 -1037.34 Orientation: 0.173349 0.076707 0.178783 0.965455 Time: 39376587920699
Position: -56.3 -46.89 -1047.91 Orientation: 0.180745 0.0750716 0.181612 0.963697 Time: 39376724564293
Position: -52.2033 -39.81 -1059.9 Orientation: 0.189844 0.0722041 0.186544 0.961222 Time: 39376868940232
Position: -48.9233 -35.16 -1067.92 Orientation: 0.197384 0.0689727 0.189383 0.959383 Time: 39376958206939
Position: -44.69 -27.89 -1079.25 Orientation: 0.207721 0.0641065 0.19292 0.95683 Time: 39377098745316
Position: -41.2833 -21.0767 -1090.33 Orientation: 0.217516 0.0612711 0.195714 0.954269 Time: 39377242868231
Position: -39.87 -18.47 -1094.17 Orientation: 0.220752 0.0586051 0.19625 0.953583 Time: 39377333007310
Position: -37.3867 -14.0133 -1101.13 Orientation: 0.225943 0.0571357 0.198741 0.951939 Time: 39377473183734
Position: -35.23 -10.15 -1107.11 Orientation: 0.231079 0.0554363 0.200744 0.950385 Time: 39377632697008
Position: -33.6367 -7.24333 -1111.53 Orientation: 0.235344 0.0519357 0.201176 0.949444 Time: 39377787425449
Position: -30.7767 -5.11 -1115.55 Orientation: 0.238087 0.0514043 0.204184 0.948146 Time: 39377929931177
Position: -29.1167 -4.09667 -1117.88 Orientation: 0.24042 0.0520378 0.205918 0.947147 Time: 39378019016719
Position: -27.98 -2.93 -1119.81 Orientation: 0.241717 0.0514369 0.206914 0.946633 Time: 39378159768769
Position: -27.9133 -2.56333 -1120.49 Orientation: 0.242051 0.0518038 0.207182 0.946469 Time: 39378262979740
Position: -28.37 -3.44667 -1120.89 Orientation: 0.24248 0.0526695 0.206845 0.946385 Time: 39378409197943
