Position: -138.087 67.0067 -946.667 Orientation: -0.155783 0.117713 -0.0601731 0.978905 Time: 38859509351336
Position: -138.093 67.0067 -946.663 Orientation: -0.155583 0.117679 -0.0602065 0.978938 Time: 38859597323268
Position: -138.12 67.01 -946.683 Orientation: -0.155578 0.118275 -0.060171 0.97887 Time: 38859737270051
Position: -138.11 67.0067 -946.663 Orientation: -0.155547 0.11731 -0.0602387 0.978987 Time: 38859879374097
Position: -138.113 67.01 -946.663 Orientation: -0.155573 0.117405 -0.0602357 0.978971 Time: 38860019978058
Position: -138.1 67.01 -946.643 Orientation: -0.155637 0.11717 -0.0602015 0.978991 Time: 38860111596691
Position: -138.087 67.01 -946.653 Orientation: -0.155545 0.117142 -0.0602379 0.979007 Time: 38860251846494
Position: -138.08 67.0033 -946.64 Orientation: -0.155479 0.116909 -0.0602714 0.979043 Time: 38860393083491
Position: -138.083 67.0033 -946.657 Orientation: -0.155675 0.116573 -0.0602699 0.979052 Time: 38860532479933
Position: -138.107 67.0033 -946.67 Orientation: -0.155577 0.117507 -0.0601705 0.978962 Time: 38860675522695
Position: -138.117 67.0033 -946.68 Orientation: -0.155579 0.117376 -0.0602047 0.978976 Time: 38860766524452
Position: -138.123 67 -946.693 Orientation: -0.155374 0.118172 -0.0601696 0.978915 Time: 38860907311290
Position: -138.087 67.0067 -946.65 Orientation: -0.155649 0.116545 -0.060206 0.979064 Time: 38861052722136
Position: -138.09 67.0033 -946.663 Orientation: -0.155509 0.117373 -0.0601701 0.978989 Time: 38861144263398
Position: -138.083 67 -946.66 Orientation: -0.155445 0.117576 -0.0601713 0.978975 Time: 38861282092840
Position: -138.097 67 -946.67 Orientation: -0.155312 0.117709 -0.060238 0.978976 Time: 38861423491802
Position: -138.1 67 -946.677 Orientation: -0.155413 0.117543 -0.0601718 0.978984 Time: 38861515265367
Position: -138.113 67.0033 -946.683 Orientation: -0.155514 0.11771 -0.0601052 0.978952 Time: 38861655943277
Position: -138.12 67.0067 -946.697 Orientation: -0.15558 0.118477 -0.0601051 0.978849 Time: 38861800220174
Position: -138.117 67.0033 -946.687 Orientation: -0.155345 0.118309 -0.0601045 0.978907 Time: 38861889735343
Position: -138.11 67.0033 -946.7 Orientation: -0.155475 0.117707 -0.06017 0.978955 Time: 38862030509064
Position: -138.09 67 -946.67 Orientation: -0.155378 0.117708 -0.060171 0.97897 Time: 38862172811194
Position: -138.087 67 -946.667 Orientation: -0.155414 0.117477 -0.0602055 0.97899 Time: 38862305510200
Position: -138.09 67 -946.66 Orientation: -0.155447 0.117444 -0.0602054 0.978988 Time: 38862388955455
Position: -138.107 67 -946.667 Orientation: -0.155642 0.118073 -0.0601034 0.978888 Time: 38862529514933
Position: -138.12 67 -946.69 Orientation: -0.155411 0.118275 -0.0601041 0.9789 Time: 38862672065144
Position: -138.12 67 -946.687 Orientation: -0.155613 0.118476 -0.0600715 0.978846 Time: 38862763628268
Position: -138.11 67 -946.69 Orientation: -0.155375 0.118173 -0.0601032 0.978918 Time: 38862903686450
Position: -138.09 67 -946.683 Orientation: -0.155245 0.117576 -0.060138 0.979009 Time: 38863045894291
Position: -138.093 67 -946.697 Orientation: -0.155347 0.11791 -0.0601718 0.97895 Time: 38863168810336
Position: -138.09 67 -946.687 Orientation: -0.15555 0.117779 -0.0601396 0.978936 Time: 38863262384535
Position: -138.113 67 -946.7 Orientation: -0.155443 0.118541 -0.0601039 0.978863 Time: 38863402592136
Position: -138.11 66.9933 -946.67 Orientation: -0.155674 0.118106 -0.0600696 0.978881 Time: 38863544273588
Position: -138.107 67 -946.67 Orientation: -0.155512 0.117509 -0.0601711 0.978973 Time: 38863636913061
Position: -138.11 66.9967 -946.683 Orientation: -0.155577 0.117775 -0.0601041 0.978934 Time: 38863777372166
Position: -138.103 67 -946.697 Orientation: -0.155344 0.118342 -0.0601375 0.978901 Time: 38863922232861
Position: -138.097 67 -946.69 Orientation: -0.15541 0.118308 -0.0601039 0.978897 Time: 38864011367068
Position: -138.077 67 -946.653 Orientation: -0.155445 0.116742 -0.0601713 0.979075 Time: 38864151908486
Position: -138.087 67 -946.677 Orientation: -0.155482 0.116778 -0.0602391 0.979061 Time: 38864311492668
Position: -138.103 66.9933 -946.673 Orientation: -0.155245 0.117276 -0.0602046 0.979041 Time: 38864451037198
Position: -138.117 66.99 -946.677 Orientation: -0.155216 0.117979 -0.0601394 0.978965 Time: 38864542284755
Position: -138.113 66.9933 -946.687 Orientation: -0.155441 0.118106 -0.060103 0.978916 Time: 38864682495397
Position: -138.1 66.9933 -946.697 Orientation: -0.155308 0.117973 -0.0601033 0.978953 Time: 38864824246616
Position: -138.087 66.9933 -946.67 Orientation: -0.155406 0.117672 -0.0601025 0.978974 Time: 38864916358560
Position: -138.1 66.9967 -946.7 Orientation: -0.15531 0.118741 -0.0600373 0.978864 Time: 38865056401725
Position: -138.087 66.9967 -946.667 Orientation: -0.155406 0.117105 -0.0601358 0.97904 Time: 38865200097863
Position: -138.093 66.99 -946.65 Orientation: -0.155441 0.117572 -0.0601029 0.97898 Time: 38865290981186
Position: -138.113 66.9933 -946.683 Orientation: -0.155305 0.117571 -0.0601354 0.979 Time: 38865431396948
Position: -138.113 66.9967 -946.69 Orientation: -0.155545 0.117743 -0.0601047 0.978943 Time: 38865575227678
Position: -138.1 66.9967 -946.67 Orientation: -0.15544 0.117338 -0.0601358 0.979007 Time: 38865664637912
Position: -138.1 66.9933 -946.703 Orientation: -0.155542 0.11824 -0.0600367 0.978888 Time: 38865806275260
Position: -138.087 66.9967 -946.693 Orientation: -0.155239 0.117371 -0.0601687 0.979033 Time: 38865949431893
Position: -138.09 66.99 -946.703 Orientation: -0.15491 0.117841 -0.0601704 0.979028 Time: 38866039754610
Position: -138.103 66.9967 -946.703 Orientation: -0.155374 0.117939 -0.0600697 0.978949 Time: 38866179556536
Position: -138.12 66.9933 -946.71 Orientation: -0.155479 0.118976 -0.0600047 0.978811 Time: 38866323503037
Position: -138.117 66.9933 -946.693 Orientation: -0.155545 0.118042 -0.0600713 0.978909 Time: 38866416300105
Position: -138.103 66.9967 -946.683 Orientation: -0.155311 0.117242 -0.0601377 0.979038 Time: 38866554294744
Position: -138.097 66.99 -946.693 Orientation: -0.155444 0.117975 -0.0600708 0.978933 Time: 38866697562015
Position: -138.09 66.99 -946.693 Orientation: -0.155278 0.117875 -0.0601043 0.97897 Time: 38866854352097
Position: -138.1 66.99 -946.71 Orientation: -0.155148 0.118144 -0.0601056 0.978958 Time: 38866994957199
Position: -138.093 66.99 -946.677 Orientation: -0.155413 0.117343 -0.0601048 0.979012 Time: 38867084838882
Position: -138.12 66.9867 -946.693 Orientation: -0.155311 0.118708 -0.0600375 0.978868 Time: 38867225169098
Position: -138.113 66.99 -946.68 Orientation: -0.155444 0.117975 -0.0600375 0.978935 Time: 38867367734138
Position: -138.097 66.99 -946.65 Orientation: -0.155677 0.116841 -0.0601039 0.97903 Time: 38867458957932
Position: -138.103 66.9933 -946.7 Orientation: -0.155311 0.118109 -0.0600711 0.978938 Time: 38867599598963
Position: -138.09 66.99 -946.673 Orientation: -0.155107 0.117505 -0.0601025 0.979041 Time: 38867744045428
Position: -138.097 66.99 -946.69 Orientation: -0.155174 0.118239 -0.0600362 0.978946 Time: 38867833476763
Position: -138.097 66.9933 -946.7 Orientation: -0.15518 0.11791 -0.0600718 0.978983 Time: 38867973521829
Position: -138.1 66.99 -946.687 Orientation: -0.155344 0.117541 -0.0601041 0.978999 Time: 38868077001222
Position: -138.107 66.99 -946.69 Orientation: -0.155315 0.117345 -0.0601058 0.979027 Time: 38868223642780
Position: -138.117 66.9867 -946.683 Orientation: -0.155107 0.118072 -0.060036 0.978977 Time: 38868365109989
Position: -138.103 66.9867 -946.67 Orientation: -0.155308 0.118039 -0.0600364 0.978949 Time: 38868467676519
Position: -138.087 66.9867 -946.66 Orientation: -0.155307 0.117472 -0.0601361 0.979012 Time: 38868662198730
Position: -138.09 66.99 -946.677 Orientation: -0.155375 0.117607 -0.0600701 0.978989 Time: 38868754245280
Position: -138.09 66.99 -946.687 Orientation: -0.155245 0.117042 -0.0601378 0.979073 Time: 38868911457195
Position: -138.123 66.99 -946.723 Orientation: -0.155114 0.119078 -0.0600055 0.978856 Time: 38869003826916
Position: -138.12 66.99 -946.71 Orientation: -0.155146 0.117976 -0.0600716 0.97898 Time: 38869143794610
Position: -138.12 66.99 -946.71 Orientation: -0.155248 0.118044 -0.0600722 0.978956 Time: 38869286458692
Position: -138.11 66.99 -946.693 Orientation: -0.155108 0.117973 -0.06007 0.978987 Time: 38869377843121
Position: -138.103 66.99 -946.697 Orientation: -0.155241 0.118139 -0.0600695 0.978946 Time: 38869518030191
Position: -138.087 66.99 -946.683 Orientation: -0.155375 0.117673 -0.0600364 0.978983 Time: 38869661242333
Position: -138.09 66.99 -946.693 Orientation: -0.155276 0.117707 -0.0600703 0.978992 Time: 38869752642161
Position: -138.093 66.99 -946.663 Orientation: -0.155246 0.117276 -0.0601049 0.979047 Time: 38869892389528
Position: -138.117 66.9867 -946.713 Orientation: -0.155182 0.118612 -0.0600395 0.9789 Time: 38870037029136
Position: -138.113 66.9867 -946.683 Orientation: -0.155278 0.118175 -0.0600377 0.978938 Time: 38870126724901
Position: -138.103 66.99 -946.67 Orientation: -0.155511 0.117308 -0.0600709 0.979003 Time: 38870266988773
Position: -138.1 66.98 -946.683 Orientation: -0.155442 0.118074 -0.0600368 0.978924 Time: 38870411964859
Position: -138.093 66.9867 -946.7 Orientation: -0.155249 0.118012 -0.060006 0.978964 Time: 38870501427370
Position: -138.087 66.98 -946.667 Orientation: -0.155212 0.117675 -0.0600711 0.979006 Time: 38870640983686
Position: -138.087 66.9833 -946.673 Orientation: -0.155176 0.117541 -0.0600704 0.979028 Time: 38870745664516
Position: -138.113 66.9867 -946.727 Orientation: -0.154942 0.118474 -0.0600035 0.978957 Time: 38870891251396
Position: -138.113 66.9867 -946.707 Orientation: -0.155074 0.118105 -0.0600361 0.978978 Time: 38871034017942
Position: -138.117 66.99 -946.693 Orientation: -0.155243 0.118308 -0.0600038 0.978929 Time: 38871125636955
Position: -138.103 66.99 -946.7 Orientation: -0.155409 0.11784 -0.0600368 0.978957 Time: 38871266080091
Position: -138.09 66.9867 -946.69 Orientation: -0.155379 0.117676 -0.0600715 0.97898 Time: 38871412027212
Position: -138.087 66.9867 -946.69 Orientation: -0.155211 0.117708 -0.0601041 0.979 Time: 38871549531962
Position: -138.1 66.99 -946.7 Orientation: -0.155272 0.117937 -0.0600354 0.978967 Time: 38871688931446
Position: -138.107 66.9867 -946.687 Orientation: -0.155409 0.11844 -0.0599701 0.978889 Time: 38871825346919
Position: -138.12 66.9867 -946.69 Orientation: -0.155242 0.118374 -0.0599701 0.978923 Time: 38871953105968
Position: -138.11 66.99 -946.693 Orientation: -0.155108 0.117439 -0.0600698 0.979051 Time: 38872045856841
