Position: -153.14 34.64 -1088.01 Orientation: -0.149074 0.116772 -0.0516359 0.980548 Time: 39082827369970
Position: -153.14 34.64 -1088.03 Orientation: -0.148743 0.116508 -0.0516034 0.980632 Time: 39082965919894
Position: -153.143 34.6367 -1088.01 Orientation: -0.148844 0.116641 -0.0516035 0.980601 Time: 39083055031099
Position: -153.15 34.64 -1088.05 Orientation: -0.148648 0.117211 -0.0516383 0.980561 Time: 39083195843981
Position: -153.15 34.6367 -1088.03 Orientation: -0.148915 0.116845 -0.0516384 0.980564 Time: 39083445306994
Position: -153.143 34.6367 -1088.02 Orientation: -0.148782 0.116112 -0.0516721 0.980669 Time: 39083549080473
Position: -153.157 34.64 -1088.05 Orientation: -0.148547 0.11741 -0.0516046 0.980554 Time: 39083299256458
Position: -153.147 34.6367 -1088.02 Orientation: -0.149012 0.116876 -0.0516375 0.980545 Time: 39083694559946
Position: -153.143 34.64 -1088.04 Orientation: -0.148842 0.116674 -0.0516698 0.980593 Time: 39083839099371
Position: -153.143 34.64 -1088.06 Orientation: -0.148876 0.116608 -0.0516367 0.980598 Time: 39083931432592
Position: -153.16 34.64 -1088.05 Orientation: -0.148775 0.118273 -0.0515028 0.980421 Time: 39084069292830
Position: -153.147 34.6467 -1088.04 Orientation: -0.148709 0.116607 -0.0516363 0.980623 Time: 39084213117857
Position: -153.153 34.6433 -1088.04 Orientation: -0.14881 0.116675 -0.0516368 0.9806 Time: 39084303635998
Position: -153.16 34.6467 -1088.04 Orientation: -0.148738 0.117103 -0.0516015 0.980562 Time: 39084444851322
Position: -153.143 34.6467 -1088.03 Orientation: -0.148611 0.116042 -0.0516704 0.980704 Time: 39084587515214
Position: -153.153 34.6433 -1088.07 Orientation: -0.148677 0.117141 -0.0516035 0.980566 Time: 39084688182829
Position: -153.14 34.6367 -1088.05 Orientation: -0.148742 0.11654 -0.0516697 0.980624 Time: 39084833227542
Position: -153.143 34.64 -1088.05 Orientation: -0.148508 0.116873 -0.0516363 0.980622 Time: 39084978076831
Position: -153.15 34.6367 -1088.06 Orientation: -0.148773 0.117505 -0.0516022 0.980508 Time: 39085067698836
Position: -153.153 34.64 -1088.05 Orientation: -0.148645 0.116809 -0.0516373 0.980609 Time: 39085208205846
Position: -153.153 34.6367 -1088.03 Orientation: -0.148812 0.116843 -0.0516043 0.980581 Time: 39085311161132
Position: -153.123 34.64 -1087.97 Orientation: -0.148747 0.11451 -0.0518047 0.980856 Time: 39085457515638
Position: -153.14 34.6367 -1088.02 Orientation: -0.148578 0.115742 -0.051704 0.980742 Time: 39085601419177
Position: -153.143 34.64 -1088.02 Orientation: -0.148839 0.116871 -0.0516686 0.98057 Time: 39085701734345
Position: -153.14 34.64 -1088.03 Orientation: -0.14861 0.116941 -0.0516368 0.980599 Time: 39085865765361
Position: -153.143 34.64 -1088.03 Orientation: -0.148444 0.116542 -0.0516371 0.980671 Time: 39085960085514
Position: -153.147 34.64 -1088.04 Orientation: -0.148746 0.11661 -0.0516378 0.980617 Time: 39086097801466
Position: -153.153 34.6433 -1088.05 Orientation: -0.148779 0.116909 -0.0516041 0.980578 Time: 39086240688346
Position: -153.157 34.6367 -1088.04 Orientation: -0.148874 0.117339 -0.0515692 0.980515 Time: 39086331091665
Position: -153.15 34.6367 -1088.03 Orientation: -0.14884 0.116539 -0.0516357 0.980612 Time: 39086471132168
Position: -153.167 34.6433 -1088.07 Orientation: -0.148808 0.117973 -0.0515027 0.980452 Time: 39086616917893
Position: -153.163 34.6433 -1088.07 Orientation: -0.148709 0.118007 -0.0515698 0.980459 Time: 39086705736344
Position: -153.15 34.6333 -1088.05 Orientation: -0.148579 0.117143 -0.0516375 0.980579 Time: 39086846274910
Position: -153.157 34.64 -1088.03 Orientation: -0.148707 0.117839 -0.0515691 0.98048 Time: 39086988386940
Position: -153.16 34.6433 -1088.03 Orientation: -0.148544 0.117575 -0.0516036 0.980535 Time: 39087080225710
Position: -153.15 34.6433 -1088.03 Orientation: -0.148712 0.116676 -0.0516709 0.980613 Time: 39087220188651
Position: -153.15 34.65 -1088.03 Orientation: -0.148711 0.116442 -0.0516373 0.980642 Time: 39087361381734
Position: -153.16 34.6533 -1088.03 Orientation: -0.148806 0.117472 -0.0515689 0.980509 Time: 39087503464299
Position: -153.133 34.6467 -1087.97 Orientation: -0.14884 0.115372 -0.0517689 0.980743 Time: 39087644130423
Position: -153.163 34.64 -1088.04 Orientation: -0.148805 0.117837 -0.0515683 0.980465 Time: 39087785355252
Position: -153.143 34.6433 -1088.02 Orientation: -0.148877 0.116308 -0.0516368 0.980633 Time: 39087926307288
Position: -153.157 34.6467 -1088.04 Orientation: -0.148644 0.117142 -0.0516037 0.980571 Time: 39088016353409
Position: -153.15 34.6433 -1088.02 Orientation: -0.148778 0.116675 -0.0516371 0.980605 Time: 39088156720694
Position: -153.14 34.6533 -1088 Orientation: -0.148774 0.116273 -0.0516694 0.980651 Time: 39088331431566
Position: -153.14 34.6433 -1088.01 Orientation: -0.148805 0.116371 -0.0516685 0.980635 Time: 39088421219720
Position: -153.167 34.6367 -1088.06 Orientation: -0.148743 0.118775 -0.0515034 0.980365 Time: 39088561931658
Position: -153.14 34.6433 -1088.02 Orientation: -0.148875 0.116373 -0.0516697 0.980624 Time: 39088702700816
Position: -153.163 34.6333 -1088.06 Orientation: -0.148639 0.118004 -0.0515686 0.98047 Time: 39088843325689
Position: -153.153 34.64 -1088.03 Orientation: -0.148539 0.117271 -0.0516353 0.98057 Time: 39088946134407
Position: -153.15 34.6267 -1088.07 Orientation: -0.148678 0.116776 -0.051604 0.98061 Time: 39089092209465
Position: -153.15 34.64 -1088.04 Orientation: -0.148844 0.116608 -0.0516702 0.980601 Time: 39089233933119
Position: -153.143 34.64 -1088.03 Orientation: -0.14891 0.116574 -0.0516367 0.980597 Time: 39089326510620
Position: -153.147 34.6533 -1088.05 Orientation: -0.148909 0.117174 -0.0516032 0.980527 Time: 39089466387826
Position: -153.143 34.64 -1088.02 Orientation: -0.14881 0.116675 -0.0516368 0.9806 Time: 39089607835074
Position: -153.147 34.65 -1088 Orientation: -0.14904 0.117139 -0.0516024 0.980511 Time: 39089700925656
Position: -153.167 34.6433 -1088.07 Orientation: -0.148442 0.117507 -0.0516031 0.980558 Time: 39089841695956
Position: -153.147 34.64 -1088.01 Orientation: -0.149073 0.115972 -0.0516689 0.980642 Time: 39089983962157
Position: -153.17 34.6367 -1088.07 Orientation: -0.148774 0.118039 -0.0515691 0.980446 Time: 39090122575194
Position: -153.14 34.6433 -1088.05 Orientation: -0.148576 0.116441 -0.0516699 0.980661 Time: 39090266041311
Position: -153.137 34.6367 -1088.03 Orientation: -0.148809 0.11674 -0.0516697 0.980591 Time: 39090355618643
Position: -153.123 34.64 -1088.01 Orientation: -0.148979 0.115443 -0.0517044 0.980716 Time: 39090496127744
Position: -153.147 34.6367 -1088.03 Orientation: -0.148748 0.116511 -0.0516716 0.980627 Time: 39090656488677
Position: -153.137 34.6167 -1088.02 Orientation: -0.148979 0.115743 -0.0517043 0.980681 Time: 39090796810718
Position: -153.133 34.6033 -1088.01 Orientation: -0.148975 0.115706 -0.0517028 0.980686 Time: 39090886615791
Position: -153.157 34.6367 -1088.05 Orientation: -0.148541 0.116573 -0.0517026 0.980649 Time: 39091026558392
Position: -153.17 34.64 -1088.06 Orientation: -0.148912 0.118176 -0.0515041 0.980412 Time: 39091169641266
Position: -153.15 34.6233 -1088.06 Orientation: -0.148776 0.117341 -0.0516032 0.980527 Time: 39091310002278
Position: -153.147 34.63 -1088.05 Orientation: -0.148948 0.116812 -0.0516051 0.980564 Time: 39091465118334
Position: -153.157 34.63 -1088.08 Orientation: -0.148638 0.117737 -0.0516018 0.980501 Time: 39091607506200
Position: -153.15 34.6233 -1088.07 Orientation: -0.148607 0.115972 -0.0517023 0.980711 Time: 39091697517912
Position: -153.17 34.6333 -1088.07 Orientation: -0.148644 0.117741 -0.0515702 0.980501 Time: 39091838350374
Position: -153.147 34.63 -1088.04 Orientation: -0.148743 0.116208 -0.05167 0.980664 Time: 39091980337127
Position: -153.153 34.6433 -1088.04 Orientation: -0.148879 0.117043 -0.0516375 0.980546 Time: 39092071801209
Position: -153.177 34.63 -1088.09 Orientation: -0.148478 0.118775 -0.0515038 0.980405 Time: 39092212459159
Position: -153.153 34.63 -1088.04 Orientation: -0.148607 0.116838 -0.0516689 0.98061 Time: 39092355498880
Position: -153.16 34.63 -1088.06 Orientation: -0.148472 0.117937 -0.0516351 0.9805 Time: 39092456247477
Position: -153.167 34.63 -1088.07 Orientation: -0.148743 0.117674 -0.0515699 0.980494 Time: 39092602428611
Position: -153.14 34.63 -1087.98 Orientation: -0.14881 0.115208 -0.0517702 0.980766 Time: 39092746814435
Position: -153.153 34.6333 -1088.03 Orientation: -0.148781 0.116145 -0.0517384 0.980662 Time: 39092836312495
Position: -153.163 34.64 -1088.07 Orientation: -0.148842 0.117007 -0.051603 0.980557 Time: 39092977025004
Position: -153.147 34.61 -1088.05 Orientation: -0.148813 0.116777 -0.0516379 0.980587 Time: 39093119181137
Position: -153.143 34.61 -1088.05 Orientation: -0.148747 0.116844 -0.051638 0.980589 Time: 39093262589843
Position: -153.14 34.63 -1088.03 Orientation: -0.148879 0.116476 -0.0516708 0.980611 Time: 39093402173154
Position: -153.143 34.6267 -1088.04 Orientation: -0.148712 0.116976 -0.0516707 0.980577 Time: 39093491294625
Position: -153.14 34.6267 -1088.03 Orientation: -0.148611 0.116009 -0.0516706 0.980707 Time: 39093631767416
Position: -153.157 34.6233 -1088.03 Orientation: -0.148574 0.115972 -0.0517026 0.980716 Time: 39093775870180
Position: -153.163 34.63 -1088.03 Orientation: -0.148713 0.11721 -0.0516045 0.980552 Time: 39093866101458
Position: -153.153 34.6267 -1088.03 Orientation: -0.149015 0.116979 -0.0516053 0.980534 Time: 39094006113256
Position: -153.137 34.6367 -1088.03 Orientation: -0.148875 0.116074 -0.0517031 0.980658 Time: 39094149824603
Position: -153.143 34.64 -1088.05 Orientation: -0.14887 0.116436 -0.0516344 0.980619 Time: 39094240180017
Position: -153.157 34.6267 -1088.07 Orientation: -0.148641 0.117339 -0.0516025 0.980548 Time: 39094381007156
Position: -153.163 34.6367 -1088.03 Orientation: -0.148748 0.117345 -0.0516384 0.980529 Time: 39094523540449
Position: -153.163 34.6467 -1088.05 Orientation: -0.148639 0.116604 -0.0516351 0.980634 Time: 39094662556309
Position: -153.16 34.6667 -1088.05 Orientation: -0.148607 0.117706 -0.0515358 0.980513 Time: 39094756085454
Position: -153.137 34.6767 -1087.99 Orientation: -0.14934 0.117339 -0.0515357 0.980445 Time: 39094895517445
Position: -153.123 34.6733 -1088 Orientation: -0.14878 0.116277 -0.0516378 0.980652 Time: 39095037869952
Position: -153.12 34.6867 -1087.99 Orientation: -0.148911 0.116242 -0.051637 0.980636 Time: 39095180518635
Position: -153.13 34.6767 -1088 Orientation: -0.148945 0.117276 -0.0515375 0.980513 Time: 39095270247858
Position: -153.137 34.6733 -1088.02 Orientation: -0.148578 0.116909 -0.0515707 0.980611 Time: 39095410436449
Position: -153.133 34.67 -1088.02 Orientation: -0.148674 0.116139 -0.0516693 0.980682 Time: 39095514303268
