Position: -64.8767 -27.3667 -1146.76 Orientation: -0.142676 0.120208 -0.0526368 0.981032 Time: 38767653699710
Position: -64.84 -27.3733 -1146.71 Orientation: -0.142907 0.117806 -0.0528025 0.98128 Time: 38767795815161
Position: -64.8233 -27.38 -1146.73 Orientation: -0.142842 0.118341 -0.0527699 0.981227 Time: 38767936984102
Position: -64.81 -27.38 -1146.73 Orientation: -0.142943 0.119275 -0.052737 0.981101 Time: 38768087512838
Position: -64.8 -27.3867 -1146.71 Orientation: -0.142942 0.118207 -0.05277 0.981229 Time: 38768182532562
Position: -64.8233 -27.3767 -1146.72 Orientation: -0.142978 0.119176 -0.0527374 0.981108 Time: 38768325413929
Position: -64.8433 -27.3633 -1146.73 Orientation: -0.143006 0.119705 -0.0527022 0.981042 Time: 38768467106787
Position: -64.8333 -27.3767 -1146.72 Orientation: -0.143109 0.11744 -0.0528365 0.981293 Time: 38768605339432
Position: -64.82 -27.3867 -1146.74 Orientation: -0.142844 0.117375 -0.0528372 0.981339 Time: 38768699061909
Position: -64.82 -27.38 -1146.78 Orientation: -0.142708 0.119673 -0.052703 0.981089 Time: 38768838003250
Position: -64.7933 -27.3633 -1146.74 Orientation: -0.142744 0.119209 -0.0527039 0.98114 Time: 38768980166987
Position: -64.7867 -27.38 -1146.78 Orientation: -0.142746 0.119378 -0.0526381 0.981123 Time: 38769072040925
Position: -64.8 -27.36 -1146.72 Orientation: -0.142745 0.11861 -0.0527043 0.981212 Time: 38769211838670
Position: -64.8333 -27.3767 -1146.74 Orientation: -0.143111 0.119042 -0.0527039 0.981107 Time: 38769355426451
Position: -64.84 -27.37 -1146.68 Orientation: -0.143275 0.118107 -0.0528363 0.981189 Time: 38769493397518
Position: -64.8333 -27.36 -1146.72 Orientation: -0.142708 0.118807 -0.0527697 0.98119 Time: 38769633589341
Position: -64.8133 -27.33 -1146.73 Orientation: -0.142539 0.119472 -0.0526688 0.98114 Time: 38769727110501
Position: -64.7967 -27.3467 -1146.71 Orientation: -0.142976 0.120141 -0.0526367 0.980996 Time: 38769868035353
Position: -64.7867 -27.3467 -1146.71 Orientation: -0.14271 0.118741 -0.0527369 0.9812 Time: 38769971685266
Position: -64.8067 -27.3667 -1146.72 Orientation: -0.142945 0.11861 -0.0527377 0.981181 Time: 38770116997831
Position: -64.84 -27.3533 -1146.7 Orientation: -0.142874 0.118672 -0.0528026 0.981181 Time: 38770259613437
Position: -64.8433 -27.3467 -1146.7 Orientation: -0.142975 0.118207 -0.052803 0.981222 Time: 38770350580405
Position: -64.8433 -27.3467 -1146.69 Orientation: -0.142742 0.11764 -0.0528031 0.981324 Time: 38770491536813
Position: -64.84 -27.35 -1146.69 Orientation: -0.143039 0.118538 -0.0528021 0.981173 Time: 38770632763924
Position: -64.8267 -27.3567 -1146.73 Orientation: -0.14298 0.118744 -0.0528048 0.981157 Time: 38770725560040
Position: -64.8133 -27.36 -1146.71 Orientation: -0.142941 0.119106 -0.0527695 0.98112 Time: 38770865541042
Position: -64.8033 -27.3633 -1146.69 Orientation: -0.143045 0.118209 -0.0528042 0.981212 Time: 38771008087642
Position: -64.8133 -27.3633 -1146.68 Orientation: -0.142807 0.117906 -0.0528027 0.981283 Time: 38771100013667
Position: -64.84 -27.3733 -1146.72 Orientation: -0.142674 0.118606 -0.0527695 0.98122 Time: 38771240411940
Position: -64.8467 -27.3667 -1146.7 Orientation: -0.142842 0.118041 -0.0528033 0.981262 Time: 38771382803227
Position: -64.85 -27.3533 -1146.7 Orientation: -0.143146 0.118544 -0.0528048 0.981156 Time: 38771521120468
Position: -64.8267 -27.3633 -1146.7 Orientation: -0.143243 0.118908 -0.052737 0.981102 Time: 38771664052972
Position: -64.8 -27.35 -1146.67 Orientation: -0.143079 0.11781 -0.052838 0.981253 Time: 38771754903788
Position: -64.8167 -27.3633 -1146.75 Orientation: -0.142547 0.119311 -0.0526716 0.981158 Time: 38771899488837
Position: -64.8033 -27.3667 -1146.68 Orientation: -0.142912 0.117477 -0.0528711 0.981315 Time: 38772035401305
Position: -64.85 -27.3567 -1146.7 Orientation: -0.142876 0.118808 -0.0527702 0.981166 Time: 38772179830851
Position: -64.85 -27.3567 -1146.72 Orientation: -0.142908 0.118306 -0.0528029 0.98122 Time: 38772269440691
Position: -64.8633 -27.3533 -1146.73 Orientation: -0.142746 0.118778 -0.0527382 0.98119 Time: 38772410377518
Position: -64.84 -27.3567 -1146.74 Orientation: -0.143109 0.119674 -0.0527034 0.98103 Time: 38772551415099
Position: -64.8333 -27.3433 -1146.75 Orientation: -0.142944 0.120342 -0.0526707 0.980974 Time: 38772643911046
Position: -64.8 -27.35 -1146.68 Orientation: -0.142848 0.117979 -0.0528387 0.981266 Time: 38772785201081
Position: -64.8133 -27.3533 -1146.69 Orientation: -0.142908 0.118307 -0.0527696 0.981222 Time: 38772928909956
Position: -64.84 -27.35 -1146.72 Orientation: -0.142843 0.119175 -0.0526702 0.981132 Time: 38773018888971
Position: -64.8433 -27.35 -1146.72 Orientation: -0.143279 0.118711 -0.052738 0.981121 Time: 38773159314998
Position: -64.8333 -27.3567 -1146.72 Orientation: -0.142677 0.118442 -0.0527706 0.981239 Time: 38773302583410
Position: -64.8167 -27.3567 -1146.71 Orientation: -0.142972 0.118671 -0.0527686 0.981169 Time: 38773442330778
Position: -64.8033 -27.35 -1146.72 Orientation: -0.142842 0.11894 -0.0527364 0.981157 Time: 38773581566965
Position: -64.7967 -27.3533 -1146.74 Orientation: -0.142639 0.119071 -0.0527021 0.981172 Time: 38773674111958
Position: -64.8033 -27.3467 -1146.71 Orientation: -0.142976 0.119542 -0.0526703 0.981067 Time: 38773815335077
Position: -64.82 -27.34 -1146.69 Orientation: -0.142912 0.11891 -0.0527046 0.981152 Time: 38773954409108
Position: -64.8367 -27.3533 -1146.73 Orientation: -0.142674 0.118373 -0.052736 0.98125 Time: 38774099041493
Position: -64.8333 -27.34 -1146.71 Orientation: -0.142877 0.117942 -0.0527704 0.98127 Time: 38774188540693
Position: -64.8367 -27.35 -1146.74 Orientation: -0.142677 0.119042 -0.052737 0.981168 Time: 38774329230770
Position: -64.81 -27.3533 -1146.71 Orientation: -0.143542 0.118907 -0.0527697 0.981057 Time: 38774469742533
Position: -64.7967 -27.3467 -1146.72 Orientation: -0.143107 0.118972 -0.0527359 0.981114 Time: 38774612448056
Position: -64.7933 -27.3567 -1146.71 Orientation: -0.143011 0.118276 -0.0527376 0.981212 Time: 38774754292995
Position: -64.81 -27.3467 -1146.7 Orientation: -0.143146 0.118311 -0.0527381 0.981188 Time: 38774843895040
Position: -64.8267 -27.3567 -1146.72 Orientation: -0.142942 0.11824 -0.0527698 0.981225 Time: 38774985719828
Position: -64.84 -27.3633 -1146.72 Orientation: -0.14284 0.119039 -0.0527025 0.981147 Time: 38775124430006
Position: -64.82 -27.3467 -1146.68 Orientation: -0.14294 0.118072 -0.0527691 0.981245 Time: 38775266618076
Position: -64.7967 -27.36 -1146.69 Orientation: -0.143177 0.118142 -0.0527704 0.981202 Time: 38775359220480
Position: -64.7867 -27.3467 -1146.72 Orientation: -0.143012 0.118243 -0.052771 0.981214 Time: 38775548766046
Position: -64.7967 -27.3467 -1146.72 Orientation: -0.14281 0.118341 -0.0527369 0.981234 Time: 38775689759144
Position: -64.81 -27.3433 -1146.66 Orientation: -0.143344 0.117609 -0.0528372 0.981238 Time: 38775780241735
Position: -64.8533 -27.3533 -1146.73 Orientation: -0.142943 0.118441 -0.0528035 0.981199 Time: 38775919903557
Position: -64.8633 -27.3633 -1146.74 Orientation: -0.142945 0.119476 -0.052671 0.98108 Time: 38776064021529
Position: -64.84 -27.3533 -1146.69 Orientation: -0.142975 0.119041 -0.0527032 0.981127 Time: 38776203494011
Position: -64.8267 -27.36 -1146.73 Orientation: -0.142607 0.119306 -0.0527026 0.981148 Time: 38776304212953
Position: -64.8 -27.3567 -1146.7 Orientation: -0.143138 0.118171 -0.0528352 0.981201 Time: 38776450639887
Position: -64.8033 -27.38 -1146.73 Orientation: -0.143012 0.118777 -0.0527711 0.98115 Time: 38776593195992
Position: -64.83 -27.3567 -1146.7 Orientation: -0.142807 0.118206 -0.0527693 0.981249 Time: 38776733025294
Position: -64.84 -27.3567 -1146.7 Orientation: -0.142937 0.118236 -0.0527681 0.981226 Time: 38776874330916
Position: -64.82 -27.33 -1146.68 Orientation: -0.143077 0.118008 -0.052737 0.981235 Time: 38777013742756
Position: -64.8 -27.3133 -1146.6 Orientation: -0.143074 0.116439 -0.0528693 0.981416 Time: 38777105484384
Position: -64.7967 -27.3333 -1146.66 Orientation: -0.143073 0.117906 -0.0527691 0.981246 Time: 38777246704652
Position: -64.8033 -27.3133 -1146.66 Orientation: -0.142842 0.118674 -0.0527031 0.981191 Time: 38777404777152
Position: -64.8233 -27.3267 -1146.68 Orientation: -0.143043 0.118341 -0.0528034 0.981196 Time: 38777545521408
Position: -64.8267 -27.3333 -1146.66 Orientation: -0.142879 0.118044 -0.0528713 0.981252 Time: 38777645782778
Position: -64.86 -27.33 -1146.71 Orientation: -0.142875 0.118607 -0.0527697 0.98119 Time: 38777791949844
Position: -64.8433 -27.34 -1146.69 Orientation: -0.143045 0.117343 -0.0529042 0.98131 Time: 38777934721333
Position: -64.85 -27.3267 -1146.69 Orientation: -0.142838 0.118004 -0.0528018 0.981267 Time: 38778026757618
Position: -64.84 -27.3367 -1146.71 Orientation: -0.14288 0.119177 -0.0527381 0.981122 Time: 38778166952862
Position: -64.8133 -27.33 -1146.69 Orientation: -0.142845 0.118176 -0.0528042 0.981245 Time: 38778309378748
Position: -64.8167 -27.3367 -1146.72 Orientation: -0.142841 0.118373 -0.052803 0.981222 Time: 38778450342950
Position: -64.8367 -27.35 -1146.72 Orientation: -0.143007 0.118506 -0.0527694 0.981183 Time: 38778590843687
Position: -64.8667 -27.35 -1146.77 Orientation: -0.142773 0.120005 -0.0526356 0.981042 Time: 38778692175133
Position: -64.8533 -27.35 -1146.69 Orientation: -0.142846 0.118677 -0.052738 0.981188 Time: 38778837615255
Position: -64.8533 -27.3367 -1146.68 Orientation: -0.143012 0.118777 -0.0527379 0.981151 Time: 38778980163946
Position: -64.8133 -27.34 -1146.68 Orientation: -0.142875 0.11774 -0.0528032 0.981293 Time: 38779118478335
Position: -64.8267 -27.34 -1146.71 Orientation: -0.142877 0.119642 -0.0527037 0.981068 Time: 38779259867222
Position: -64.8133 -27.3367 -1146.67 Orientation: -0.142974 0.118272 -0.0528026 0.981215 Time: 38779351333584
Position: -64.85 -27.3367 -1146.73 Orientation: -0.142812 0.119577 -0.0527046 0.981085 Time: 38779492613543
Position: -64.8567 -27.3167 -1146.65 Orientation: -0.143109 0.118007 -0.0528365 0.981225 Time: 38779634691355
Position: -64.88 -27.3367 -1146.74 Orientation: -0.142776 0.119775 -0.0527036 0.981066 Time: 38779726499138
Position: -64.86 -27.3167 -1146.68 Orientation: -0.142907 0.11834 -0.0527694 0.981218 Time: 38779866717765
Position: -64.84 -27.3267 -1146.71 Orientation: -0.142875 0.118907 -0.0527363 0.981156 Time: 38780009822120
Position: -64.8167 -27.3333 -1146.67 Orientation: -0.143014 0.118945 -0.0527386 0.981131 Time: 38780152183752
Position: -64.8167 -27.3333 -1146.67 Orientation: -0.143146 0.118577 -0.0527714 0.981154 Time: 38780242039962
Position: -64.8233 -27.33 -1146.67 Orientation: -0.14311 0.118241 -0.0528035 0.981198 Time: 38780381872685
Position: -64.86 -27.33 -1146.72 Orientation: -0.142776 0.119241 -0.0527367 0.98113 Time: 38780525960431
