Position: -100.823 -94.5267 -1057.39 Orientation: -0.152379 0.11541 -0.0550712 0.980014 Time: 38803781962146
Position: -100.803 -94.5933 -1057.43 Orientation: -0.151476 0.114407 -0.0546701 0.980294 Time: 38803954866871
Position: -100.803 -94.6067 -1057.5 Orientation: -0.151006 0.115638 -0.0544021 0.980238 Time: 38804095666826
Position: -100.757 -94.62 -1057.48 Orientation: -0.150877 0.114774 -0.0543036 0.980364 Time: 38804518613420
Position: -100.75 -94.6333 -1057.48 Orientation: -0.150743 0.114674 -0.0543035 0.980397 Time: 38804374944276
Position: -100.763 -94.64 -1057.5 Orientation: -0.150709 0.114407 -0.0544034 0.980427 Time: 38804237207603
Position: -100.76 -94.6 -1057.46 Orientation: -0.15101 0.114575 -0.0543037 0.980367 Time: 38804608238658
Position: -100.773 -94.61 -1057.5 Orientation: -0.150576 0.11494 -0.05427 0.980393 Time: 38804748939000
Position: -100.793 -94.6233 -1057.49 Orientation: -0.150444 0.114742 -0.0542705 0.980436 Time: 38804891596999
Position: -100.793 -94.6467 -1057.5 Orientation: -0.150678 0.115008 -0.0542373 0.980371 Time: 38804985616983
Position: -100.777 -94.6367 -1057.49 Orientation: -0.150811 0.115108 -0.0542373 0.980339 Time: 38805123151199
Position: -100.74 -94.65 -1057.51 Orientation: -0.150506 0.113738 -0.0543023 0.980542 Time: 38805266254794
Position: -100.747 -94.6367 -1057.5 Orientation: -0.150407 0.114472 -0.0542357 0.980476 Time: 38805403836915
Position: -100.757 -94.65 -1057.5 Orientation: -0.150573 0.114871 -0.0542021 0.980405 Time: 38805508198185
Position: -100.78 -94.6433 -1057.52 Orientation: -0.150344 0.115208 -0.0541705 0.980403 Time: 38805652699590
Position: -100.8 -94.6467 -1057.53 Orientation: -0.150312 0.115443 -0.0541711 0.98038 Time: 38805795654526
Position: -100.79 -94.6467 -1057.5 Orientation: -0.150378 0.114542 -0.0542041 0.980474 Time: 38805886934970
Position: -100.77 -94.6433 -1057.5 Orientation: -0.150811 0.114575 -0.0542039 0.980403 Time: 38806040479464
Position: -100.753 -94.6467 -1057.51 Orientation: -0.150412 0.114476 -0.0542042 0.980476 Time: 38806183766696
Position: -100.75 -94.6533 -1057.51 Orientation: -0.150513 0.114843 -0.0542047 0.980418 Time: 38806326699960
Position: -100.767 -94.6467 -1057.54 Orientation: -0.150247 0.114877 -0.0542049 0.980454 Time: 38806464256038
Position: -100.783 -94.65 -1057.53 Orientation: -0.15021 0.115441 -0.0541369 0.980398 Time: 38806558242184
Position: -100.787 -94.6433 -1057.5 Orientation: -0.150609 0.114673 -0.0542031 0.980423 Time: 38806699204865
Position: -100.79 -94.6467 -1057.51 Orientation: -0.15061 0.114875 -0.0541704 0.980401 Time: 38806843850937
Position: -100.78 -94.65 -1057.52 Orientation: -0.150411 0.115375 -0.0541374 0.980374 Time: 38806982697797
Position: -100.76 -94.65 -1057.5 Orientation: -0.150581 0.115011 -0.0541384 0.980391 Time: 38807073182860
Position: -100.747 -94.6567 -1057.5 Orientation: -0.150612 0.114809 -0.0541708 0.980408 Time: 38807212920153
Position: -100.76 -94.65 -1057.53 Orientation: -0.150216 0.115379 -0.0541058 0.980406 Time: 38807317333130
Position: -100.75 -94.6533 -1057.5 Orientation: -0.15031 0.112941 -0.0543036 0.980664 Time: 38807462905562
Position: -100.773 -94.65 -1057.5 Orientation: -0.150273 0.113805 -0.0542356 0.980574 Time: 38807566826559
Position: -100.783 -94.6533 -1057.49 Orientation: -0.15051 0.114474 -0.0541702 0.980463 Time: 38807712464386
Position: -100.783 -94.65 -1057.48 Orientation: -0.150675 0.114639 -0.0541695 0.980419 Time: 38807815607872
Position: -100.77 -94.66 -1057.53 Orientation: -0.150378 0.115442 -0.0541041 0.980374 Time: 38807961814670
Position: -100.753 -94.66 -1057.5 Orientation: -0.150612 0.115409 -0.0540709 0.980343 Time: 38808105449786
Position: -100.747 -94.65 -1057.51 Orientation: -0.150709 0.115107 -0.0541367 0.98036 Time: 38808245896534
Position: -100.763 -94.65 -1057.5 Orientation: -0.150276 0.114774 -0.0541702 0.980464 Time: 38808386954646
Position: -100.777 -94.65 -1057.51 Orientation: -0.15061 0.114608 -0.0541703 0.980432 Time: 38808486962420
Position: -100.787 -94.6467 -1057.52 Orientation: -0.150308 0.114573 -0.0541362 0.980485 Time: 38808632656897
Position: -100.773 -94.6467 -1057.49 Orientation: -0.150407 0.114172 -0.0542025 0.980512 Time: 38808774157563
Position: -100.76 -94.65 -1057.51 Orientation: -0.150344 0.114641 -0.0541705 0.980469 Time: 38808915524018
Position: -100.74 -94.65 -1057.5 Orientation: -0.150509 0.114507 -0.0541367 0.980461 Time: 38809057500126
Position: -100.73 -94.6467 -1057.47 Orientation: -0.150543 0.113541 -0.0542036 0.980565 Time: 38809147680457
Position: -100.757 -94.6533 -1057.5 Orientation: -0.150575 0.114773 -0.0541695 0.980418 Time: 38809288123404
Position: -100.777 -94.6533 -1057.52 Orientation: -0.150243 0.114274 -0.05417 0.980528 Time: 38809430116430
Position: -100.77 -94.6467 -1057.47 Orientation: -0.150512 0.112876 -0.0542376 0.980644 Time: 38809570874563
Position: -100.773 -94.65 -1057.5 Orientation: -0.150478 0.113842 -0.054204 0.98054 Time: 38809662531976
Position: -100.76 -94.66 -1057.49 Orientation: -0.150271 0.113903 -0.054235 0.980563 Time: 38809802983287
Position: -100.75 -94.6567 -1057.51 Orientation: -0.150273 0.114972 -0.0541357 0.980443 Time: 38809946281925
Position: -100.74 -94.6567 -1057.52 Orientation: -0.150443 0.114574 -0.0541036 0.980465 Time: 38810084575593
Position: -100.753 -94.66 -1057.51 Orientation: -0.150509 0.114807 -0.0541366 0.980426 Time: 38810176923262
Position: -100.773 -94.6567 -1057.52 Orientation: -0.150311 0.114642 -0.0541708 0.980474 Time: 38810318109311
Position: -100.78 -94.6567 -1057.5 Orientation: -0.150178 0.113942 -0.0541709 0.980576 Time: 38810461348448
Position: -100.78 -94.66 -1057.53 Orientation: -0.150341 0.114239 -0.0541694 0.980517 Time: 38810600911798
Position: -100.77 -94.66 -1057.51 Orientation: -0.150574 0.114572 -0.0541025 0.980446 Time: 38810692509520
Position: -100.757 -94.66 -1057.5 Orientation: -0.150481 0.115144 -0.0541051 0.980393 Time: 38810832557057
Position: -100.74 -94.6633 -1057.51 Orientation: -0.150545 0.114609 -0.0541376 0.980444 Time: 38810975890673
Position: -100.743 -94.66 -1057.5 Orientation: -0.150375 0.11414 -0.0541698 0.980523 Time: 38811116270696
Position: -100.763 -94.66 -1057.51 Orientation: -0.150542 0.114507 -0.0541364 0.980456 Time: 38811217506521
Position: -100.783 -94.6567 -1057.52 Orientation: -0.150282 0.114478 -0.0541388 0.980499 Time: 38811363239778
Position: -100.783 -94.6567 -1057.51 Orientation: -0.150447 0.114077 -0.0541382 0.980521 Time: 38811503967685
Position: -100.777 -94.66 -1057.5 Orientation: -0.150483 0.114146 -0.0541393 0.980507 Time: 38811596884326
Position: -100.763 -94.66 -1057.54 Orientation: -0.150242 0.11494 -0.054103 0.980454 Time: 38811738058778
Position: -100.75 -94.66 -1057.53 Orientation: -0.150175 0.114707 -0.0541032 0.980491 Time: 38811840776629
Position: -100.743 -94.6633 -1057.51 Orientation: -0.150274 0.114939 -0.0541027 0.980449 Time: 38811987378456
Position: -100.773 -94.6633 -1057.54 Orientation: -0.150278 0.115608 -0.0540706 0.980371 Time: 38812129279094
Position: -100.78 -94.66 -1057.5 Orientation: -0.150476 0.114273 -0.0541699 0.980492 Time: 38812270408303
Position: -100.78 -94.66 -1057.52 Orientation: -0.150506 0.114105 -0.0541689 0.980507 Time: 38812411002949
Position: -100.787 -94.66 -1057.55 Orientation: -0.150175 0.115573 -0.0541031 0.980389 Time: 38812550677318
Position: -100.777 -94.66 -1057.54 Orientation: -0.150212 0.115609 -0.0541044 0.980379 Time: 38812642428832
Position: -100.743 -94.66 -1057.51 Orientation: -0.150273 0.114438 -0.0541023 0.980507 Time: 38812785272369
Position: -100.737 -94.66 -1057.51 Orientation: -0.150212 0.114143 -0.0541711 0.980547 Time: 38812922262706
Position: -100.753 -94.6667 -1057.54 Orientation: -0.150206 0.114238 -0.0541355 0.980539 Time: 38813026564665
Position: -100.77 -94.66 -1057.49 Orientation: -0.150309 0.114207 -0.0541367 0.980527 Time: 38813172470914
Position: -100.793 -94.6633 -1057.55 Orientation: -0.150372 0.115204 -0.0540687 0.980404 Time: 38813316926505
Position: -100.787 -94.66 -1057.52 Orientation: -0.150474 0.114972 -0.0540694 0.980416 Time: 38813406606872
Position: -100.757 -94.66 -1057.5 Orientation: -0.150305 0.114137 -0.0541353 0.980536 Time: 38813547289534
Position: -100.763 -94.6633 -1057.55 Orientation: -0.150207 0.115639 -0.0540359 0.98038 Time: 38813689707246
Position: -100.74 -94.6633 -1057.51 Orientation: -0.150243 0.114241 -0.054137 0.980533 Time: 38813830106849
Position: -100.77 -94.6633 -1057.56 Orientation: -0.150241 0.115272 -0.0541026 0.980415 Time: 38813971345556
Position: -100.777 -94.66 -1057.51 Orientation: -0.150412 0.114176 -0.0541378 0.980515 Time: 38814110857959
Position: -100.77 -94.66 -1057.49 Orientation: -0.150378 0.113442 -0.0541373 0.980605 Time: 38814250422831
Position: -100.78 -94.6633 -1057.52 Orientation: -0.150306 0.114705 -0.0540689 0.980473 Time: 38814342291446
Position: -100.757 -94.66 -1057.5 Orientation: -0.150308 0.113973 -0.0541696 0.980553 Time: 38814483460196
Position: -100.757 -94.66 -1057.51 Orientation: -0.150614 0.114977 -0.0541383 0.98039 Time: 38814587413701
Position: -100.743 -94.6633 -1057.51 Orientation: -0.150308 0.11454 -0.0541364 0.980488 Time: 38814732183338
Position: -100.757 -94.6667 -1057.52 Orientation: -0.150443 0.114574 -0.0541368 0.980464 Time: 38814875582919
Position: -100.773 -94.6633 -1057.52 Orientation: -0.150412 0.114809 -0.0541042 0.980443 Time: 38815015799835
Position: -100.787 -94.6633 -1057.53 Orientation: -0.150273 0.114405 -0.0541357 0.980509 Time: 38815156112182
Position: -100.763 -94.67 -1057.49 Orientation: -0.150341 0.113339 -0.0542361 0.980617 Time: 38815296847313
Position: -100.753 -94.6567 -1057.51 Orientation: -0.150273 0.113538 -0.054169 0.980608 Time: 38815436116387
Position: -100.75 -94.6633 -1057.51 Orientation: -0.150408 0.114739 -0.0541028 0.980452 Time: 38815528159515
Position: -100.74 -94.6633 -1057.49 Orientation: -0.15038 0.114477 -0.0541048 0.980486 Time: 38815668793702
Position: -100.753 -94.6633 -1057.48 Orientation: -0.150208 0.114439 -0.0541028 0.980517 Time: 38815812520637
Position: -100.783 -94.6667 -1057.54 Orientation: -0.150046 0.114943 -0.0540713 0.980485 Time: 38815949459077
Position: -100.783 -94.66 -1057.51 Orientation: -0.150213 0.11441 -0.0541048 0.98052 Time: 38816093938051
Position: -100.777 -94.67 -1057.5 Orientation: -0.150374 0.114239 -0.0541359 0.980513 Time: 38816230591530
Position: -100.763 -94.66 -1057.5 Orientation: -0.150639 0.113938 -0.0541688 0.980506 Time: 38816323671656
Position: -100.767 -94.67 -1057.55 Orientation: -0.150146 0.115409 -0.0541044 0.980413 Time: 38816464159466
Position: -100.743 -94.6633 -1057.51 Orientation: -0.150045 0.114109 -0.0541377 0.980579 Time: 38816606602271
Position: -100.743 -94.6667 -1057.5 Orientation: -0.150344 0.114075 -0.0541372 0.980537 Time: 38816698241245
