Position: -103.903 139.6 -1031.3 Orientation: -0.140308 0.112839 -0.0525362 0.982253 Time: 38898287489228
Position: -103.897 139.6 -1031.35 Orientation: -0.139873 0.113172 -0.0525357 0.982277 Time: 38898424617198
Position: -103.887 139.593 -1031.3 Orientation: -0.140113 0.112777 -0.052538 0.982288 Time: 38898567326904
Position: -103.89 139.597 -1031.33 Orientation: -0.140177 0.113442 -0.0524373 0.982208 Time: 38898658551268
Position: -103.89 139.597 -1031.29 Orientation: -0.140412 0.11241 -0.0525712 0.982285 Time: 38898799377647
Position: -103.897 139.6 -1031.3 Orientation: -0.14024 0.112072 -0.0526025 0.982347 Time: 38898942558613
Position: -103.917 139.597 -1031.33 Orientation: -0.140007 0.113572 -0.0524693 0.982215 Time: 38899082397420
Position: -103.91 139.597 -1031.33 Orientation: -0.140108 0.113373 -0.0525029 0.982222 Time: 38899173958642
Position: -103.873 139.597 -1031.29 Orientation: -0.140142 0.111173 -0.0526699 0.982459 Time: 38899331911950
Position: -103.893 139.597 -1031.31 Orientation: -0.139943 0.113441 -0.0525703 0.982234 Time: 38899457544724
Position: -103.913 139.6 -1031.37 Orientation: -0.139876 0.114774 -0.0524367 0.982096 Time: 38899597080319
Position: -103.907 139.597 -1031.34 Orientation: -0.14014 0.113705 -0.0525024 0.982179 Time: 38899697946209
Position: -103.917 139.6 -1031.36 Orientation: -0.14004 0.113806 -0.0525026 0.982182 Time: 38899844770644
Position: -103.933 139.6 -1031.37 Orientation: -0.140137 0.114803 -0.052368 0.982059 Time: 38899947509215
Position: -103.913 139.6 -1031.36 Orientation: -0.140147 0.113578 -0.0524385 0.982196 Time: 38900093393602
Position: -103.907 139.6 -1031.35 Orientation: -0.140077 0.113809 -0.052504 0.982176 Time: 38900236679694
Position: -103.9 139.6 -1031.37 Orientation: -0.140178 0.113643 -0.0525043 0.982181 Time: 38900328162405
Position: -103.887 139.593 -1031.32 Orientation: -0.140209 0.113141 -0.0525368 0.982232 Time: 38900468874533
Position: -103.913 139.597 -1031.35 Orientation: -0.139978 0.114209 -0.0524376 0.982147 Time: 38900611335587
Position: -103.913 139.597 -1031.33 Orientation: -0.140042 0.113674 -0.0525034 0.982196 Time: 38900753403514
Position: -103.917 139.603 -1031.34 Orientation: -0.13991 0.113508 -0.0525036 0.982235 Time: 38900842794737
Position: -103.91 139.6 -1031.31 Orientation: -0.140207 0.112673 -0.0525694 0.982285 Time: 38900982737148
Position: -103.897 139.603 -1031.33 Orientation: -0.140142 0.11234 -0.0526366 0.982328 Time: 38901123660479
Position: -103.897 139.597 -1031.34 Orientation: -0.140211 0.113642 -0.0524708 0.982178 Time: 38901266124005
Position: -103.87 139.603 -1031.31 Orientation: -0.140146 0.11181 -0.0526381 0.982388 Time: 38901367485296
Position: -103.893 139.597 -1031.33 Orientation: -0.140173 0.113405 -0.052469 0.982211 Time: 38901516276703
Position: -103.893 139.6 -1031.32 Orientation: -0.140108 0.112773 -0.0525363 0.982289 Time: 38901621421378
Position: -103.93 139.6 -1031.36 Orientation: -0.140011 0.114209 -0.0524374 0.982142 Time: 38901762884594
Position: -103.913 139.6 -1031.32 Orientation: -0.140414 0.112878 -0.0526052 0.98223 Time: 38901905896561
Position: -103.907 139.6 -1031.32 Orientation: -0.140342 0.113007 -0.0525367 0.982229 Time: 38901997130620
Position: -103.91 139.597 -1031.35 Orientation: -0.140244 0.113909 -0.0524707 0.982142 Time: 38902138048057
Position: -103.88 139.603 -1031.32 Orientation: -0.140409 0.112308 -0.0525369 0.982299 Time: 38902309104243
Position: -103.887 139.593 -1031.32 Orientation: -0.140072 0.113037 -0.0524685 0.982268 Time: 38902402909223
Position: -103.913 139.59 -1031.36 Orientation: -0.140277 0.114175 -0.0524706 0.982107 Time: 38902542966075
Position: -103.913 139.59 -1031.32 Orientation: -0.140608 0.113007 -0.0525032 0.982193 Time: 38902687934937
Position: -103.92 139.587 -1031.33 Orientation: -0.140242 0.113474 -0.0524698 0.982193 Time: 38902777510939
Position: -103.913 139.57 -1031.35 Orientation: -0.140078 0.113209 -0.0525374 0.982243 Time: 38902917024673
Position: -103.92 139.583 -1031.37 Orientation: -0.140271 0.11367 -0.0525017 0.982164 Time: 38903020653866
Position: -103.91 139.567 -1031.38 Orientation: -0.140175 0.113873 -0.0524697 0.982156 Time: 38903167702429
Position: -103.92 139.573 -1031.39 Orientation: -0.139874 0.114606 -0.052436 0.982116 Time: 38903309885937
Position: -103.9 139.57 -1031.36 Orientation: -0.140279 0.11321 -0.0525044 0.982216 Time: 38903400982744
Position: -103.91 139.59 -1031.33 Orientation: -0.140076 0.113008 -0.0525369 0.982267 Time: 38903557381598
Position: -103.913 139.59 -1031.34 Orientation: -0.140175 0.11294 -0.0525698 0.982259 Time: 38903653304490
Position: -103.917 139.587 -1031.34 Orientation: -0.140145 0.113109 -0.0525375 0.982245 Time: 38903838445995
Position: -103.927 139.59 -1031.36 Orientation: -0.140175 0.11354 -0.0525032 0.982193 Time: 38903931092502
Position: -103.92 139.57 -1031.34 Orientation: -0.140041 0.113473 -0.0525361 0.982218 Time: 38904072426260
Position: -103.907 139.583 -1031.31 Orientation: -0.140145 0.112143 -0.0526711 0.982349 Time: 38904216389870
Position: -103.923 139.58 -1031.32 Orientation: -0.140106 0.112238 -0.052669 0.982344 Time: 38904357277081
Position: -103.95 139.573 -1031.35 Orientation: -0.14014 0.113372 -0.0525359 0.982216 Time: 38904495552309
Position: -103.973 139.577 -1031.35 Orientation: -0.140144 0.113709 -0.0525374 0.982176 Time: 38904637075217
Position: -103.97 139.547 -1031.39 Orientation: -0.139674 0.113939 -0.052536 0.982216 Time: 38904727450972
Position: -103.957 139.577 -1031.35 Orientation: -0.140045 0.113176 -0.0525711 0.98225 Time: 38904867091503
Position: -103.937 139.553 -1031.35 Orientation: -0.13988 0.112978 -0.0526051 0.982294 Time: 38904971146521
Position: -103.933 139.563 -1031.35 Orientation: -0.140045 0.113509 -0.0525376 0.982213 Time: 38905117098584
Position: -103.943 139.567 -1031.38 Orientation: -0.140042 0.113674 -0.0525366 0.982195 Time: 38905262254696
Position: -103.947 139.56 -1031.37 Orientation: -0.140207 0.113573 -0.0525027 0.982185 Time: 38905351602386
Position: -103.957 139.583 -1031.35 Orientation: -0.139843 0.113274 -0.0525703 0.982267 Time: 38905541489563
Position: -103.95 139.55 -1031.37 Orientation: -0.14014 0.113405 -0.052569 0.98221 Time: 38905631772169
Position: -103.947 139.57 -1031.34 Orientation: -0.140177 0.112808 -0.0526371 0.98227 Time: 38905772044975
Position: -103.937 139.53 -1031.37 Orientation: -0.14011 0.113475 -0.0525706 0.982206 Time: 38905876637027
Position: -103.933 139.56 -1031.34 Orientation: -0.14011 0.112875 -0.0526039 0.982273 Time: 38906022105284
Position: -103.947 139.543 -1031.34 Orientation: -0.140242 0.113707 -0.0525699 0.982161 Time: 38906165192910
Position: -103.953 139.55 -1031.37 Orientation: -0.140039 0.113238 -0.0526022 0.982242 Time: 38906317821499
Position: -103.967 139.557 -1031.36 Orientation: -0.140307 0.114039 -0.0525027 0.982116 Time: 38906412455508
Position: -103.973 139.547 -1031.37 Orientation: -0.140073 0.113772 -0.0525358 0.982179 Time: 38906552275114
Position: -103.97 139.567 -1031.38 Orientation: -0.139975 0.114074 -0.0525032 0.98216 Time: 38906694268141
Position: -103.95 139.553 -1031.38 Orientation: -0.140004 0.11407 -0.052468 0.982158 Time: 38906786600412
Position: -103.92 139.567 -1031.35 Orientation: -0.140374 0.113339 -0.0525361 0.982186 Time: 38906926072134
Position: -103.93 139.563 -1031.38 Orientation: -0.140243 0.114274 -0.0525035 0.982098 Time: 38907071168934
Position: -103.93 139.563 -1031.36 Orientation: -0.139939 0.113372 -0.0525689 0.982243 Time: 38907160432030
Position: -103.943 139.563 -1031.35 Orientation: -0.140276 0.113074 -0.05257 0.982229 Time: 38907301816734
Position: -103.963 139.57 -1031.36 Orientation: -0.139912 0.113976 -0.052471 0.982182 Time: 38907445570853
Position: -103.973 139.583 -1031.35 Orientation: -0.140045 0.114409 -0.0524709 0.982112 Time: 38907535170618
Position: -103.957 139.57 -1031.32 Orientation: -0.139846 0.113077 -0.0526047 0.982288 Time: 38907674676557
Position: -103.957 139.593 -1031.35 Orientation: -0.140081 0.113878 -0.0525719 0.982164 Time: 38907818580856
Position: -103.953 139.583 -1031.32 Orientation: -0.140073 0.113505 -0.0525689 0.982208 Time: 38907919217674
Position: -103.963 139.59 -1031.34 Orientation: -0.140075 0.113673 -0.0525364 0.98219 Time: 38908066124233
Position: -103.98 139.593 -1031.36 Orientation: -0.14021 0.113675 -0.0525704 0.982169 Time: 38908207990082
Position: -103.967 139.587 -1031.33 Orientation: -0.140175 0.112607 -0.0526365 0.982293 Time: 38908349805365
Position: -103.967 139.587 -1031.31 Orientation: -0.140207 0.112672 -0.0526691 0.98228 Time: 38908489235074
Position: -103.963 139.59 -1031.34 Orientation: -0.140141 0.113273 -0.052603 0.982223 Time: 38908629872493
Position: -103.95 139.59 -1031.33 Orientation: -0.140275 0.11344 -0.0525363 0.982189 Time: 38908767992979
Position: -103.96 139.597 -1031.34 Orientation: -0.140108 0.11394 -0.052503 0.982156 Time: 38908861455779
Position: -103.967 139.587 -1031.34 Orientation: -0.139977 0.113975 -0.0525038 0.982171 Time: 38909000891381
Position: -103.98 139.59 -1031.35 Orientation: -0.14014 0.114605 -0.0524357 0.982078 Time: 38909143881106
Position: -103.983 139.593 -1031.36 Orientation: -0.140045 0.114109 -0.0525042 0.982146 Time: 38909284591143
Position: -103.973 139.59 -1031.32 Orientation: -0.140311 0.113176 -0.0526041 0.98221 Time: 38909376516979
Position: -103.973 139.593 -1031.35 Orientation: -0.140073 0.113772 -0.0525358 0.982179 Time: 38909516342287
Position: -103.963 139.59 -1031.33 Orientation: -0.140375 0.113573 -0.0525697 0.982157 Time: 38909658330752
Position: -103.957 139.593 -1031.33 Orientation: -0.139942 0.113207 -0.0526032 0.982259 Time: 38909801262686
Position: -103.957 139.583 -1031.31 Orientation: -0.139674 0.113606 -0.0525363 0.982255 Time: 38909890736793
Position: -103.96 139.59 -1031.32 Orientation: -0.140173 0.113038 -0.0526357 0.982244 Time: 38910031637502
Position: -103.963 139.587 -1031.3 Orientation: -0.140241 0.112606 -0.0526028 0.982286 Time: 38910171004858
Position: -103.973 139.59 -1031.32 Orientation: -0.140141 0.113306 -0.0526028 0.98222 Time: 38910265156392
Position: -103.953 139.593 -1031.29 Orientation: -0.140141 0.111806 -0.0527028 0.982386 Time: 38910405236246
Position: -103.963 139.59 -1031.33 Orientation: -0.140107 0.113706 -0.0525359 0.982182 Time: 38910546861428
Position: -103.957 139.59 -1031.33 Orientation: -0.140209 0.113474 -0.0525366 0.982194 Time: 38910701394825
Position: -103.94 139.59 -1031.29 Orientation: -0.14038 0.112377 -0.0526382 0.98229 Time: 38910796085865
Position: -103.967 139.59 -1031.31 Orientation: -0.140276 0.113608 -0.0525703 0.982167 Time: 38910939098591
Position: -103.98 139.593 -1031.34 Orientation: -0.140111 0.113742 -0.0525374 0.982177 Time: 38911042387694
