Position: -40.14 146.683 -1039.59 Orientation: 0.0901722 0.0997395 0.0993394 0.985927 Time: 24014298594213
Position: -41.2167 148.917 -1038.81 Orientation: 0.0891078 0.0993086 0.101776 0.985819 Time: 24014540544297
Position: -39.98 149.71 -1039.85 Orientation: 0.0902726 0.0989065 0.10004 0.985931 Time: 24014776604020
Position: -41.0867 149.24 -1039.35 Orientation: 0.0895378 0.101038 0.101338 0.985649 Time: 24014588018452
Position: -40.33 146.887 -1039.61 Orientation: 0.0905044 0.102238 0.0996048 0.985614 Time: 24014346825634
Position: -40.8933 147.673 -1039.14 Orientation: 0.0905719 0.100906 0.100806 0.985623 Time: 24014422059858
Position: -41.15 148.17 -1039.08 Orientation: 0.0903761 0.100777 0.100977 0.985637 Time: 24014469566033
Position: -40.87 149.467 -1039.75 Orientation: 0.0896356 0.101203 0.101003 0.985658 Time: 24014659475652
Position: -40.5167 149.61 -1039.8 Orientation: 0.0894383 0.0999056 0.100872 0.985822 Time: 24014705629040
Position: -39.9067 149.603 -1039.79 Orientation: 0.090042 0.0991429 0.100043 0.985928 Time: 24014824159730
Position: -40.22 149.59 -1039.77 Orientation: 0.0897734 0.101341 0.100908 0.985641 Time: 24014896836848
Position: -40.5967 149.71 -1039.46 Orientation: 0.0900737 0.100675 0.101608 0.98561 Time: 24014944880936
Position: -40.9733 149.84 -1038.93 Orientation: 0.09027 0.099837 0.102004 0.985636 Time: 24015015655448
Position: -41 149.82 -1038.78 Orientation: 0.0910077 0.0993084 0.101409 0.985683 Time: 24015061497937
Position: -40.8933 149.87 -1038.11 Orientation: 0.0908702 0.0996372 0.101971 0.985605 Time: 24015133839253
Position: -40.7067 149.74 -1037.76 Orientation: 0.0913398 0.099507 0.101374 0.985636 Time: 24015180487723
Position: -40.52 149.3 -1037.04 Orientation: 0.0907405 0.0947075 0.101241 0.986178 Time: 24015250308878
Position: -40.3933 147.717 -1037.6 Orientation: 0.0899737 0.0948407 0.100508 0.98631 Time: 24015296241134
Position: -40.2233 143.427 -1040.09 Orientation: 0.0899033 0.0960702 0.0974702 0.986503 Time: 24015370311818
Position: -39.5067 140.233 -1041.12 Orientation: 0.0880393 0.093773 0.0967066 0.986967 Time: 24015417806909
Position: -37.38 134.787 -1042.33 Orientation: 0.084773 0.0871065 0.0955738 0.987974 Time: 24015487468237
Position: -35.9567 131.387 -1043.35 Orientation: 0.0842732 0.08574 0.0941073 0.988277 Time: 24015532726836
Position: -32.3367 123.527 -1045.81 Orientation: 0.0846745 0.0852078 0.0905083 0.988624 Time: 24015602838364
Position: -28.9433 117.06 -1047.62 Orientation: 0.0834039 0.0845373 0.0869041 0.989113 Time: 24015650697309
Position: -23.2033 105.783 -1050.51 Orientation: 0.0805415 0.0824083 0.0813749 0.99 Time: 24015723387426
Position: -20.22 98.9033 -1052.26 Orientation: 0.0785398 0.0800066 0.0794399 0.990515 Time: 24015769608138
Position: -16.5733 89.6167 -1054.87 Orientation: 0.0760064 0.0818069 0.0783733 0.99065 Time: 24015838841434
Position: -13.7733 82.3133 -1056.63 Orientation: 0.0743393 0.08284 0.0772396 0.99078 Time: 24015886741432
Position: -11.0533 74.68 -1058.55 Orientation: 0.0730706 0.081071 0.0746374 0.99122 Time: 24015958950014
Position: -8.65 66.9267 -1060.17 Orientation: 0.070839 0.0775729 0.0726058 0.991813 Time: 24016005477244
Position: -4.77667 53.7733 -1063.33 Orientation: 0.0690401 0.0805079 0.0704069 0.991864 Time: 24016077521893
Position: -2.53667 45.7967 -1065.13 Orientation: 0.0690727 0.0806737 0.0684393 0.991986 Time: 24016123596461
Position: 0.45 35.43 -1067.41 Orientation: 0.0672728 0.0774071 0.0661727 0.992524 Time: 24016192532270
Position: 2.77 27.39 -1069.29 Orientation: 0.0660034 0.0753372 0.0644033 0.992885 Time: 24016238708099
Position: 6.38333 13.2333 -1074.08 Orientation: 0.062303 0.0796372 0.0645031 0.992782 Time: 24016311327881
Position: 7.71 7.08 -1076.52 Orientation: 0.0627044 0.0815057 0.0635044 0.992669 Time: 24016359327908
Position: 10.0633 -4.51 -1081.17 Orientation: 0.061237 0.082405 0.060737 0.99286 Time: 24016429595294
Position: 11.26 -12.15 -1085.03 Orientation: 0.059203 0.084271 0.0603364 0.992851 Time: 24016475083782
Position: 12.22 -21.37 -1089.95 Orientation: 0.0564709 0.0834729 0.0614713 0.993008 Time: 24016548659109
Position: 13.0233 -28.2 -1093.71 Orientation: 0.0546691 0.0810702 0.0625027 0.993243 Time: 24016594772403
Position: 14.58 -40.0767 -1101.52 Orientation: 0.051837 0.0803724 0.061671 0.993504 Time: 24016665668701
Position: 15.6133 -49.4433 -1108.51 Orientation: 0.0483011 0.0807018 0.061668 0.993656 Time: 24016735173348
Position: 16.1167 -53.9667 -1112.02 Orientation: 0.0460018 0.078403 0.0618357 0.993938 Time: 24016781772146
Position: 16.9033 -60.5733 -1117.6 Orientation: 0.0414694 0.0751384 0.0627375 0.994333 Time: 24016828479320
Position: 18.3367 -69.48 -1126.37 Orientation: 0.0368698 0.0802734 0.0621386 0.994151 Time: 24016900353331
Position: 19.4533 -75.84 -1133.08 Orientation: 0.0326359 0.0813732 0.0610049 0.994279 Time: 24016947435716
Position: 20.1767 -86.2233 -1145.33 Orientation: 0.0249016 0.0808718 0.0607038 0.994563 Time: 24017017463499
Position: 20.0867 -92.4867 -1153.24 Orientation: 0.018635 0.0778402 0.0615721 0.994888 Time: 24017065248688
Position: 19.58 -101.153 -1163.18 Orientation: 0.0109003 0.0749022 0.0615684 0.995229 Time: 24017141155337
Position: 18.6433 -106.917 -1168.71 Orientation: 0.00596706 0.0712047 0.0633042 0.995433 Time: 24017189313275
Position: 16.7667 -114.71 -1173.8 Orientation: 0.0017001 0.0676039 0.0650038 0.995591 Time: 24017260807011
Position: 16 -117.17 -1174.36 Orientation: 0.00170003 0.0642011 0.0650011 0.995816 Time: 24017308710566
Position: 15.2933 -118.99 -1173.59 Orientation: 0.000433344 0.0658017 0.066335 0.995625 Time: 24017355713722
Position: 13.64 -123.513 -1169.13 Orientation: 0.00256689 0.0671057 0.0675724 0.995452 Time: 24017431534573
Position: 12.7267 -126.47 -1165.07 Orientation: 0.00510043 0.0661722 0.0664055 0.995583 Time: 24017477575342
Position: 11.1067 -130.47 -1158.8 Orientation: 0.00803412 0.06824 0.0658064 0.995464 Time: 24017548593563
Position: 9.59667 -133.42 -1153.53 Orientation: 0.0105005 0.0681364 0.0643362 0.995544 Time: 24017594622154
Position: 6.44 -137.657 -1143.79 Orientation: 0.0139338 0.0683357 0.0651689 0.995434 Time: 24017664984370
Position: 4.59333 -140.393 -1137.51 Orientation: 0.0169009 0.0644033 0.06517 0.99565 Time: 24017711715354
Position: 2.88333 -143.417 -1131.05 Orientation: 0.0193678 0.0620371 0.066104 0.995694 Time: 24017786734603
Position: 0.683333 -147.81 -1122.31 Orientation: 0.0207676 0.0607026 0.0671696 0.995677 Time: 24017834198906
Position: -1.19333 -150.903 -1115.94 Orientation: 0.0222678 0.060403 0.06737 0.995649 Time: 24017905159245
Position: -3.59667 -153.72 -1109.66 Orientation: 0.0235344 0.0626695 0.0698032 0.995312 Time: 24017951734232
Position: -7.97333 -159.1 -1099.28 Orientation: 0.0266017 0.0623707 0.0710712 0.995164 Time: 24018021806898
Position: -11.1867 -162.223 -1092.8 Orientation: 0.0270342 0.0617353 0.0732691 0.995032 Time: 24018069157487
Position: -16.08 -166.383 -1084.72 Orientation: 0.0295024 0.0663387 0.0748727 0.994547 Time: 24018143628561
Position: -20.0733 -168.627 -1078.09 Orientation: 0.0309697 0.0660064 0.0765408 0.994397 Time: 24018189804116
Position: -27.1467 -172.907 -1066.56 Orientation: 0.0329347 0.0617025 0.0791365 0.994407 Time: 24018260138417
Position: -30.1 -175.08 -1062.11 Orientation: 0.0336022 0.0609039 0.0800052 0.994365 Time: 24018308238746
Position: -36.47 -179.637 -1054.58 Orientation: 0.0344032 0.0621057 0.0829076 0.994025 Time: 24018380499190
Position: -40.76 -182.833 -1049.06 Orientation: 0.0353366 0.0627391 0.084041 0.993857 Time: 24018426808984
Position: -45.9667 -187.087 -1041.28 Orientation: 0.0390685 0.0644697 0.0839706 0.993613 Time: 24018498550808
Position: -49.3867 -190.03 -1034.95 Orientation: 0.0429359 0.0682375 0.0836717 0.993227 Time: 24018545390989
Position: -54.4 -193.997 -1022.39 Orientation: 0.0449691 0.06287 0.0879713 0.993119 Time: 24018616721340
Position: -56.31 -197.257 -1015.98 Orientation: 0.0452685 0.0622358 0.0895369 0.993006 Time: 24018663464639
Position: -57.9367 -202.69 -1008.59 Orientation: 0.0456695 0.0601705 0.0890056 0.993163 Time: 24018734288139
Position: -58.6333 -205.28 -1005.24 Orientation: 0.0448691 0.0590032 0.0888048 0.993287 Time: 24018780862032
Position: -59.78 -209.42 -999.48 Orientation: 0.0444031 0.0582041 0.0871394 0.993503 Time: 24018850331785
Position: -60.62 -210.377 -996.03 Orientation: 0.0445363 0.0581706 0.0878726 0.993434 Time: 24018896735587
Position: -62.06 -208.163 -992.07 Orientation: 0.0458684 0.0586689 0.0905368 0.993105 Time: 24018971096780
Position: -62.3267 -205.163 -990.627 Orientation: 0.0475684 0.0598356 0.0907367 0.992937 Time: 24019018441211
Position: -62.5 -198.71 -988.22 Orientation: 0.052036 0.0632366 0.0902046 0.992551 Time: 24019088671652
Position: -63.12 -191.257 -984.973 Orientation: 0.0537701 0.0624373 0.0928725 0.992263 Time: 24019134522215
Position: -64.3267 -182.897 -981.43 Orientation: 0.056703 0.06257 0.0936383 0.992019 Time: 24019205309316
Position: -65.9333 -173.807 -977.91 Orientation: 0.060402 0.0634355 0.0944698 0.991667 Time: 24019253473411
Position: -69.0967 -157.37 -971.213 Orientation: 0.0623386 0.0622386 0.0986416 0.991216 Time: 24019325552270
Position: -70.8967 -147.44 -967.103 Orientation: 0.0658386 0.0607382 0.0993414 0.991013 Time: 24019372360157
Position: -73.5567 -133.527 -960.383 Orientation: 0.0704402 0.0559388 0.101477 0.990763 Time: 24019446959996
Position: -75.5333 -122.833 -954.893 Orientation: 0.0743049 0.0533035 0.10304 0.990465 Time: 24019493833018
Position: -78.6967 -105.05 -945.34 Orientation: 0.0812723 0.0531037 0.105507 0.989668 Time: 24019566558440
Position: -80.61 -94.3133 -939.14 Orientation: 0.0848369 0.0538023 0.107271 0.989142 Time: 24019612683638
Position: -82.81 -80.3267 -930.92 Orientation: 0.0903737 0.0542042 0.107142 0.988643 Time: 24019683613462
Position: -83.82 -73.31 -926.743 Orientation: 0.0931749 0.0552049 0.107209 0.98832 Time: 24019729665862
Position: -85.6 -59.1233 -918.17 Orientation: 0.0986405 0.0543373 0.107208 0.987838 Time: 24019798583198
Position: -86.74 -48.1967 -911.83 Orientation: 0.100772 0.052536 0.108772 0.987549 Time: 24019845920651
Position: -88.79 -30.5733 -903.423 Orientation: 0.106737 0.0565353 0.110271 0.986535 Time: 24019916874147
Position: -90.9967 -16.8733 -897.65 Orientation: 0.108004 0.0554689 0.113071 0.986141 Time: 24019986927245
Position: -92.83 -7.43333 -894.313 Orientation: 0.108804 0.0544353 0.114871 0.985902 Time: 24020032718010
Position: -94.8133 1.17333 -891.417 Orientation: 0.108938 0.0525688 0.116705 0.985773 Time: 24020104633209
Position: -96.8633 8.84667 -888.953 Orientation: 0.110174 0.0521033 0.116974 0.985629 Time: 24020150504161
Position: -100.757 20.66 -884.767 Orientation: 0.112106 0.0552695 0.117439 0.985183 Time: 24020222910885
Position: -103.13 27.5067 -881.9 Orientation: 0.114808 0.0563705 0.116675 0.9849 Time: 24020269777613
Position: -106.197 36.6467 -877.26 Orientation: 0.118277 0.0565716 0.11801 0.984319 Time: 24020340401465
Position: -108.137 43.01 -873.7 Orientation: 0.121174 0.0568368 0.119041 0.983827 Time: 24020387472219
Position: -110.02 48.89 -870.267 Orientation: 0.124673 0.0566026 0.119239 0.983379 Time: 24020434165298
Position: -112.65 56.24 -864.76 Orientation: 0.126605 0.0549022 0.122405 0.98284 Time: 24020504707321
Position: -113.837 59.2467 -862.54 Orientation: 0.129071 0.0539683 0.123004 0.982496 Time: 24020551496598
Position: -116.813 65.64 -857.73 Orientation: 0.133972 0.056669 0.124438 0.981507 Time: 24020623424113
Position: -118.493 68.8967 -855.907 Orientation: 0.13544 0.0592697 0.124973 0.981083 Time: 24020672417999
Position: -120.413 72.4767 -853.067 Orientation: 0.138309 0.0586706 0.126175 0.980565 Time: 24020747457364
Position: -121.06 74.6567 -851.597 Orientation: 0.140144 0.0566376 0.126309 0.980407 Time: 24020796069470
Position: -120.813 78.16 -851.883 Orientation: 0.140844 0.0587712 0.12661 0.980142 Time: 24020869781910
Position: -119.69 80.67 -853.65 Orientation: 0.140878 0.0599047 0.12551 0.98021 Time: 24020916232785
Position: -117.913 83.79 -856.46 Orientation: 0.13984 0.0605031 0.124506 0.98045 Time: 24020963739096
Position: -114.553 88.57 -861.48 Orientation: 0.137643 0.0608375 0.122442 0.981 Time: 24021036122284
Position: -111.543 92.7533 -866.233 Orientation: 0.135637 0.0626682 0.120336 0.981425 Time: 24021083025274
Position: -106.89 101.343 -875.317 Orientation: 0.131206 0.0682698 0.118205 0.981912 Time: 24021158677677
Position: -104.57 106.99 -881.207 Orientation: 0.129207 0.0732707 0.11734 0.981921 Time: 24021206668398
Position: -102.747 112.917 -886.597 Orientation: 0.126609 0.0738718 0.117442 0.982202 Time: 24021277784733
Position: -101.143 118.767 -892.25 Orientation: 0.124841 0.0744378 0.117107 0.982425 Time: 24021323793345
Position: -98.9833 126.247 -900.817 Orientation: 0.121442 0.0787053 0.116708 0.982566 Time: 24021395395594
Position: -97.0667 131.397 -907.687 Orientation: 0.118909 0.0808061 0.114709 0.982941 Time: 24021441931445
Position: -94.95 136.413 -914.677 Orientation: 0.116279 0.0828085 0.112878 0.983301 Time: 24021489276014
Position: -91.1467 144.687 -926.057 Orientation: 0.111911 0.086975 0.111011 0.983661 Time: 24021564499701
Position: -88.82 149.597 -932.923 Orientation: 0.108974 0.089539 0.110107 0.983862 Time: 24021611215496
Position: -85.82 155.863 -941.797 Orientation: 0.105772 0.090605 0.108239 0.984321 Time: 24021683801204
Position: -83.5133 160.293 -948.073 Orientation: 0.102174 0.0916396 0.107674 0.984667 Time: 24021730661775
Position: -81.2733 164.487 -954.1 Orientation: 0.0990748 0.0911741 0.106875 0.985114 Time: 24021801552599
Position: -79.12 168.687 -959.977 Orientation: 0.0960061 0.0905724 0.106973 0.985462 Time: 24021847554780
Position: -75.1167 175.277 -970.043 Orientation: 0.0915434 0.0924768 0.105445 0.985875 Time: 24021920925669
Position: -72.45 179.06 -975.833 Orientation: 0.0893416 0.0928753 0.10401 0.986192 Time: 24021967427996
Position: -68.89 184.027 -983.4 Orientation: 0.0866067 0.0926738 0.102208 0.986643 Time: 24022039794763
Position: -66.4433 187.427 -989.147 Orientation: 0.0853087 0.0920427 0.100077 0.987034 Time: 24022085877952
Position: -63.0133 192.13 -998.197 Orientation: 0.0818021 0.0931024 0.0978025 0.987459 Time: 24022156149991
Position: -61.72 193.53 -1001.83 Orientation: 0.0808015 0.0933018 0.0958018 0.987719 Time: 24022202717179
Position: -60.06 195.827 -1008.37 Orientation: 0.0761383 0.0950062 0.0943728 0.988064 Time: 24022275836423
Position: -59.7067 197.387 -1012.88 Orientation: 0.0745731 0.0970417 0.0936748 0.988052 Time: 24022322738181
Position: -60.08 199.48 -1017.89 Orientation: 0.0720369 0.0955714 0.094738 0.988282 Time: 24022393975071
Position: -60.2667 200.607 -1021.13 Orientation: 0.0707378 0.0965394 0.0956393 0.988195 Time: 24022439943315
Position: -59.3967 201.377 -1024.93 Orientation: 0.0693696 0.094304 0.0949374 0.988575 Time: 24022510836329
Position: -58.3267 201.063 -1026.53 Orientation: 0.0692695 0.0942038 0.0937371 0.988707 Time: 24022556862456
Position: -57.2467 199.993 -1027.44 Orientation: 0.0703378 0.0948394 0.0920392 0.98873 Time: 24022627126833
Position: -56.1933 198.653 -1027.83 Orientation: 0.0715376 0.0972391 0.0922388 0.988392 Time: 24022696697026
Position: -55.7 197.933 -1027.84 Orientation: 0.0717371 0.095405 0.0937049 0.988418 Time: 24022744794755
Position: -54.5267 196.553 -1028.03 Orientation: 0.0729043 0.0970391 0.0928055 0.988259 Time: 24022792631259
Position: -52.1 194.737 -1027.94 Orientation: 0.0732732 0.0993756 0.0922083 0.988055 Time: 24022870665477
Position: -50.72 194.083 -1028.15 Orientation: 0.0738715 0.100373 0.0919727 0.987932 Time: 24022919217238
Position: -49.68 193.633 -1029.17 Orientation: 0.07517 0.101571 0.090904 0.98781 Time: 24022968395172
Position: -49.2933 193.54 -1031.14 Orientation: 0.0733037 0.102372 0.0921714 0.98775 Time: 24023044710148
Position: -49.3733 193.317 -1033.75 Orientation: 0.0718037 0.103972 0.0922714 0.987684 Time: 24023093697192
Position: -49.1467 192.547 -1037.69 Orientation: 0.0702369 0.109372 0.0908046 0.98735 Time: 24023168156771
Position: -49.0533 192.593 -1038.81 Orientation: 0.0699353 0.109136 0.0904692 0.987428 Time: 24023214692075
Position: -49.26 192.813 -1039.09 Orientation: 0.0692018 0.111336 0.0920024 0.987092 Time: 24023286877258
Position: -49.45 192.33 -1038.49 Orientation: 0.0697348 0.109602 0.0923019 0.987221 Time: 24023333657503
Position: -49.84 191.2 -1037.55 Orientation: 0.067003 0.107005 0.0939042 0.987544 Time: 24023402787076
Position: -49.9 190.02 -1037.34 Orientation: 0.068271 0.10674 0.0923726 0.98763 Time: 24023449133954
Position: -50.4067 187.79 -1036.05 Orientation: 0.0670035 0.108039 0.0922715 0.987585 Time: 24023521355808
Position: -50.78 186.623 -1035.11 Orientation: 0.0679045 0.107941 0.0915728 0.987599 Time: 24023567763032
Position: -51.2867 185.717 -1033.37 Orientation: 0.0692359 0.107271 0.0931035 0.987437 Time: 24023640910327
Position: -51.0533 184.87 -1032.15 Orientation: 0.0700721 0.109775 0.0933739 0.987077 Time: 24023687668952
Position: -49.63 183.47 -1030.34 Orientation: 0.0715379 0.112374 0.0917725 0.986829 Time: 24023757620105
Position: -48.68 182.89 -1029.58 Orientation: 0.072607 0.112077 0.0909421 0.986862 Time: 24023804112852
Position: -47.8233 182.253 -1029.28 Orientation: 0.0733064 0.11381 0.0897744 0.986719 Time: 24023873545796
Position: -47.0567 181.797 -1029 Orientation: 0.0737698 0.113172 0.0884704 0.986875 Time: 24023919790044
Position: -46.49 181.423 -1029.23 Orientation: 0.0755724 0.115509 0.0872733 0.986575 Time: 24023991359589
Position: -46.4 181.493 -1029.53 Orientation: 0.0752722 0.115309 0.0874398 0.986606 Time: 24024039469361
Position: -46.37 181.333 -1031.16 Orientation: 0.0749698 0.115838 0.0866036 0.986641 Time: 24024110779596
Position: -46.4367 181.103 -1032.52 Orientation: 0.0740692 0.117171 0.0864362 0.986567 Time: 24024156808186
Position: -46.41 180.677 -1034.28 Orientation: 0.0732689 0.11857 0.0852359 0.986564 Time: 24024227899069
Position: -46.3567 180.603 -1034.81 Orientation: 0.0733366 0.119105 0.0850372 0.986511 Time: 24024274874173
Position: -46.1233 180.663 -1035 Orientation: 0.0726704 0.116706 0.085771 0.986784 Time: 24024343940115
Position: -45.78 180.297 -1034.93 Orientation: 0.0724369 0.115539 0.0860375 0.986915 Time: 24024389568042
Position: -44.8 178.857 -1034.71 Orientation: 0.0742383 0.119008 0.083739 0.986567 Time: 24024458799012
Position: -44.48 178.74 -1034.1 Orientation: 0.0747393 0.11971 0.0845067 0.986378 Time: 24024507036453
Position: -43.96 178.753 -1033.34 Orientation: 0.0746073 0.115111 0.0861085 0.986797 Time: 24024578644176
Position: -43.51 178.333 -1033.44 Orientation: 0.0742388 0.115209 0.0865731 0.986773 Time: 24024625242974
Position: -42.5767 176.74 -1034.13 Orientation: 0.0741701 0.118139 0.0860373 0.986478 Time: 24024696119156
Position: -42.55 175.423 -1034.07 Orientation: 0.0744719 0.115508 0.0879062 0.986602 Time: 24024767731395
Position: -42.78 174.57 -1034.14 Orientation: 0.0744351 0.115936 0.0893688 0.986424 Time: 24024816998274
Position: -42.8533 173.503 -1033.96 Orientation: 0.0741682 0.114702 0.0908352 0.986454 Time: 24024865760629
Position: -42.4867 171.79 -1033.73 Orientation: 0.0741058 0.114909 0.0921739 0.98631 Time: 24024938195542
Position: -41.9967 170.293 -1033.7 Orientation: 0.0734061 0.115243 0.0929744 0.986249 Time: 24024985677086
Position: -40.9633 167.6 -1033.89 Orientation: 0.0736055 0.117509 0.0925403 0.986007 Time: 24025055631523
Position: -40.4867 166.273 -1033.7 Orientation: 0.0724064 0.118677 0.0932749 0.985887 Time: 24025102594859
Position: -40.2467 164.767 -1033.49 Orientation: 0.0726063 0.118077 0.0928413 0.985985 Time: 24025174842850
Position: -40.38 163.383 -1033.24 Orientation: 0.0727738 0.116711 0.0925424 0.986163 Time: 24025220897714
Position: -40.7667 162.15 -1032.42 Orientation: 0.0737071 0.115578 0.0925422 0.986228 Time: 24025294734540
Position: -40.6867 161.697 -1030.88 Orientation: 0.0738734 0.11451 0.0937752 0.986223 Time: 24025340827444
Position: -39.81 160.95 -1028.69 Orientation: 0.0761367 0.115605 0.0925041 0.986043 Time: 24025411186239
Position: -39.11 160.76 -1027.44 Orientation: 0.0770398 0.116843 0.0922744 0.985849 Time: 24025457925433
Position: -38.39 160.713 -1026.37 Orientation: 0.0781726 0.117242 0.0916069 0.985775 Time: 24025531570959
Position: -38.0633 160.613 -1026.23 Orientation: 0.0787716 0.118807 0.0913723 0.985561 Time: 24025578656628
Position: -37.81 160.37 -1026.17 Orientation: 0.0784065 0.11741 0.0911076 0.985782 Time: 24025649964264
Position: -37.71 160.15 -1026.48 Orientation: 0.0780728 0.117276 0.0901737 0.985911 Time: 24025696079884
Position: -37.4733 160.177 -1027.38 Orientation: 0.0780046 0.118974 0.0900386 0.985725 Time: 24025764974367
Position: -37.3633 160.277 -1027.8 Orientation: 0.0772715 0.119274 0.0906056 0.985694 Time: 24025811325623
Position: -37.1367 160.17 -1028.63 Orientation: 0.0770716 0.117874 0.0896725 0.985964 Time: 24025880856134
Position: -36.9733 160.097 -1028.97 Orientation: 0.0773037 0.117806 0.089371 0.985981 Time: 24025926700813
Position: -36.9333 160.177 -1028.82 Orientation: 0.0770713 0.11814 0.0901054 0.985892 Time: 24025996841761
Position: -36.7933 160.063 -1028.29 Orientation: 0.0772056 0.117209 0.0899732 0.986005 Time: 24026043332729
Position: -36.76 160.013 -1027.52 Orientation: 0.0776711 0.118073 0.0897051 0.98589 Time: 24026113033467
Position: -37.0767 160.273 -1026.7 Orientation: 0.0782062 0.118576 0.0901738 0.985744 Time: 24026159156613
Position: -37.4033 160.547 -1025.61 Orientation: 0.0786069 0.11711 0.090908 0.98582 Time: 24026229140333
