Position: 57.64 -160.287 -1176.22 Orientation: 0.0847395 0.0728387 0.0767056 0.990772 Time: 1257872263922
Position: 57.6533 -160.287 -1176.2 Orientation: 0.0852038 0.0713366 0.0762368 0.990878 Time: 1258046728502
Position: 57.66 -160.287 -1176.22 Orientation: 0.0851067 0.0718056 0.0763393 0.990845 Time: 1258141961847
Position: 57.6667 -160.303 -1176.2 Orientation: 0.0846413 0.0705733 0.0760738 0.990993 Time: 1258265830920
Position: 57.67 -160.297 -1176.21 Orientation: 0.0845387 0.0717712 0.0763381 0.990896 Time: 1258364835480
Position: 57.63 -160.277 -1176.23 Orientation: 0.0846402 0.0735393 0.0769062 0.990714 Time: 1258486887298
Position: 57.64 -160.277 -1176.29 Orientation: 0.0848406 0.0730396 0.0766732 0.990751 Time: 1258581813297
Position: 57.6367 -160.277 -1176.23 Orientation: 0.084774 0.0731063 0.0766733 0.990752 Time: 1258705023615
Position: 57.6467 -160.283 -1176.2 Orientation: 0.0847739 0.0727395 0.0766065 0.990784 Time: 1258799606963
Position: 57.6467 -160.287 -1176.25 Orientation: 0.0849063 0.0727387 0.0766057 0.990773 Time: 1258900522378
Position: 57.6433 -160.287 -1176.23 Orientation: 0.0846053 0.0731046 0.0767381 0.990762 Time: 1259029932164
Position: 57.6367 -160.28 -1176.21 Orientation: 0.0848384 0.0729044 0.0767046 0.990759 Time: 1259146245944
Position: 57.65 -160.273 -1176.24 Orientation: 0.0847731 0.0731723 0.0767392 0.990742 Time: 1259242859198
Position: 57.6333 -160.27 -1176.22 Orientation: 0.0846061 0.0737053 0.0769055 0.990704 Time: 1259338527426
Position: 57.6567 -160.29 -1176.23 Orientation: 0.0848397 0.072072 0.076439 0.990841 Time: 1259461717902
Position: 57.6467 -160.287 -1176.22 Orientation: 0.0848022 0.0726019 0.076602 0.990792 Time: 1259593443457
Position: 57.6367 -160.27 -1176.22 Orientation: 0.0846701 0.0736363 0.0768698 0.990707 Time: 1259688810496
Position: 57.64 -160.23 -1176.22 Orientation: 0.0848754 0.0721074 0.0764412 0.990835 Time: 1259811426101
Position: 57.64 -160.33 -1176.27 Orientation: 0.0850077 0.0735733 0.0767736 0.99069 Time: 1259908797321
Position: 57.65 -160.34 -1176.19 Orientation: 0.0847393 0.0715717 0.0762054 0.990903 Time: 1260027254313
Position: 57.6267 -160.357 -1176.23 Orientation: 0.0852364 0.0736359 0.0767361 0.990669 Time: 1260144070027
Position: 57.5533 -160.303 -1176.07 Orientation: 0.0848716 0.0732376 0.0768044 0.990724 Time: 1260239294204
Position: 57.54 -160.307 -1176.06 Orientation: 0.0844369 0.0737698 0.0769699 0.990709 Time: 1260360138395
Position: 57.4867 -160.313 -1175.99 Orientation: 0.0848357 0.0734354 0.0770355 0.990695 Time: 1260458159475
Position: 57.5367 -160.303 -1176.12 Orientation: 0.084641 0.0742067 0.0770069 0.990656 Time: 1260581666330
Position: 57.4333 -160.373 -1175.92 Orientation: 0.0843706 0.0732701 0.0770369 0.990746 Time: 1260678823666
Position: 57.2733 -160.407 -1175.55 Orientation: 0.0840696 0.0705025 0.0766693 0.991001 Time: 1260802246499
Position: 57.06 -160.623 -1175.3 Orientation: 0.0843737 0.0682057 0.076073 0.991182 Time: 1260899306268
Position: 57.1833 -160.173 -1175.15 Orientation: 0.0825347 0.0684678 0.0761013 0.991317 Time: 1261025124922
Position: 57.0233 -159.423 -1174.51 Orientation: 0.0785727 0.0679052 0.0748057 0.991776 Time: 1261120687097
Position: 57.77 -154.677 -1174.84 Orientation: 0.0718717 0.0734051 0.0710383 0.992169 Time: 1261240103621
Position: 59.2167 -149.03 -1174.94 Orientation: 0.07557 0.0812036 0.059536 0.992044 Time: 1261335386502
Position: 61.57 -137.45 -1171.67 Orientation: 0.0609025 0.0791033 0.0575024 0.993341 Time: 1261457595141
Position: 62.55 -127.913 -1169.09 Orientation: 0.0531721 0.0796748 0.055839 0.993834 Time: 1261553025948
Position: 61.6633 -114.013 -1165.24 Orientation: 0.0494026 0.0734039 0.0487026 0.994887 Time: 1261672762408
Position: 61.6667 -105.513 -1162.28 Orientation: 0.0492362 0.0755711 0.0460694 0.994858 Time: 1261768054731
Position: 61.9067 -98.19 -1158.69 Orientation: 0.0516363 0.0774711 0.0423024 0.994757 Time: 1261888801766
Position: 60.0567 -92.27 -1155.94 Orientation: 0.0505381 0.0769073 0.0414373 0.994894 Time: 1261984534856
Position: 57.73 -86.28 -1151.72 Orientation: 0.0506028 0.0738041 0.0431024 0.995055 Time: 1262106862546
Position: 55.3433 -80.4467 -1147.16 Orientation: 0.0530027 0.0710703 0.0433689 0.995118 Time: 1262224003807
Position: 52.5067 -75.31 -1143.19 Orientation: 0.0547046 0.0693059 0.0441037 0.995118 Time: 1262317923747
Position: 49.1433 -70.3467 -1138.19 Orientation: 0.0579693 0.0648696 0.045302 0.995178 Time: 1262434902303
Position: 46.7033 -67.0333 -1134.63 Orientation: 0.0594697 0.0644366 0.047469 0.995017 Time: 1262529964869
Position: 43.5067 -63.3367 -1129.62 Orientation: 0.0631385 0.061005 0.0486707 0.994949 Time: 1262648978259
Position: 40.3833 -60.68 -1125.28 Orientation: 0.0662051 0.060338 0.0509373 0.994677 Time: 1262747042033
Position: 36.43 -56.7367 -1119.75 Orientation: 0.0695384 0.0599377 0.0528705 0.994372 Time: 1262869037336
Position: 34.08 -53.1933 -1114.99 Orientation: 0.0721363 0.0578024 0.0536022 0.994275 Time: 1262995511324
Position: 32.74 -49.9967 -1111.16 Orientation: 0.0749037 0.0564028 0.0523693 0.994216 Time: 1263091629623
Position: 30.8433 -44.8133 -1105.45 Orientation: 0.0778718 0.0584039 0.05057 0.993966 Time: 1263211998427
Position: 29.7633 -40.93 -1100.57 Orientation: 0.0800027 0.0605021 0.0506351 0.993668 Time: 1263312082530
Position: 26.9967 -37.7167 -1094.12 Orientation: 0.0823373 0.0627031 0.0530359 0.993215 Time: 1263431960347
Position: 24.0267 -36.1667 -1089.73 Orientation: 0.0858061 0.0611377 0.0545372 0.992938 Time: 1263528600970
Position: 19.4367 -33.7333 -1084.46 Orientation: 0.08777 0.0637691 0.0580022 0.992404 Time: 1263646615553
Position: 14.8733 -31.9133 -1080.68 Orientation: 0.0895373 0.0636361 0.0609693 0.992077 Time: 1263739995926
Position: 9.23333 -29.7167 -1076.12 Orientation: 0.0935717 0.0643035 0.0647702 0.99142 Time: 1263861401169
Position: 6.07 -28.7133 -1072 Orientation: 0.0975399 0.0666378 0.0660378 0.9908 Time: 1263960274088
Position: 2.50667 -27.59 -1066.5 Orientation: 0.102109 0.0670391 0.0664391 0.990286 Time: 1264082650630
Position: -0.00666666 -27.28 -1060.63 Orientation: 0.107075 0.0679383 0.0668382 0.989673 Time: 1264180153628
Position: -3.6 -27.43 -1052.91 Orientation: 0.112112 0.0678072 0.0700074 0.988904 Time: 1264303548546
Position: -6.77 -28.22 -1047.5 Orientation: 0.116605 0.0694361 0.0727695 0.988072 Time: 1264395736346
Position: -11.1767 -29.8267 -1039.2 Orientation: 0.122512 0.0690068 0.0766075 0.987097 Time: 1264513019237
Position: -13.8867 -32.76 -1033.21 Orientation: 0.129142 0.0699383 0.0793389 0.98597 Time: 1264609219504
Position: -17.88 -36.4933 -1027.37 Orientation: 0.135478 0.0716394 0.0831404 0.984683 Time: 1264731651468
Position: -20.9267 -39.91 -1023.86 Orientation: 0.141073 0.0715032 0.0862038 0.983644 Time: 1264826547499
Position: -24.1567 -45.0967 -1018.72 Orientation: 0.148612 0.0713389 0.0899403 0.98221 Time: 1264946975008
Position: -26.49 -49.38 -1014.27 Orientation: 0.155313 0.069639 0.0926075 0.981047 Time: 1265042050712
Position: -30.6867 -55.6933 -1011.52 Orientation: 0.164446 0.071439 0.0975745 0.978945 Time: 1265163414901
Position: -33.9233 -61.1467 -1012.58 Orientation: 0.174374 0.0716698 0.102138 0.976742 Time: 1265262185052
Position: -36.7333 -67.4733 -1014.36 Orientation: 0.185978 0.0689375 0.112173 0.973692 Time: 1265388160937
Position: -39.0267 -72.6167 -1015.89 Orientation: 0.193912 0.0666707 0.121407 0.971192 Time: 1265482662043
Position: -40.6533 -77.5667 -1017.21 Orientation: 0.200978 0.0644703 0.128507 0.968988 Time: 1265580590618
Position: -41.03 -84.96 -1018.22 Orientation: 0.207779 0.0639039 0.140009 0.965993 Time: 1265705675665
Position: -40.96 -89.75 -1019.43 Orientation: 0.21121 0.0655031 0.149307 0.963746 Time: 1265803018148
Position: -41.6633 -96.4767 -1021.91 Orientation: 0.216184 0.0610048 0.162446 0.960809 Time: 1265921207341
Position: -40.8567 -101.727 -1024.01 Orientation: 0.218039 0.0571682 0.169204 0.959459 Time: 1266017418555
Position: -38.5533 -108.18 -1026.82 Orientation: 0.222178 0.0538026 0.176175 0.957447 Time: 1266137587160
Position: -36.49 -114.3 -1029.7 Orientation: 0.227287 0.0514045 0.182016 0.955284 Time: 1266232904663
Position: -33.49 -120.59 -1034.13 Orientation: 0.229657 0.0502053 0.189453 0.953333 Time: 1266353375004
Position: -32.4567 -122.677 -1036.66 Orientation: 0.230321 0.0499379 0.192451 0.952587 Time: 1266452347954
Position: -29.9733 -127.017 -1041.88 Orientation: 0.231088 0.0446375 0.198018 0.951522 Time: 1266570218168
Position: -27.4867 -129.94 -1046.8 Orientation: 0.231153 0.0412035 0.200784 0.951082 Time: 1266664512507
Position: -25.0367 -131.003 -1053.32 Orientation: 0.229985 0.0387697 0.201849 0.951242 Time: 1266785499561
Position: -21.9333 -130.21 -1058.34 Orientation: 0.227086 0.0365032 0.202218 0.951949 Time: 1266879259260
Position: -18.16 -128.283 -1063.28 Orientation: 0.22488 0.0319019 0.199912 0.953124 Time: 1266998889256
Position: -14.4667 -124.713 -1067.98 Orientation: 0.220478 0.0295348 0.198543 0.954514 Time: 1267095790973
Position: -10.29 -118.51 -1074.43 Orientation: 0.215322 0.0261693 0.193786 0.956765 Time: 1267217848265
Position: -7.49 -112.777 -1078.56 Orientation: 0.209852 0.0245688 0.190483 0.958684 Time: 1267313136483
Position: -4.60667 -105.803 -1082.64 Orientation: 0.205946 0.0220014 0.186578 0.96036 Time: 1267434916671
Position: -2.6 -99.8267 -1084.68 Orientation: 0.203179 0.0195012 0.182111 0.961859 Time: 1267532463322
Position: 1.30333 -91.3033 -1084.85 Orientation: 0.19905 0.0170681 0.175581 0.963981 Time: 1267652670379
Position: 4.01 -86.3 -1084.13 Orientation: 0.198004 0.0160003 0.171103 0.965019 Time: 1267751171363
Position: 7.07 -77.0467 -1082.76 Orientation: 0.193653 0.0156683 0.16345 0.967232 Time: 1267874650438
Position: 8.48667 -69.02 -1081.72 Orientation: 0.190481 0.0130343 0.155712 0.969175 Time: 1267968235937
Position: 8.66333 -61.9 -1080.45 Orientation: 0.187042 0.0118672 0.150307 0.970712 Time: 1268086739181
Position: 8.89333 -56.0433 -1078.66 Orientation: 0.183477 0.011134 0.146908 0.971921 Time: 1268183613939
Position: 9.96 -47.6067 -1074.44 Orientation: 0.179477 0.0137342 0.141575 0.973425 Time: 1268303419641
Position: 10.0867 -42.3033 -1069.97 Orientation: 0.17864 0.016534 0.139939 0.973772 Time: 1268419745053
Position: 9.25333 -37.38 -1064.65 Orientation: 0.179852 0.0164684 0.136981 0.97397 Time: 1268514215643
Position: 8.26333 -32.3967 -1057.31 Orientation: 0.179748 0.019735 0.135178 0.974181 Time: 1268633597135
Position: 7.68667 -26.6767 -1049.69 Orientation: 0.182583 0.019035 0.131645 0.974151 Time: 1268751961485
Position: 7.15333 -24.5633 -1046.11 Orientation: 0.18305 0.0190351 0.131446 0.974091 Time: 1268849138390
Position: 5.68333 -21.3933 -1039.65 Orientation: 0.184981 0.016368 0.131177 0.97381 Time: 1268972930285
Position: 5.43333 -18.2967 -1035.38 Orientation: 0.184281 0.0197349 0.131444 0.973845 Time: 1269068662417
Position: 4.41 -17.3967 -1029.53 Orientation: 0.18871 0.0169676 0.131407 0.973053 Time: 1269185712404
Position: 3.93333 -17.1033 -1023.89 Orientation: 0.192512 0.0175678 0.131175 0.972329 Time: 1269279821596
Position: 3.2 -17.67 -1016.93 Orientation: 0.197715 0.0199015 0.13241 0.971072 Time: 1269398047736
Position: 1.86333 -18.7833 -1012.07 Orientation: 0.20259 0.0191356 0.132915 0.970013 Time: 1269496065121
Position: -0.143333 -20.66 -1006.88 Orientation: 0.209916 0.0227017 0.131976 0.968505 Time: 1269615626287
Position: -3.9 -23.1633 -1006.15 Orientation: 0.215307 0.018334 0.133771 0.967167 Time: 1269736594047
Position: -4.61333 -26.8567 -1005.78 Orientation: 0.220053 0.0209352 0.139612 0.965219 Time: 1269831804950
Position: -5.89333 -33.9933 -1005.11 Orientation: 0.228823 0.0263693 0.148815 0.961665 Time: 1269953283812
Position: -5.66 -37.47 -1001.53 Orientation: 0.223911 0.020401 0.163708 0.960545 Time: 1270047224415
Position: -1.4 -45.97 -994.543 Orientation: 0.236304 0.0270338 0.16597 0.957018 Time: 1270166271194
Position: 0.08 -52.1767 -989.803 Orientation: 0.242661 0.0350706 0.168953 0.954642 Time: 1270261181319
Position: -1.88 -60.74 -985.893 Orientation: 0.251791 0.0339699 0.17335 0.951524 Time: 1270382585877
Position: -3.52333 -67.73 -983.52 Orientation: 0.257774 0.0312675 0.177072 0.949326 Time: 1270475071581
Position: -4.44667 -74.4167 -982.503 Orientation: 0.260879 0.0354017 0.184342 0.946946 Time: 1270592807418
Position: -4.82333 -81.3933 -982.69 Orientation: 0.265656 0.036303 0.189916 0.944479 Time: 1270690834519
Position: -3.87667 -91.19 -983.993 Orientation: 0.270945 0.0367015 0.196841 0.941539 Time: 1270809072564
Position: -3.62333 -99.15 -986.243 Orientation: 0.273792 0.03547 0.202685 0.93952 Time: 1270907811378
Position: -1.97667 -108.197 -990.293 Orientation: 0.277561 0.0344034 0.207087 0.937492 Time: 1271029991964
Position: 0.25 -115.183 -994.38 Orientation: 0.279294 0.0344034 0.209421 0.936458 Time: 1271125738191
Position: 2.9 -121.87 -999.34 Orientation: 0.278914 0.0332017 0.210611 0.936348 Time: 1271245853427
Position: 5.03667 -128.46 -1004.88 Orientation: 0.278627 0.0332366 0.212854 0.935925 Time: 1271363090614
Position: 7.57333 -132.773 -1010.37 Orientation: 0.278051 0.0313353 0.21228 0.936292 Time: 1271458641568
Position: 11.22 -135.743 -1016.61 Orientation: 0.274823 0.0295024 0.211517 0.937477 Time: 1271553512556
Position: 15.81 -138.177 -1025.24 Orientation: 0.271291 0.0264023 0.209352 0.939083 Time: 1271675893889
Position: 20.95 -137.46 -1034.82 Orientation: 0.264107 0.0259007 0.205805 0.941924 Time: 1271795846011
Position: 25.3033 -135.897 -1042.05 Orientation: 0.259315 0.023368 0.200545 0.944453 Time: 1271891090714
Position: 33.0633 -130.54 -1053.74 Orientation: 0.250788 0.0182349 0.190116 0.949015 Time: 1272016721895
Position: 38.3833 -124.407 -1061.96 Orientation: 0.242818 0.0169013 0.18248 0.952604 Time: 1272114368029
Position: 43.2133 -116.88 -1068.45 Orientation: 0.234186 0.0173014 0.175048 0.956146 Time: 1272208537568
Position: 47.7433 -108.89 -1073.38 Orientation: 0.228784 0.0143344 0.166046 0.959104 Time: 1272311554048
Position: 52.04 -99.5167 -1078.1 Orientation: 0.222983 0.0112008 0.157578 0.961937 Time: 1272438850591
Position: 54.1933 -92.45 -1081.19 Orientation: 0.219452 0.00890076 0.152546 0.963582 Time: 1272531864229
Position: 56.1633 -83.46 -1083.08 Orientation: 0.216384 0.00946742 0.148012 0.964977 Time: 1272654989295
Position: 56.9267 -75.5067 -1082.91 Orientation: 0.214283 0.00780058 0.143744 0.966105 Time: 1272779421882
Position: 56.9233 -69.4767 -1082.31 Orientation: 0.213352 0.00860075 0.142079 0.966551 Time: 1272872369974
Position: 55.9533 -61.8133 -1080.99 Orientation: 0.211175 0.00920036 0.140839 0.967205 Time: 1272996786003
Position: 55.1733 -58.1467 -1080.14 Orientation: 0.21038 0.00813384 0.140109 0.967494 Time: 1273092503493
Position: 54.1133 -50.0633 -1078.05 Orientation: 0.208247 0.010234 0.138509 0.968165 Time: 1273208620768
Position: 52.9367 -44.0267 -1076.23 Orientation: 0.207611 0.0118339 0.138041 0.96835 Time: 1273305993083
Position: 50.99 -39.2633 -1073.84 Orientation: 0.207973 0.0125004 0.138738 0.968165 Time: 1273404480382
Position: 48.6233 -33.5767 -1070.18 Orientation: 0.207644 0.0137007 0.138974 0.968185 Time: 1273527186302
Position: 46.28 -28.37 -1064.83 Orientation: 0.208216 0.013501 0.138911 0.968074 Time: 1273644447162
Position: 44.75 -25.0367 -1060.43 Orientation: 0.207842 0.0132005 0.139039 0.96814 Time: 1273738647901
Position: 40.8933 -20.8033 -1053.41 Orientation: 0.20885 0.0126343 0.139878 0.96781 Time: 1273861730820
Position: 38.0233 -18.87 -1047.51 Orientation: 0.209505 0.0111002 0.140103 0.967655 Time: 1273957802730
Position: 35.51 -17.4667 -1040.05 Orientation: 0.211549 0.0119676 0.140977 0.967072 Time: 1274078863405
Position: 34.2667 -16.9367 -1031.03 Orientation: 0.214876 0.0114339 0.13984 0.96651 Time: 1274195750961
Position: 33.9633 -16.9267 -1024.44 Orientation: 0.218447 0.010434 0.138642 0.965894 Time: 1274295752822
Position: 33.6 -17.12 -1019.16 Orientation: 0.219914 0.0121007 0.139209 0.96546 Time: 1274393658271
Position: 32.8367 -17.6033 -1012.92 Orientation: 0.224224 0.0103011 0.136548 0.964869 Time: 1274514828145
Position: 31.5967 -18.3233 -1007.19 Orientation: 0.225977 0.00920042 0.137206 0.964378 Time: 1274632104331
Position: 31.5267 -19.7933 -1002.48 Orientation: 0.228146 0.0111673 0.137141 0.963855 Time: 1274724921329
Position: 31.46 -21.21 -995.41 Orientation: 0.23158 0.0136341 0.137241 0.96299 Time: 1274844678862
Position: 31.4333 -21.85 -991.583 Orientation: 0.233309 0.0129672 0.136839 0.962639 Time: 1274941244223
Position: 31.5133 -23.7733 -983.857 Orientation: 0.237426 0.0153017 0.137015 0.961572 Time: 1275059139890
Position: 32.6867 -26.37 -976.863 Orientation: 0.242474 0.0166672 0.136271 0.960395 Time: 1275176273761
Position: 33.5467 -28.7933 -970.817 Orientation: 0.246409 0.0159006 0.135838 0.959467 Time: 1275272460618
Position: 34.3733 -31.56 -964.873 Orientation: 0.250777 0.0175007 0.136539 0.958207 Time: 1275388636735
Position: 34.6467 -35.0433 -959.493 Orientation: 0.255461 0.0167352 0.137082 0.956905 Time: 1275487861336
Position: 34.78 -38.5567 -954.263 Orientation: 0.25871 0.0186007 0.138438 0.955802 Time: 1275585869280
Position: 34.9633 -44.82 -947.827 Orientation: 0.265023 0.018635 0.139946 0.95385 Time: 1275704859679
Position: 36.1167 -50.9167 -942.463 Orientation: 0.269078 0.0221676 0.143073 0.952174 Time: 1275821960982
Position: 37.87 -56.3867 -937.447 Orientation: 0.273393 0.0249691 0.145381 0.950525 Time: 1275918191354
Position: 40.4433 -63.1 -932.6 Orientation: 0.278217 0.0263349 0.147942 0.948691 Time: 1276020854235
Position: 42.66 -70.4 -928.653 Orientation: 0.282389 0.0290689 0.152178 0.946707 Time: 1276124929868
Position: 45.7167 -80.2567 -924.263 Orientation: 0.288589 0.0329025 0.156479 0.944006 Time: 1276247272611
Position: 47.94 -87.5833 -921.953 Orientation: 0.292755 0.0356693 0.159778 0.942069 Time: 1276345952583
Position: 50.21 -93.33 -921.18 Orientation: 0.295613 0.0375016 0.161907 0.940741 Time: 1276443464339
Position: 53.6833 -101.087 -923.167 Orientation: 0.297547 0.0361683 0.165207 0.939609 Time: 1276569104689
Position: 56.46 -105.17 -926.147 Orientation: 0.297529 0.0347367 0.166216 0.93949 Time: 1276669557990
Position: 59.83 -109.1 -930.58 Orientation: 0.297137 0.031604 0.165121 0.939918 Time: 1276790586918
Position: 63.3233 -112.397 -936.14 Orientation: 0.294679 0.0306013 0.16504 0.940739 Time: 1276910785765
Position: 66.4233 -114.76 -941.773 Orientation: 0.291927 0.0288027 0.163882 0.941855 Time: 1277008021649
Position: 70.09 -117.54 -949.36 Orientation: 0.287953 0.0251017 0.162445 0.943432 Time: 1277124888679
Position: 74.77 -119.673 -956.76 Orientation: 0.28412 0.0238017 0.160845 0.944901 Time: 1277221757280
Position: 80.04 -121.637 -965.13 Orientation: 0.279253 0.0220015 0.159044 0.946699 Time: 1277319323635
Position: 86.3867 -123.607 -977.243 Orientation: 0.272958 0.0199685 0.155781 0.949119 Time: 1277441742873
Position: 89.2733 -123.707 -983.49 Orientation: 0.268699 0.0189023 0.154185 0.950616 Time: 1277537287532
Position: 94.0767 -122.997 -996.137 Orientation: 0.260347 0.0138674 0.149208 0.953816 Time: 1277657603789
Position: 97.3367 -120.837 -1005.36 Orientation: 0.254024 0.0118345 0.145014 0.956192 Time: 1277751077489
Position: 100.58 -115.71 -1014.79 Orientation: 0.245418 0.00673383 0.138577 0.959438 Time: 1277866833229
Position: 103.46 -107.867 -1024.09 Orientation: 0.236178 0.00380018 0.132606 0.962612 Time: 1277991187679
Position: 104.947 -100.35 -1030.38 Orientation: 0.229324 0.000733409 0.12798 0.9649 Time: 1278090983868
Position: 106.103 -91.3833 -1035.34 Orientation: 0.222183 -0.00226683 0.122542 0.967271 Time: 1278214401227
Position: 106.877 -82.27 -1038.68 Orientation: 0.215813 -0.00293351 0.117841 0.969293 Time: 1278308785607
Position: 105.77 -72.32 -1040.89 Orientation: 0.210744 -0.00670035 0.113406 0.970918 Time: 1278425668648
Position: 102.873 -61.8933 -1041.57 Orientation: 0.204713 -0.00996728 0.110974 0.97246 Time: 1278542486415
Position: 101.057 -54.5633 -1040.68 Orientation: 0.20117 -0.0103668 0.109602 0.97335 Time: 1278641471954
Position: 99.4267 -47.94 -1038.35 Orientation: 0.198942 -0.00980044 0.108438 0.973944 Time: 1278741600941
Position: 98.2133 -42.0067 -1035.33 Orientation: 0.197211 -0.0091005 0.107073 0.974454 Time: 1278847691428
Position: 96.57 -33.4667 -1028.82 Orientation: 0.195044 -0.00413357 0.105873 0.975055 Time: 1278969527858
Position: 94.5633 -27.88 -1022.81 Orientation: 0.195406 -0.00260008 0.10487 0.975096 Time: 1279066875814
Position: 92.53 -22.4 -1014.42 Orientation: 0.19702 -0.00130013 0.10371 0.974898 Time: 1279188640949
Position: 90.73 -20.4733 -1007.73 Orientation: 0.200377 -0.000166675 0.104005 0.974183 Time: 1279286000127
Position: 87.5567 -19.3067 -996.717 Orientation: 0.206518 0.00310027 0.105643 0.972718 Time: 1279407254843
Position: 86.1367 -19.57 -988.113 Orientation: 0.211372 0.00620016 0.106569 0.971559 Time: 1279501231299
Position: 85.36 -22.5333 -978.627 Orientation: 0.218214 0.0117674 0.108373 0.969794 Time: 1279619932279
Position: 83.8233 -27.3333 -972.33 Orientation: 0.225981 0.0162677 0.112074 0.967527 Time: 1279713734125
Position: 81.3 -33.19 -968.273 Orientation: 0.232416 0.0203681 0.117041 0.965334 Time: 1279837239747
Position: 76.63 -38.99 -967.1 Orientation: 0.236614 0.0221013 0.123607 0.963456 Time: 1279932090483
Position: 68.7833 -45.05 -969.453 Orientation: 0.237856 0.0190351 0.131346 0.962191 Time: 1280052846823
Position: 61.2867 -48.9767 -974.53 Orientation: 0.236481 0.0166677 0.138342 0.961593 Time: 1280171852412
Position: 54.13 -52.1967 -979.88 Orientation: 0.234483 0.0136343 0.144644 0.961202 Time: 1280273713539
Position: 47.1933 -54.7233 -985.253 Orientation: 0.232483 0.0107008 0.150011 0.960903 Time: 1280370963517
Position: 38.9367 -57.6 -992.06 Orientation: 0.229846 0.00903381 0.156508 0.960518 Time: 1280490419314
Position: 35.2633 -59.1667 -995.267 Orientation: 0.228982 0.00783385 0.159377 0.960263 Time: 1280585107346
Position: 26.8633 -61.76 -1001.92 Orientation: 0.227155 0.00506715 0.164849 0.959792 Time: 1280706770260
Position: 20.5833 -63.4533 -1006.67 Orientation: 0.224654 0.00320029 0.169449 0.959587 Time: 1280801898511
Position: 13.7667 -65.03 -1012.09 Orientation: 0.223517 -0.00040003 0.17348 0.959138 Time: 1280922579177
Position: 6.38667 -65.4033 -1018.4 Orientation: 0.220415 -0.00180012 0.178512 0.95893 Time: 1281044687237
Position: -0.00999999 -66.68 -1023.79 Orientation: 0.21998 -0.0044336 0.182744 0.958224 Time: 1281161679751
Position: -4.94333 -67.5533 -1027.23 Orientation: 0.21928 -0.00356688 0.185845 0.957792 Time: 1281259573294
Position: -12.1667 -68.9667 -1030.28 Orientation: 0.22015 -0.004367 0.188481 0.957073 Time: 1281376732344
Position: -17.5467 -70.0967 -1030.86 Orientation: 0.220786 -0.00553382 0.19085 0.956451 Time: 1281473447820
Position: -21.6133 -70.6967 -1029.93 Orientation: 0.221744 -0.00646697 0.192076 0.955978 Time: 1281570933850
Position: -25.0067 -70.4867 -1026.33 Orientation: 0.226044 -0.00176675 0.190976 0.955212 Time: 1281692513154
Position: -27.24 -70.6667 -1022.34 Orientation: 0.230792 0.00290032 0.190487 0.95417 Time: 1281788180834
Position: -29.9033 -70.5 -1017.42 Orientation: 0.235891 0.00490051 0.18872 0.953266 Time: 1281907248138
Position: -33.12 -70.2567 -1012.44 Orientation: 0.240806 0.00780021 0.188172 0.952125 Time: 1282004014792
Position: -36.54 -69.7833 -1008.84 Orientation: 0.245309 0.0171673 0.185707 0.951337 Time: 1282124042177
Position: -39.9533 -70.45 -1003.88 Orientation: 0.24722 0.00790064 0.188182 0.950477 Time: 1282245781175
Position: -40.8933 -71.5367 -996.65 Orientation: 0.250052 0.00906735 0.187447 0.949871 Time: 1282341293266
Position: -43.0067 -71.1867 -988.09 Orientation: 0.251952 0.0111675 0.188514 0.949136 Time: 1282459264334
Position: -45.3433 -71.5133 -980.893 Orientation: 0.254981 0.0132341 0.188244 0.948353 Time: 1282558807091
Position: -48.8967 -71.5467 -974.243 Orientation: 0.256494 0.012368 0.189354 0.947736 Time: 1282679748440
Position: -52.2967 -71.18 -969.23 Orientation: 0.257454 0.0123677 0.189849 0.947376 Time: 1282773960948
Position: -57.7833 -71.0467 -962.407 Orientation: 0.258141 0.0120337 0.190672 0.947028 Time: 1282894969486
Position: -61.8067 -71.42 -957.45 Orientation: 0.256949 0.0133341 0.192212 0.947024 Time: 1282991130206
Position: -66.5967 -71.82 -952.183 Orientation: 0.258086 0.0141011 0.191881 0.946771 Time: 1283110254300
Position: -70.1767 -72.2833 -947.753 Orientation: 0.258716 0.0113674 0.190778 0.946858 Time: 1283230393758
Position: -73.15 -74.2433 -943.67 Orientation: 0.25995 0.00850055 0.191879 0.946328 Time: 1283327527557
Position: -77.5967 -80.07 -938.943 Orientation: 0.263248 0.0103339 0.197111 0.94432 Time: 1283450269330
Position: -81.0867 -85.1867 -935.197 Orientation: 0.266519 0.0108674 0.200414 0.9427 Time: 1283545710401
Position: -83.92 -92.7233 -930.713 Orientation: 0.27065 0.0148009 0.204646 0.940558 Time: 1283669023214
Position: -86.37 -100.25 -928.067 Orientation: 0.276494 0.0181351 0.208454 0.93796 Time: 1283763450973
Position: -88.5867 -107.17 -926.193 Orientation: 0.280409 0.0186672 0.212273 0.935929 Time: 1283861085749
Position: -91.02 -114.97 -924.74 Orientation: 0.283925 0.0209019 0.217219 0.933684 Time: 1283983903332
Position: -92.5833 -119.75 -923.537 Orientation: 0.286018 0.021668 0.219647 0.932459 Time: 1284078559342
Position: -93.8433 -126.273 -921.493 Orientation: 0.291446 0.0221343 0.220876 0.930474 Time: 1284198688675
Position: -94.11 -129.9 -919.403 Orientation: 0.294714 0.0241345 0.221644 0.929212 Time: 1284293430895
Position: -94.9367 -134.23 -916.73 Orientation: 0.298458 0.0263355 0.223085 0.927611 Time: 1284415845206
Position: -95.92 -141.38 -916.8 Orientation: 0.303124 0.028769 0.226718 0.925141 Time: 1284535360804
Position: -96.3667 -144.453 -918.273 Orientation: 0.304578 0.027901 0.228842 0.924167 Time: 1284632599014
Position: -95.85 -147.557 -922.12 Orientation: 0.302657 0.0267688 0.231352 0.924207 Time: 1284752198358
Position: -93.33 -148.903 -925.357 Orientation: 0.301852 0.026635 0.230881 0.924592 Time: 1284846773769
Position: -89.4467 -150.07 -929.98 Orientation: 0.300159 0.0261022 0.229186 0.925579 Time: 1284966845901
Position: -86.4133 -151.627 -936.193 Orientation: 0.297917 0.0251348 0.228413 0.926521 Time: 1285063912648
Position: -81.9 -154.03 -944.62 Orientation: 0.295627 0.0236022 0.226821 0.927685 Time: 1285181768221
Position: -77.7267 -155.817 -950.487 Orientation: 0.293656 0.0240352 0.226117 0.928472 Time: 1285275143122
Position: -71.0667 -157.027 -959.64 Orientation: 0.290603 0.0229696 0.222695 0.930284 Time: 1285392228414
Position: -65.3167 -157.867 -967.093 Orientation: 0.287786 0.0239683 0.221315 0.931463 Time: 1285511955842
Position: -61.75 -156.823 -972.91 Orientation: 0.284946 0.0244677 0.21941 0.932774 Time: 1285610074080
Position: -59.59 -151.95 -978.5 Orientation: 0.280117 0.0239014 0.215513 0.935156 Time: 1285731398174
Position: -58.7167 -146.657 -981.47 Orientation: 0.277692 0.0226354 0.21182 0.936753 Time: 1285826668467
Position: -56.99 -136.267 -984.83 Orientation: 0.27323 0.0179686 0.203822 0.939936 Time: 1285945235479
Position: -55.2833 -126.91 -986.557 Orientation: 0.270618 0.0131675 0.196813 0.942262 Time: 1286062570370
Position: -54.57 -119.597 -987.957 Orientation: 0.267685 0.0132676 0.19408 0.943664 Time: 1286158411291
Position: -54.12 -113.057 -989.523 Orientation: 0.265825 0.0126012 0.191685 0.944688 Time: 1286256860822
Position: -53.53 -105.763 -990.87 Orientation: 0.261755 0.0150012 0.190749 0.945978 Time: 1286376001337
Position: -52.9833 -98.0567 -992.323 Orientation: 0.258156 0.0157347 0.18845 0.947415 Time: 1286471354144
Position: -52.2667 -86.44 -994.593 Orientation: 0.253789 0.0144679 0.184016 0.949484 Time: 1286593522962
Position: -51.3167 -75.1167 -996.27 Orientation: 0.248951 0.0117008 0.178779 0.951801 Time: 1286712017995
Position: -50.6333 -65.95 -998.07 Orientation: 0.244752 0.0124676 0.176313 0.953339 Time: 1286806067251
Position: -50.39 -56.1567 -1000.69 Orientation: 0.238714 0.0117007 0.173144 0.955458 Time: 1286928854592
Position: -49.56 -46.8333 -1003.66 Orientation: 0.233285 0.0119009 0.16898 0.95754 Time: 1287023579023
Position: -49.1167 -34.8833 -1007.87 Orientation: 0.225821 0.0111343 0.163882 0.960221 Time: 1287141340586
Position: -48.1633 -26.47 -1010.87 Orientation: 0.220951 0.0113009 0.159979 0.962008 Time: 1287236775635
Position: -48.25 -17.0833 -1013.75 Orientation: 0.216677 0.0108672 0.15534 0.963744 Time: 1287357417575
Position: -48.2967 -10.5333 -1015.03 Orientation: 0.214217 0.00990078 0.151112 0.964976 Time: 1287453391370
Position: -47.92 -2.07667 -1015.29 Orientation: 0.209746 0.0125008 0.147676 0.966459 Time: 1287573649606
Position: -49.5367 2.55667 -1013.78 Orientation: 0.210114 0.0113341 0.14611 0.966631 Time: 1287670162009
Position: -52.1067 7.89667 -1008.07 Orientation: 0.210941 0.0101004 0.144538 0.966701 Time: 1287792131585
Position: -55.47 9.84333 -1001.61 Orientation: 0.212615 0.00973403 0.144777 0.966302 Time: 1287911966844
Position: -58.86 11.2533 -996.377 Orientation: 0.215184 0.00803397 0.144145 0.965844 Time: 1288007525461
Position: -62.12 12.4567 -989.863 Orientation: 0.215547 0.0113341 0.145709 0.965495 Time: 1288125001710
Position: -64.86 11.37 -982.957 Orientation: 0.219384 0.0139011 0.147812 0.964276 Time: 1288219441784
Position: -68.4067 12.3733 -975.417 Orientation: 0.222288 0.0174017 0.148648 0.963426 Time: 1288336678834
Position: -70.7133 13.88 -969.34 Orientation: 0.22568 0.0177344 0.146509 0.962958 Time: 1288431994010
Position: -72.6267 14.4067 -963.283 Orientation: 0.228379 0.0199344 0.145374 0.962451 Time: 1288552397161
Position: -75.3 15.4133 -958.87 Orientation: 0.229113 0.0190677 0.144541 0.96242 Time: 1288648425829
Position: -78.1833 16.4 -953.647 Orientation: 0.229238 0.0209004 0.144769 0.962318 Time: 1288767925827
Position: -80.4433 15.0933 -948.437 Orientation: 0.232051 0.0232351 0.144444 0.961638 Time: 1288864803870
Position: -84.7233 9.54 -942.343 Orientation: 0.237747 0.022968 0.145975 0.960021 Time: 1288982074993
Position: -86.88 4.63 -938.7 Orientation: 0.240117 0.0258019 0.148511 0.958969 Time: 1289077037528
Position: -90.3333 -3.42 -933.907 Orientation: 0.243747 0.0266348 0.153442 0.957253 Time: 1289193118541
Position: -92.9033 -11.38 -930.163 Orientation: 0.247052 0.030169 0.158912 0.955407 Time: 1289286000538
Position: -95.4367 -20.5133 -926.273 Orientation: 0.251493 0.0312033 0.163717 0.953401 Time: 1289405984133
Position: -98.0733 -28.4967 -923.767 Orientation: 0.25458 0.0336351 0.168209 0.951716 Time: 1289505898279
Position: -101.67 -38.08 -921.9 Orientation: 0.259533 0.0323042 0.172122 0.949722 Time: 1289627397531
Position: -103.763 -43.3133 -921.103 Orientation: 0.260807 0.0317008 0.175238 0.948824 Time: 1289721049398
Position: -106.37 -48.7667 -921.05 Orientation: 0.263546 0.0322349 0.177042 0.947713 Time: 1289840362334
Position: -107.69 -50.1133 -921.083 Orientation: 0.263279 0.0317348 0.175575 0.948077 Time: 1289935248785
Position: -109.417 -50.9367 -921.76 Orientation: 0.262091 0.0326031 0.173516 0.948756 Time: 1290056541407
Position: -109.553 -51.07 -922.113 Orientation: 0.26112 0.0348694 0.173347 0.948974 Time: 1290179469831
Position: -109.827 -51.0833 -921.973 Orientation: 0.26078 0.0340017 0.173809 0.949014 Time: 1290273882538
Position: -110.157 -51 -921.69 Orientation: 0.260879 0.0308682 0.173708 0.949113 Time: 1290395364684
Position: -110.173 -51.0533 -921.76 Orientation: 0.260416 0.0323687 0.174244 0.949092 Time: 1290492848115
Position: -110.177 -50.9733 -921.613 Orientation: 0.260476 0.0292677 0.173573 0.949299 Time: 1290611321253
Position: -110.087 -50.9633 -921.647 Orientation: 0.260748 0.0298683 0.17331 0.949253 Time: 1290706264631
Position: -110.11 -50.96 -921.59 Orientation: 0.260711 0.0301012 0.173407 0.949239 Time: 1290828284018
Position: -110.06 -50.98 -921.71 Orientation: 0.260615 0.0310018 0.17331 0.949254 Time: 1290926274035
Position: -110.043 -50.9533 -921.77 Orientation: 0.260615 0.0315684 0.173576 0.949186 Time: 1291051723627
Position: -110.023 -50.9167 -921.797 Orientation: 0.260413 0.0312683 0.173776 0.949215 Time: 1291147699611
Position: -109.98 -50.92 -921.877 Orientation: 0.260488 0.0314359 0.173847 0.949176 Time: 1291267982205
Position: -109.9 -50.9233 -921.98 Orientation: 0.260188 0.0319693 0.174181 0.949179 Time: 1291361823735
Position: -109.837 -51.0267 -922.083 Orientation: 0.26064 0.0318342 0.174005 0.949092 Time: 1291478692681
Position: -109.93 -51.02 -921.95 Orientation: 0.260313 0.0304015 0.173909 0.949246 Time: 1291576747014
Position: -109.847 -51.2633 -922.007 Orientation: 0.260715 0.0306351 0.173577 0.949189 Time: 1291693989674
Position: -109.823 -51.2 -922.07 Orientation: 0.260753 0.0308357 0.17358 0.949172 Time: 1291789106019
Position: -109.853 -51.0967 -922.07 Orientation: 0.260483 0.0318687 0.174044 0.949127 Time: 1291908195629
Position: -109.847 -50.9867 -922.047 Orientation: 0.260726 0.0315032 0.173917 0.949095 Time: 1292006065225
Position: -109.863 -50.9667 -922.037 Orientation: 0.260553 0.0318023 0.17408 0.949103 Time: 1292126714144
Position: -109.85 -50.9533 -922.02 Orientation: 0.260707 0.0311675 0.173838 0.949126 Time: 1292245094094
Position: -109.857 -51.0133 -922.053 Orientation: 0.26062 0.0314691 0.173847 0.949139 Time: 1292339727526
Position: -109.84 -51.05 -922.04 Orientation: 0.260852 0.0307355 0.173479 0.949166 Time: 1292438919422
Position: -109.843 -51.0467 -922.003 Orientation: 0.260896 0.0305367 0.173419 0.949172 Time: 1292558959944
Position: -109.843 -51.03 -922.047 Orientation: 0.260627 0.0311033 0.173752 0.949166 Time: 1292656120290
Position: -109.85 -51 -922.05 Orientation: 0.260434 0.0319042 0.174123 0.949125 Time: 1292775232753
Position: -109.84 -50.9767 -922.07 Orientation: 0.260754 0.0316692 0.173947 0.949077 Time: 1292874808079
Position: -109.85 -50.9767 -922.057 Orientation: 0.260511 0.0323014 0.174208 0.949074 Time: 1292996845392
Position: -109.847 -50.9867 -922.02 Orientation: 0.260358 0.0317364 0.174083 0.949158 Time: 1293115222605
Position: -109.847 -51 -922.033 Orientation: 0.260729 0.0314702 0.173853 0.949107 Time: 1293208897188
Position: -109.853 -50.9967 -922.043 Orientation: 0.260395 0.0321701 0.174252 0.949103 Time: 1293335224346
Position: -109.847 -51 -922.023 Orientation: 0.260643 0.0313679 0.17384 0.949137 Time: 1293457673414
Position: -109.843 -51.0067 -922.033 Orientation: 0.26035 0.0316353 0.174111 0.949159 Time: 1293551316798
