Position: 19.4067 -167.59 -1108.66 Orientation: -0.145344 0.0873733 -0.0501038 0.984241 Time: 305262558355
Position: 19.4067 -167.587 -1108.68 Orientation: -0.144943 0.0870391 -0.05007 0.984332 Time: 305380012709
Position: 19.3867 -167.59 -1108.66 Orientation: -0.145513 0.0884415 -0.0500379 0.984124 Time: 305688624118
Position: 19.4167 -167.587 -1108.62 Orientation: -0.145282 0.0863759 -0.0501053 0.984338 Time: 305473086558
Position: 19.42 -167.6 -1108.66 Orientation: -0.145407 0.0860041 -0.0502024 0.984347 Time: 305592311915
Position: 19.4133 -167.587 -1108.63 Orientation: -0.145044 0.085173 -0.0502037 0.984473 Time: 305806865037
Position: 19.3967 -167.59 -1108.66 Orientation: -0.145238 0.087736 -0.0500015 0.98423 Time: 305923096301
Position: 19.4233 -167.597 -1108.62 Orientation: -0.145278 0.0855397 -0.0502038 0.984407 Time: 306017451671
Position: 19.4067 -167.59 -1108.68 Orientation: -0.145141 0.087271 -0.0500691 0.984282 Time: 306139334626
Position: 19.41 -167.583 -1108.62 Orientation: -0.145403 0.0867021 -0.0501345 0.98429 Time: 306234338625
Position: 19.4 -167.59 -1108.67 Orientation: -0.145406 0.0880701 -0.0500686 0.984172 Time: 306354754639
Position: 19.4 -167.59 -1108.68 Orientation: -0.145008 0.0877717 -0.0500696 0.984257 Time: 306449266145
Position: 19.4133 -167.587 -1108.62 Orientation: -0.145009 0.0862051 -0.0501363 0.984392 Time: 306570348715
Position: 19.41 -167.593 -1108.65 Orientation: -0.145409 0.0862387 -0.0501698 0.984328 Time: 306667145064
Position: 19.4067 -167.59 -1108.67 Orientation: -0.145077 0.0871064 -0.0500704 0.984306 Time: 306764487958
Position: 19.4233 -167.583 -1108.63 Orientation: -0.145075 0.085705 -0.0501696 0.984424 Time: 306891552006
Position: 19.4 -167.59 -1108.65 Orientation: -0.14518 0.0875079 -0.0500712 0.984255 Time: 307019077895
Position: 19.4167 -167.597 -1108.66 Orientation: -0.145403 0.0863019 -0.0502011 0.984322 Time: 307114525124
Position: 19.4267 -167.587 -1108.64 Orientation: -0.145208 0.0850715 -0.0502362 0.984456 Time: 307238056472
Position: 19.42 -167.587 -1108.62 Orientation: -0.145142 0.0856049 -0.0501695 0.984423 Time: 307335913616
Position: 19.4067 -167.593 -1108.69 Orientation: -0.145344 0.0869733 -0.0501371 0.984275 Time: 307459791994
Position: 19.4233 -167.58 -1108.62 Orientation: -0.145175 0.0859383 -0.0501363 0.984391 Time: 307555477875
Position: 19.4167 -167.58 -1108.64 Orientation: -0.145038 0.0864363 -0.0501351 0.984367 Time: 307686803578
Position: 19.41 -167.583 -1108.66 Orientation: -0.145382 0.0873757 -0.0501052 0.984235 Time: 307781654999
Position: 19.4067 -167.59 -1108.64 Orientation: -0.145641 0.0871379 -0.0501026 0.984218 Time: 307902111108
Position: 19.4133 -167.59 -1108.64 Orientation: -0.145576 0.0859387 -0.0502031 0.984328 Time: 307996088795
Position: 19.41 -167.587 -1108.63 Orientation: -0.145079 0.0861739 -0.0501709 0.984383 Time: 308112522448
Position: 19.4333 -167.583 -1108.61 Orientation: -0.145075 0.0849714 -0.0501694 0.984488 Time: 308232567759
Position: 19.4067 -167.59 -1108.67 Orientation: -0.144938 0.0866692 -0.0501348 0.984362 Time: 308327503747
Position: 19.4167 -167.59 -1108.63 Orientation: -0.145343 0.0859058 -0.0501701 0.984367 Time: 308445874255
Position: 19.4333 -167.587 -1108.63 Orientation: -0.144911 0.0845733 -0.050204 0.984544 Time: 308541746239
Position: 19.42 -167.58 -1108.61 Orientation: -0.145504 0.0861026 -0.0501015 0.98433 Time: 308638936555
Position: 19.41 -167.58 -1108.63 Orientation: -0.145111 0.0862399 -0.0501038 0.984375 Time: 308769078306
Position: 19.42 -167.587 -1108.65 Orientation: -0.144779 0.0859073 -0.0501709 0.98445 Time: 308864258283
Position: 19.4233 -167.59 -1108.65 Orientation: -0.14515 0.0861429 -0.0501389 0.984377 Time: 308982398623
Position: 19.43 -167.583 -1108.61 Orientation: -0.145373 0.084904 -0.0502357 0.984446 Time: 309076113164
Position: 19.4 -167.587 -1108.68 Orientation: -0.145111 0.0878064 -0.0500703 0.984239 Time: 309200647834
Position: 19.4267 -167.583 -1108.6 Orientation: -0.144941 0.0856378 -0.050136 0.984451 Time: 309299187270
Position: 19.4067 -167.59 -1108.67 Orientation: -0.145079 0.0873407 -0.0501042 0.984283 Time: 309395296264
Position: 19.4267 -167.587 -1108.59 Orientation: -0.145409 0.0854717 -0.0502363 0.984392 Time: 309516666064
Position: 19.4167 -167.58 -1108.63 Orientation: -0.14528 0.0862077 -0.0500712 0.984355 Time: 309613386602
Position: 19.4067 -167.59 -1108.67 Orientation: -0.145108 0.0864716 -0.0501028 0.984356 Time: 309733477208
Position: 19.4133 -167.583 -1108.62 Orientation: -0.145414 0.0858417 -0.0501715 0.984362 Time: 309855376721
Position: 19.4067 -167.583 -1108.65 Orientation: -0.145342 0.0863719 -0.0501697 0.984326 Time: 309933543056
Position: 19.42 -167.577 -1108.62 Orientation: -0.145143 0.0858726 -0.0501368 0.984401 Time: 310070635125
Position: 19.4 -167.59 -1108.71 Orientation: -0.145215 0.0881089 -0.0500051 0.9842 Time: 310186726674
Position: 19.4167 -167.59 -1108.67 Orientation: -0.145271 0.0865024 -0.0501347 0.984327 Time: 310282029123
Position: 19.4 -167.59 -1108.68 Orientation: -0.145342 0.087605 -0.0500695 0.984223 Time: 310402207444
Position: 19.4067 -167.583 -1108.64 Orientation: -0.145207 0.0871707 -0.0501023 0.984279 Time: 310498691110
Position: 19.4267 -167.587 -1108.63 Orientation: -0.145511 0.0855065 -0.0502038 0.984375 Time: 310617292880
Position: 19.4133 -167.583 -1108.64 Orientation: -0.145337 0.0860352 -0.0502011 0.984355 Time: 310714010818
Position: 19.4233 -167.59 -1108.64 Orientation: -0.145404 0.0858359 -0.0502015 0.984363 Time: 310835058493
Position: 19.4233 -167.583 -1108.6 Orientation: -0.145505 0.086003 -0.0501684 0.984335 Time: 310931487423
Position: 19.4133 -167.59 -1108.67 Orientation: -0.144975 0.0863048 -0.0501361 0.984388 Time: 311052114173
Position: 19.43 -167.583 -1108.64 Orientation: -0.145347 0.0851747 -0.0502381 0.984427 Time: 311148303356
Position: 19.4067 -167.59 -1108.68 Orientation: -0.145044 0.087973 -0.0500036 0.984237 Time: 311268663266
Position: 19.4067 -167.59 -1108.69 Orientation: -0.145246 0.0870407 -0.0501376 0.984283 Time: 311363381539
Position: 19.42 -167.583 -1108.63 Orientation: -0.145207 0.0863709 -0.0501358 0.984348 Time: 311487787442
Position: 19.41 -167.6 -1108.67 Orientation: -0.145307 0.0874039 -0.0501022 0.984244 Time: 311585737501
Position: 19.4033 -167.59 -1108.69 Orientation: -0.144882 0.0878757 -0.0500385 0.984268 Time: 311731543911
Position: 19.4167 -167.587 -1108.63 Orientation: -0.145475 0.0858381 -0.0501361 0.984355 Time: 311848543540
Position: 19.4167 -167.58 -1108.65 Orientation: -0.145105 0.0863696 -0.0500684 0.984367 Time: 311942971983
Position: 19.4033 -167.59 -1108.65 Orientation: -0.145208 0.0871046 -0.0501026 0.984285 Time: 312060995735
Position: 19.4133 -167.59 -1108.66 Orientation: -0.145212 0.0863406 -0.0501376 0.98435 Time: 312151857541
Position: 19.4233 -167.58 -1108.64 Orientation: -0.144876 0.0855722 -0.0502032 0.984463 Time: 312253366301
Position: 19.42 -167.58 -1108.65 Orientation: -0.14491 0.086339 -0.05007 0.984398 Time: 312370564350
Position: 19.4133 -167.58 -1108.66 Orientation: -0.144976 0.0866389 -0.0500366 0.984364 Time: 312487165223
Position: 19.4167 -167.587 -1108.63 Orientation: -0.145439 0.0861031 -0.0501685 0.984336 Time: 312592408388
Position: 19.4167 -167.58 -1108.65 Orientation: -0.145103 0.0865017 -0.0501343 0.984352 Time: 312690517594
Position: 19.4033 -167.587 -1108.68 Orientation: -0.145608 0.0875383 -0.0500695 0.984189 Time: 312821388574
Position: 19.4167 -167.59 -1108.64 Orientation: -0.145045 0.08634 -0.0501039 0.984376 Time: 312939364705
Position: 19.41 -167.59 -1108.69 Orientation: -0.145306 0.0875036 -0.0500021 0.98424 Time: 313035835781
Position: 19.41 -167.587 -1108.68 Orientation: -0.14511 0.0871391 -0.05007 0.984298 Time: 313133443052
Position: 19.3967 -167.59 -1108.69 Orientation: -0.145407 0.0879378 -0.0500692 0.984183 Time: 313259697820
Position: 19.4067 -167.593 -1108.68 Orientation: -0.145444 0.0868397 -0.050137 0.984272 Time: 313357849037
Position: 19.4 -167.593 -1108.7 Orientation: -0.145276 0.0880059 -0.0500034 0.9842 Time: 313476780458
Position: 19.4033 -167.587 -1108.65 Orientation: -0.145079 0.0869739 -0.0501042 0.984316 Time: 313577383327
Position: 19.4167 -167.583 -1108.68 Orientation: -0.144878 0.0862068 -0.0501373 0.984411 Time: 313694410872
Position: 19.4233 -167.583 -1108.64 Orientation: -0.145138 0.0859362 -0.0500684 0.9844 Time: 313791877607
Position: 19.41 -167.583 -1108.64 Orientation: -0.145072 0.08677 -0.0500353 0.984338 Time: 313914024256
Position: 19.41 -167.583 -1108.67 Orientation: -0.145274 0.0866708 -0.0501024 0.984314 Time: 314010224523
Position: 19.4167 -167.59 -1108.62 Orientation: -0.145474 0.0863041 -0.050169 0.984313 Time: 314129929373
Position: 19.4167 -167.59 -1108.66 Orientation: -0.145277 0.0867397 -0.050137 0.984305 Time: 314246005869
Position: 19.42 -167.58 -1108.61 Orientation: -0.145404 0.0863024 -0.0501014 0.984327 Time: 314362711700
Position: 19.4067 -167.587 -1108.68 Orientation: -0.145376 0.0874724 -0.0500366 0.984231 Time: 314471044062
Position: 19.4133 -167.583 -1108.68 Orientation: -0.145241 0.0867043 -0.0501025 0.984316 Time: 314571275816
Position: 19.4133 -167.59 -1108.68 Orientation: -0.14518 0.0871082 -0.050038 0.984292 Time: 314695268321
Position: 19.4133 -167.583 -1108.65 Orientation: -0.14524 0.0867374 -0.0501023 0.984313 Time: 314788090929
Position: 19.4267 -167.587 -1108.63 Orientation: -0.145448 0.0854085 -0.050105 0.984398 Time: 314910264399
Position: 19.4167 -167.583 -1108.66 Orientation: -0.14551 0.0860061 -0.0501036 0.984337 Time: 315005514439
Position: 19.4033 -167.583 -1108.63 Orientation: -0.145407 0.0872372 -0.0501022 0.984244 Time: 315131063378
Position: 19.4267 -167.577 -1108.62 Orientation: -0.145043 0.0852724 -0.0501701 0.984466 Time: 315223938670
Position: 19.4033 -167.587 -1108.72 Orientation: -0.145079 0.0881739 -0.0500041 0.984214 Time: 315342345714
Position: 19.4067 -167.583 -1108.66 Orientation: -0.145215 0.0869422 -0.0500718 0.9843 Time: 315462058364
Position: 19.42 -167.587 -1108.67 Orientation: -0.145378 0.0861402 -0.050104 0.984345 Time: 315557669665
Position: 19.43 -167.58 -1108.65 Orientation: -0.145016 0.0860096 -0.0501056 0.98441 Time: 315680555805
Position: 19.4133 -167.587 -1108.67 Orientation: -0.145279 0.0866073 -0.0501376 0.984317 Time: 315795813990
Position: 19.4167 -167.587 -1108.65 Orientation: -0.145311 0.0863064 -0.0501037 0.98434 Time: 315888058032
Position: 19.4167 -167.583 -1108.64 Orientation: -0.145041 0.0862046 -0.0501693 0.984386 Time: 315990675892
Position: 19.4 -167.59 -1108.69 Orientation: -0.145375 0.0883052 -0.050003 0.984158 Time: 316119631091
