Position: 259.327 -170.903 -981.86 Orientation: 0.196809 0.0442354 0.146373 0.968444 Time: 539374302723
Position: 259.337 -170.903 -981.833 Orientation: 0.197212 0.0433027 0.146009 0.968459 Time: 539493743606
Position: 259.34 -170.91 -981.843 Orientation: 0.196947 0.0434697 0.146043 0.968501 Time: 539613732537
Position: 259.34 -170.91 -981.88 Orientation: 0.197012 0.0436026 0.146209 0.968457 Time: 539708415232
Position: 259.337 -170.91 -981.853 Orientation: 0.197016 0.0434701 0.146112 0.968476 Time: 539827441074
Position: 259.337 -170.907 -981.863 Orientation: 0.197044 0.0437023 0.146174 0.968451 Time: 539943658791
Position: 259.353 -170.913 -981.853 Orientation: 0.197172 0.0429678 0.145937 0.968493 Time: 540037895382
Position: 259.34 -170.91 -981.82 Orientation: 0.197144 0.0428357 0.145841 0.968519 Time: 540162210149
Position: 259.34 -170.91 -981.843 Orientation: 0.197049 0.04317 0.145945 0.968508 Time: 540257285441
Position: 259.34 -170.907 -981.863 Orientation: 0.197016 0.0435036 0.146079 0.96848 Time: 540375306866
Position: 259.347 -170.91 -981.857 Orientation: 0.197085 0.043204 0.146013 0.968489 Time: 540492574431
Position: 259.34 -170.91 -981.82 Orientation: 0.197103 0.0429007 0.145902 0.968516 Time: 540608298287
Position: 259.347 -170.91 -981.827 Orientation: 0.197215 0.0427367 0.145845 0.968509 Time: 540701293179
Position: 259.34 -170.903 -981.83 Orientation: 0.197052 0.0432375 0.146014 0.968494 Time: 540818789816
Position: 259.347 -170.913 -981.83 Orientation: 0.196874 0.0431017 0.146006 0.968538 Time: 540936673990
Position: 259.353 -170.923 -981.85 Orientation: 0.197048 0.0428365 0.145844 0.968538 Time: 541053858766
Position: 259.34 -170.907 -981.843 Orientation: 0.19705 0.0433704 0.146046 0.968484 Time: 541152157497
Position: 259.347 -170.913 -981.857 Orientation: 0.197179 0.0430027 0.145909 0.968495 Time: 541260901615
Position: 259.343 -170.913 -981.823 Orientation: 0.197119 0.042804 0.145847 0.968525 Time: 541387311151
Position: 259.337 -170.907 -981.837 Orientation: 0.197082 0.0434034 0.146045 0.968476 Time: 541515686689
Position: 259.35 -170.91 -981.823 Orientation: 0.197317 0.0428037 0.145846 0.968485 Time: 541620259878
Position: 259.34 -170.917 -981.873 Orientation: 0.19688 0.0438697 0.146243 0.968466 Time: 541738462481
Position: 259.327 -170.9 -981.833 Orientation: 0.196913 0.0438028 0.146243 0.968463 Time: 541832013907
Position: 259.34 -170.907 -981.83 Orientation: 0.197352 0.0427041 0.145781 0.968492 Time: 541966844669
Position: 259.327 -170.903 -981.887 Orientation: 0.196785 0.0444375 0.14648 0.968424 Time: 542083569384
Position: 259.33 -170.903 -981.847 Orientation: 0.19701 0.0438022 0.146207 0.968448 Time: 542177450051
Position: 259.337 -170.91 -981.827 Orientation: 0.196953 0.0434376 0.146081 0.968495 Time: 542297599635
Position: 259.337 -170.91 -981.833 Orientation: 0.196842 0.043502 0.146107 0.968511 Time: 542413552700
Position: 259.35 -170.91 -981.87 Orientation: 0.197314 0.043003 0.14591 0.968467 Time: 542507097147
Position: 259.34 -170.907 -981.833 Orientation: 0.197041 0.0431349 0.146005 0.968502 Time: 542624301766
Position: 259.333 -170.907 -981.857 Orientation: 0.197115 0.0433701 0.146011 0.968476 Time: 542719689194
Position: 259.347 -170.913 -981.87 Orientation: 0.197017 0.0434038 0.146079 0.968484 Time: 542842860375
Position: 259.337 -170.903 -981.837 Orientation: 0.197111 0.0434358 0.146141 0.968454 Time: 542941855083
Position: 259.35 -170.917 -981.82 Orientation: 0.197208 0.0425018 0.145706 0.968541 Time: 543061571290
Position: 259.34 -170.92 -981.82 Orientation: 0.197005 0.0431012 0.145904 0.968526 Time: 543155783934
Position: 259.34 -170.91 -981.837 Orientation: 0.197148 0.0430032 0.145878 0.968506 Time: 543277406343
Position: 259.33 -170.907 -981.84 Orientation: 0.196849 0.0436034 0.146078 0.968509 Time: 543373580337
Position: 259.35 -170.91 -981.863 Orientation: 0.197344 0.0430358 0.145942 0.968455 Time: 543493572143
Position: 259.333 -170.907 -981.843 Orientation: 0.197179 0.0433693 0.146042 0.968458 Time: 543589055771
Position: 259.337 -170.91 -981.86 Orientation: 0.19674 0.0436015 0.146072 0.968533 Time: 543708781146
Position: 259.33 -170.91 -981.82 Orientation: 0.196618 0.0438708 0.146214 0.968524 Time: 543801690786
Position: 259.34 -170.9 -981.857 Orientation: 0.197317 0.0434038 0.146113 0.968418 Time: 543928800403
Position: 259.337 -170.913 -981.847 Orientation: 0.196918 0.0433373 0.14598 0.968522 Time: 544030476109
Position: 259.337 -170.907 -981.88 Orientation: 0.196878 0.0439693 0.146275 0.968457 Time: 544129087934
Position: 259.333 -170.907 -981.827 Orientation: 0.197014 0.0432697 0.14601 0.968501 Time: 544249670348
Position: 259.343 -170.913 -981.84 Orientation: 0.197118 0.0431706 0.14598 0.968489 Time: 544367628689
Position: 259.333 -170.903 -981.847 Orientation: 0.197156 0.0435383 0.146117 0.968444 Time: 544463354390
Position: 259.353 -170.907 -981.84 Orientation: 0.197344 0.0427357 0.145808 0.968488 Time: 544586397077
Position: 259.343 -170.92 -981.87 Orientation: 0.196788 0.0437048 0.146149 0.968506 Time: 544686770326
Position: 259.347 -170.913 -981.817 Orientation: 0.197185 0.0427039 0.145813 0.968521 Time: 544808654240
Position: 259.337 -170.907 -981.843 Orientation: 0.197018 0.043404 0.146047 0.968489 Time: 544904924296
Position: 259.337 -170.913 -981.84 Orientation: 0.197004 0.043401 0.14607 0.968488 Time: 545027865447
Position: 259.35 -170.917 -981.857 Orientation: 0.19705 0.0429704 0.145946 0.968517 Time: 545123531758
Position: 259.347 -170.913 -981.817 Orientation: 0.197347 0.0426028 0.145776 0.968498 Time: 545242001065
Position: 259.343 -170.91 -981.843 Orientation: 0.197046 0.0432029 0.14601 0.968498 Time: 545338457774
Position: 259.33 -170.9 -981.853 Orientation: 0.19678 0.0441363 0.14631 0.968464 Time: 545458310685
Position: 259.34 -170.91 -981.847 Orientation: 0.196984 0.0435371 0.146079 0.968485 Time: 545576936129
Position: 259.343 -170.903 -981.85 Orientation: 0.197312 0.0430693 0.145942 0.96846 Time: 545673857961
Position: 259.353 -170.907 -981.847 Orientation: 0.197181 0.0431366 0.146011 0.968473 Time: 545770931277
Position: 259.34 -170.913 -981.837 Orientation: 0.196883 0.0434035 0.146078 0.968511 Time: 545890928420
Position: 259.343 -170.913 -981.873 Orientation: 0.197081 0.0434365 0.146077 0.96847 Time: 545987031940
Position: 259.343 -170.913 -981.83 Orientation: 0.196745 0.0433359 0.145975 0.968558 Time: 546105772056
Position: 259.34 -170.907 -981.853 Orientation: 0.197146 0.0433361 0.146076 0.968461 Time: 546205187825
Position: 259.343 -170.91 -981.863 Orientation: 0.196915 0.0437032 0.146211 0.968472 Time: 546330669165
Position: 259.347 -170.91 -981.863 Orientation: 0.197053 0.0433376 0.145981 0.968495 Time: 546429779777
Position: 259.337 -170.907 -981.853 Orientation: 0.19695 0.0435037 0.146146 0.968483 Time: 546555232517
Position: 259.353 -170.91 -981.843 Orientation: 0.19709 0.0429717 0.145917 0.968513 Time: 546655256821
Position: 259.34 -170.91 -981.853 Orientation: 0.19711 0.0432688 0.146007 0.968482 Time: 546779666692
Position: 259.33 -170.9 -981.84 Orientation: 0.19688 0.0439697 0.14621 0.968467 Time: 546873997430
Position: 259.347 -170.91 -981.843 Orientation: 0.197186 0.0429708 0.145914 0.968494 Time: 546995212189
Position: 259.34 -170.91 -981.833 Orientation: 0.197009 0.043202 0.145973 0.968511 Time: 547092709850
Position: 259.35 -170.917 -981.853 Orientation: 0.197048 0.0429033 0.145811 0.96854 Time: 547210547086
Position: 259.337 -170.917 -981.85 Orientation: 0.196852 0.0436042 0.146181 0.968493 Time: 547308278473
Position: 259.337 -170.91 -981.84 Orientation: 0.196981 0.0436365 0.146144 0.968471 Time: 547427606871
Position: 259.34 -170.907 -981.853 Orientation: 0.197149 0.0432034 0.146012 0.968476 Time: 547527466280
Position: 259.33 -170.903 -981.843 Orientation: 0.196847 0.0439363 0.146276 0.968465 Time: 547654662518
Position: 259.34 -170.913 -981.837 Orientation: 0.196879 0.043336 0.146009 0.968526 Time: 547752213274
Position: 259.343 -170.91 -981.853 Orientation: 0.196949 0.0433368 0.146012 0.968511 Time: 547846844790
Position: 259.343 -170.907 -981.837 Orientation: 0.197155 0.0429048 0.145883 0.968508 Time: 547973954817
Position: 259.357 -170.91 -981.87 Orientation: 0.197152 0.0430042 0.145948 0.968494 Time: 548067640758
Position: 259.347 -170.907 -981.857 Orientation: 0.197045 0.0434025 0.146008 0.968489 Time: 548169299086
Position: 259.347 -170.917 -981.833 Orientation: 0.196949 0.0430368 0.145878 0.968544 Time: 548294485806
Position: 259.35 -170.917 -981.85 Orientation: 0.19725 0.0429703 0.145912 0.968481 Time: 548393372546
Position: 259.343 -170.91 -981.86 Orientation: 0.197112 0.0434692 0.146109 0.968457 Time: 548519313537
Position: 259.34 -170.91 -981.813 Orientation: 0.197047 0.0431363 0.14601 0.9685 Time: 548640335075
Position: 259.343 -170.91 -981.853 Orientation: 0.197178 0.0433691 0.146075 0.968454 Time: 548736480879
Position: 259.343 -170.907 -981.867 Orientation: 0.196916 0.0436702 0.146178 0.968478 Time: 548858287614
Position: 259.343 -170.91 -981.853 Orientation: 0.19718 0.0432362 0.146043 0.968464 Time: 548951935650
Position: 259.343 -170.903 -981.837 Orientation: 0.197113 0.0431362 0.145943 0.968497 Time: 549073342534
Position: 259.35 -170.917 -981.853 Orientation: 0.197186 0.0429376 0.145914 0.968495 Time: 549168626099
Position: 259.343 -170.913 -981.843 Orientation: 0.19715 0.042837 0.145846 0.968517 Time: 549290113309
Position: 259.343 -170.917 -981.833 Orientation: 0.197041 0.043235 0.145972 0.968503 Time: 549384725257
Position: 259.347 -170.917 -981.843 Orientation: 0.196913 0.0432028 0.145976 0.96853 Time: 549508317500
Position: 259.34 -170.907 -981.873 Orientation: 0.197113 0.0434362 0.146076 0.968463 Time: 549603532508
Position: 259.337 -170.907 -981.85 Orientation: 0.196907 0.0434349 0.146105 0.968501 Time: 549724793929
Position: 259.35 -170.91 -981.81 Orientation: 0.197208 0.0426016 0.145706 0.968537 Time: 549848406836
Position: 259.357 -170.923 -981.827 Orientation: 0.197145 0.0424358 0.145709 0.968557 Time: 549946021770
Position: 259.343 -170.903 -981.83 Orientation: 0.19725 0.0429703 0.145912 0.968481 Time: 550066173681
Position: 259.34 -170.903 -981.84 Orientation: 0.197049 0.0434035 0.146078 0.968478 Time: 550162573599
Position: 259.347 -170.907 -981.893 Orientation: 0.196775 0.0440352 0.146273 0.968475 Time: 550282805425
