Position: -3.69731e+028 -3.69731e+028 -3.69731e+028 Orientation: -0.5 -0.5 -0.5 -0.5 Time: 0
Position: 40.77 9.83667 -464.89 Orientation: -0.358208 -0.613999 -0.25329 0.656153 Time: 0
Position: -3.69731e+028 -3.69731e+028 -3.69731e+028 Orientation: -0.5 -0.5 -0.5 -0.5 Time: 0
Position: 21.4933 317.87 -498.373 Orientation: -0.447762 -0.894124 -0.000333355 0.00723379 Time: 0
Position: 9.26667 311.63 -463.573 Orientation: -0.354894 -0.622482 -0.283389 0.637383 Time: 0
Position: 28.62 300.083 -466.947 Orientation: -0.690762 -0.22522 -0.629423 0.275591 Time: 0
Position: 21.7967 316.733 -497.767 Orientation: -0.448204 -0.893907 0.00200016 0.00633385 Time: 0
Position: 9.99667 311.53 -463.577 Orientation: -0.355191 -0.624043 -0.285053 0.634944 Time: 0
Position: -3.69731e+028 -3.69731e+028 -3.69731e+028 Orientation: -0.5 -0.5 -0.5 -0.5 Time: 0
Position: 21.73 317.92 -498.523 Orientation: -0.448972 -0.89351 0.00130011 0.00793401 Time: 0
Position: 10.14 311.55 -463.147 Orientation: -0.354393 -0.624346 -0.285821 0.634747 Time: 0
Position: -3.69731e+028 -3.69731e+028 -3.69731e+028 Orientation: -0.5 -0.5 -0.5 -0.5 Time: 0
Position: 21.5933 317.907 -497.917 Orientation: -0.448228 -0.893889 -0.00226681 0.00703377 Time: 0
Position: 9.78333 311.243 -462.783 Orientation: -0.353808 -0.624207 -0.283367 0.636308 Time: 0
Position: -3.69731e+028 -3.69731e+028 -3.69731e+028 Orientation: -0.5 -0.5 -0.5 -0.5 Time: 0
Position: 21.3667 318.39 -498.313 Orientation: -0.4478 -0.894099 -0.00210015 0.00763389 Time: 0
Position: 9.39667 311.64 -463.333 Orientation: -0.354802 -0.623229 -0.283928 0.636464 Time: 0
Position: -3.69731e+028 -3.69731e+028 -3.69731e+028 Orientation: -0.5 -0.5 -0.5 -0.5 Time: 0
Position: 21.6367 318.023 -498.353 Orientation: -0.447362 -0.894324 0.000633374 0.00710046 Time: 0
Position: 9.91667 311.267 -463.283 Orientation: -0.355303 -0.623863 -0.284595 0.635264 Time: 0
Position: -3.69731e+028 -3.69731e+028 -3.69731e+028 Orientation: -0.5 -0.5 -0.5 -0.5 Time: 0
Position: 21.9067 318.1 -498.343 Orientation: -0.448268 -0.893869 -0.000500039 0.00726723 Time: 0
Position: 9.37667 310.793 -463.233 Orientation: -0.358 -0.622091 -0.285327 0.635159 Time: 0
Position: -3.69731e+028 -3.69731e+028 -3.69731e+028 Orientation: -0.5 -0.5 -0.5 -0.5 Time: 0
Position: 21.69 317.42 -498.413 Orientation: -0.447696 -0.894159 0.00153343 0.00673378 Time: 0
Position: 9.68333 310.753 -463.187 Orientation: -0.356934 -0.623427 -0.284261 0.634928 Time: 0
Position: -3.69731e+028 -3.69731e+028 -3.69731e+028 Orientation: -0.5 -0.5 -0.5 -0.5 Time: 0
Position: 21.8467 317.73 -498.033 Orientation: -0.448228 -0.89389 -0.000100006 0.00720046 Time: 0
Position: 10.0067 311.223 -463.26 Orientation: -0.355141 -0.623839 -0.283933 0.635674 Time: 0
Position: -1.23244e+028 -1.23244e+028 -1.23244e+028 Orientation: -0.5 -0.5 -0.5 -0.5 Time: 0
Position: 21.8467 317.417 -497.76 Orientation: -0.447936 -0.894038 -0.00110009 0.00690055 Time: 0
Position: 9.95 311.687 -463.2 Orientation: -0.354703 -0.623597 -0.285996 0.635231 Time: 0
Position: -3.69731e+028 -3.69731e+028 -3.69731e+028 Orientation: -0.5 -0.5 -0.5 -0.5 Time: 0
Position: 21.8033 317.123 -498.053 Orientation: -0.448309 -0.893851 0.000700066 0.00706733 Time: 0
Position: 9.82333 311.333 -463.283 Orientation: -0.355464 -0.623788 -0.285025 0.635055 Time: 0
Position: -3.69731e+028 -3.69731e+028 -3.69731e+028 Orientation: -0.5 -0.5 -0.5 -0.5 Time: 0
Position: 21.54 318.127 -498.283 Orientation: -0.447894 -0.894054 -0.00176677 0.00746712 Time: 0
Position: 9.72333 311.33 -463.337 Orientation: -0.356026 -0.623045 -0.286188 0.634946 Time: 0
Position: -3.69731e+028 -3.69731e+028 -3.69731e+028 Orientation: -0.5 -0.5 -0.5 -0.5 Time: 0
Position: 21.18 317.923 -498.07 Orientation: -0.447959 -0.894017 -0.00226679 0.00783378 Time: 0
Position: 9.75667 310.86 -462.873 Orientation: -0.355593 -0.62358 -0.284888 0.635248 Time: 0
Position: -3.69731e+028 -3.69731e+028 -3.69731e+028 Orientation: -0.5 -0.5 -0.5 -0.5 Time: 0
Position: 21.5033 317.457 -497.943 Orientation: -0.448294 -0.893855 0.00080005 0.00733379 Time: 0
Position: 9.72333 311.15 -462.867 Orientation: -0.354835 -0.623395 -0.284795 0.635896 Time: 0
Position: -3.69731e+028 -3.69731e+028 -3.69731e+028 Orientation: -0.5 -0.5 -0.5 -0.5 Time: 0
Position: 21.6433 318.093 -498.3 Orientation: -0.448267 -0.893868 -0.000900068 0.00750057 Time: 0
Position: 9.99333 311.107 -463.577 Orientation: -0.356236 -0.624197 -0.284629 0.634398 Time: 0
Position: -3.69731e+028 -3.69731e+028 -3.69731e+028 Orientation: -0.5 -0.5 -0.5 -0.5 Time: 0
Position: 21.83 318.823 -498.477 Orientation: -0.448132 -0.893931 -0.00386695 0.00700051 Time: 0
Position: 10.2133 311.493 -464.247 Orientation: -0.356965 -0.624489 -0.285392 0.633357 Time: 0
Position: 28.8267 300.087 -466.5 Orientation: -0.689789 -0.225518 -0.630018 0.276422 Time: 0
Position: 21.78 318.17 -498.49 Orientation: -0.448187 -0.893908 -0.000266679 0.00750035 Time: 0
Position: 10.08 310.66 -462.953 Orientation: -0.35579 -0.624307 -0.284552 0.634574 Time: 0
Position: -3.69731e+028 -3.69731e+028 -3.69731e+028 Orientation: -0.5 -0.5 -0.5 -0.5 Time: 0
Position: 21.7033 318.43 -498.617 Orientation: -0.447693 -0.894152 0.00116673 0.00783379 Time: 0
Position: 9.45 311.69 -463.41 Orientation: -0.35471 -0.623209 -0.283834 0.636577 Time: 0
Position: -3.69731e+028 -3.69731e+028 -3.69731e+028 Orientation: -0.5 -0.5 -0.5 -0.5 Time: 0
Position: 21.4 318.603 -498.58 Orientation: -0.447558 -0.894216 0.000333352 0.00826713 Time: 0
Position: 10.0233 312.057 -464.457 Orientation: -0.356772 -0.623034 -0.286197 0.634535 Time: 0
Position: -2.46488e+028 -2.46488e+028 -2.46488e+028 Orientation: -0.5 -0.5 -0.5 -0.5 Time: 0
Position: 21.4533 318.47 -498.193 Orientation: -0.447891 -0.894049 -0.00290016 0.00783376 Time: 0
Position: 9.93667 311.48 -463.803 Orientation: -0.356605 -0.6232 -0.285897 0.634601 Time: 0
Position: -1.23244e+028 -1.23244e+028 -1.23244e+028 Orientation: -0.5 -0.5 -0.5 -0.5 Time: 0
Position: 21.2833 317.46 -498.363 Orientation: -0.447867 -0.894068 0.000733389 0.00756724 Time: 0
Position: 9.61 312.003 -463.447 Orientation: -0.354036 -0.62293 -0.285829 0.636332 Time: 0
Position: -3.69731e+028 -3.69731e+028 -3.69731e+028 Orientation: -0.5 -0.5 -0.5 -0.5 Time: 0
Position: 21.0067 317.507 -498.247 Orientation: -0.447426 -0.894285 0.00190011 0.00783378 Time: 0
Position: 9.79667 311.857 -463.043 Orientation: -0.353131 -0.623454 -0.285158 0.636622 Time: 0
Position: -3.69731e+028 -3.69731e+028 -3.69731e+028 Orientation: -0.5 -0.5 -0.5 -0.5 Time: 0
Position: 21.5133 318.263 -498.653 Orientation: -0.448094 -0.893954 -0.000766713 0.00760046 Time: 0
Position: 9.84667 311.347 -463.19 Orientation: -0.354004 -0.624265 -0.283763 0.635966 Time: 0
Position: -3.69731e+028 -3.69731e+028 -3.69731e+028 Orientation: -0.5 -0.5 -0.5 -0.5 Time: 0
Position: 21.4333 317.907 -498.557 Orientation: -0.447722 -0.894144 -0.000366685 0.00713369 Time: 0
Position: 9.79667 311.647 -463.293 Orientation: -0.353468 -0.624061 -0.283694 0.636495 Time: 0
Position: -3.69731e+028 -3.69731e+028 -3.69731e+028 Orientation: -0.5 -0.5 -0.5 -0.5 Time: 0
Position: 21.2767 317.49 -498.863 Orientation: -0.447574 -0.894215 0.00230021 0.00716732 Time: 0
Position: 9.86333 311.463 -463.677 Orientation: -0.354606 -0.624036 -0.282831 0.636271 Time: 0
Position: 28.5067 300.143 -467.103 Orientation: -0.690625 -0.227753 -0.627619 0.277957 Time: 0
Position: 21.4867 316.367 -497.307 Orientation: -0.448359 -0.893818 0.00363354 0.00713374 Time: 0
Position: 10.0333 311.75 -463.087 Orientation: -0.354907 -0.623704 -0.286899 0.634605 Time: 0
Position: -3.69731e+028 -3.69731e+028 -3.69731e+028 Orientation: -0.5 -0.5 -0.5 -0.5 Time: 0
Position: 21.2667 316.74 -498.45 Orientation: -0.448103 -0.893939 0.00446703 0.00760061 Time: 0
Position: 10.3133 311.843 -462.82 Orientation: -0.352761 -0.62465 -0.285389 0.635551 Time: 0
Position: -3.69731e+028 -3.69731e+028 -3.69731e+028 Orientation: -0.5 -0.5 -0.5 -0.5 Time: 0
Position: 21.0133 318.113 -498.4 Orientation: -0.447357 -0.894315 0.000200011 0.00853379 Time: 0
Position: 10.46 311.767 -463.177 Orientation: -0.353474 -0.625038 -0.285833 0.634573 Time: 0
Position: -3.69731e+028 -3.69731e+028 -3.69731e+028 Orientation: -0.5 -0.5 -0.5 -0.5 Time: 0
Position: 21.36 317.107 -498.07 Orientation: -0.447748 -0.894129 0.00136671 0.00730024 Time: 0
Position: 9.62 311.287 -463.317 Orientation: -0.357174 -0.623137 -0.286199 0.634205 Time: 0
Position: -3.69731e+028 -3.69731e+028 -3.69731e+028 Orientation: -0.5 -0.5 -0.5 -0.5 Time: 0
Position: 21.15 317.08 -498.537 Orientation: -0.447723 -0.894146 0.00116673 0.00673368 Time: 0
Position: 9.84 311.513 -463.353 Orientation: -0.355966 -0.623657 -0.28616 0.634392 Time: 0
Position: 28.6833 299.713 -466.467 Orientation: -0.689706 -0.226657 -0.6298 0.276196 Time: 0
Position: 21.84 317.383 -498.453 Orientation: -0.448202 -0.893905 0.000533376 0.00696722 Time: 0
Position: 9.65333 310.777 -463.293 Orientation: -0.357257 -0.622941 -0.284886 0.634942 Time: 0
Position: 28.6733 299.89 -466.273 Orientation: -0.68911 -0.226625 -0.629803 0.277698 Time: 0
Position: 22.0633 318.07 -498.72 Orientation: -0.448136 -0.893939 0.00123343 0.00680055 Time: 0
Position: 10.0167 311.353 -463.433 Orientation: -0.355595 -0.62395 -0.285256 0.634718 Time: 0
Position: -3.69731e+028 -3.69731e+028 -3.69731e+028 Orientation: -0.5 -0.5 -0.5 -0.5 Time: 0
Position: 21.47 318.063 -498.333 Orientation: -0.448294 -0.893854 -0.000766713 0.00760046 Time: 0
Position: 9.95333 311.79 -463.987 Orientation: -0.357269 -0.622896 -0.286696 0.634164 Time: 0
Position: -3.69731e+028 -3.69731e+028 -3.69731e+028 Orientation: -0.5 -0.5 -0.5 -0.5 Time: 0
Position: 21.44 317.827 -498.407 Orientation: -0.447776 -0.894118 -0.00100009 0.00696733 Time: 0
Position: 9.87 311.467 -463.513 Orientation: -0.355568 -0.623695 -0.284561 0.635296 Time: 0
Position: -3.69731e+028 -3.69731e+028 -3.69731e+028 Orientation: -0.5 -0.5 -0.5 -0.5 Time: 0
Position: 21.2533 317.3 -498.207 Orientation: -0.447866 -0.894065 0.00156678 0.00790057 Time: 0
Position: 9.78 311.72 -463.467 Orientation: -0.354088 -0.623371 -0.283517 0.636905 Time: 0
Position: -3.69731e+028 -3.69731e+028 -3.69731e+028 Orientation: -0.5 -0.5 -0.5 -0.5 Time: 0
Position: 21.3367 317.357 -497.997 Orientation: -0.448359 -0.893818 0.000666705 0.00796712 Time: 0
Position: 10.17 311.337 -463.737 Orientation: -0.356834 -0.623993 -0.285594 0.633828 Time: 0
Position: -3.69731e+028 -3.69731e+028 -3.69731e+028 Orientation: -0.5 -0.5 -0.5 -0.5 Time: 0
Position: 21.17 316.68 -497.81 Orientation: -0.448239 -0.893878 0.00206685 0.00770067 Time: 0
Position: 9.76 311.13 -464.09 Orientation: -0.357865 -0.622721 -0.284425 0.635022 Time: 0
Position: -3.69731e+028 -3.69731e+028 -3.69731e+028 Orientation: -0.5 -0.5 -0.5 -0.5 Time: 0
Position: 21.3733 317.927 -498.62 Orientation: -0.44792 -0.89404 -0.000866706 0.00763368 Time: 0
Position: 9.29 311.143 -463.363 Orientation: -0.356266 -0.622258 -0.28446 0.636359 Time: 0
Position: -3.69731e+028 -3.69731e+028 -3.69731e+028 Orientation: -0.5 -0.5 -0.5 -0.5 Time: 0
Position: 21.14 317.453 -498.447 Orientation: -0.447495 -0.894256 0.00100006 0.00733379 Time: 0
Position: 10.0133 311.687 -462.833 Orientation: -0.352239 -0.624803 -0.284165 0.636238 Time: 0
Position: -3.69731e+028 -3.69731e+028 -3.69731e+028 Orientation: -0.5 -0.5 -0.5 -0.5 Time: 0
Position: 21.2033 317.087 -497.633 Orientation: -0.447363 -0.894325 0.000900059 0.00696712 Time: 0
Position: 9.77667 311.537 -462.763 Orientation: -0.352672 -0.624236 -0.283831 0.636704 Time: 0
Position: -3.69731e+028 -3.69731e+028 -3.69731e+028 Orientation: -0.5 -0.5 -0.5 -0.5 Time: 0
Position: 21.3433 317.653 -498.363 Orientation: -0.447496 -0.894259 1.69784e-011 0.00693379 Time: 0
Position: 9.73333 311.737 -463.74 Orientation: -0.356564 -0.623253 -0.286525 0.634288 Time: 0
Position: 28.7867 300.13 -466.81 Orientation: -0.690037 -0.22579 -0.629398 0.276995 Time: 0
Position: 21.44 316.98 -498.253 Orientation: -0.448042 -0.893984 0.00120011 0.00710066 Time: 0
Position: 9.88333 311.937 -463.33 Orientation: -0.354371 -0.623433 -0.285497 0.635801 Time: 0
Position: -3.69731e+028 -3.69731e+028 -3.69731e+028 Orientation: -0.5 -0.5 -0.5 -0.5 Time: 0
Position: 21.31 316.597 -497.167 Orientation: -0.447856 -0.894079 0.00143341 0.00676701 Time: 0
Position: 9.95333 311.447 -463.297 Orientation: -0.355434 -0.623626 -0.284661 0.635394 Time: 0
Position: -3.69731e+028 -3.69731e+028 -3.69731e+028 Orientation: -0.5 -0.5 -0.5 -0.5 Time: 0
Position: 20.8767 317.697 -498.363 Orientation: -0.447559 -0.894219 0.000866717 0.00793379 Time: 0
Position: 9.8 311.897 -463.233 Orientation: -0.353991 -0.623609 -0.285119 0.63601 Time: 0
Position: -3.69731e+028 -3.69731e+028 -3.69731e+028 Orientation: -0.5 -0.5 -0.5 -0.5 Time: 0
Position: 21.1367 318.243 -498.6 Orientation: -0.448623 -0.89368 -0.00183343 0.0083671 Time: 0
Position: 10.1 311.747 -463.847 Orientation: -0.356073 -0.62387 -0.286566 0.633938 Time: 0
Position: -1.23244e+028 -1.23244e+028 -1.23244e+028 Orientation: -0.5 -0.5 -0.5 -0.5 Time: 0
Position: 21.4 318.017 -498.647 Orientation: -0.447575 -0.894217 3.33365e-005 0.00730068 Time: 0
Position: 10.3667 311.593 -463.347 Orientation: -0.354061 -0.62505 -0.285056 0.634584 Time: 0
Position: -3.69731e+028 -3.69731e+028 -3.69731e+028 Orientation: -0.5 -0.5 -0.5 -0.5 Time: 0
Position: 21.53 317.753 -498.457 Orientation: -0.448105 -0.893943 0.00170015 0.00806736 Time: 0
Position: 9.76 311.667 -463.55 Orientation: -0.354263 -0.623453 -0.283157 0.636887 Time: 0
Position: -2.46488e+028 -2.46488e+028 -2.46488e+028 Orientation: -0.5 -0.5 -0.5 -0.5 Time: 0
Position: 21.6 318.147 -498.847 Orientation: -0.448307 -0.893847 0.000166682 0.00770069 Time: 0
Position: 9.71667 311.113 -463.363 Orientation: -0.356173 -0.622969 -0.283965 0.635937 Time: 0
Position: -3.69731e+028 -3.69731e+028 -3.69731e+028 Orientation: -0.5 -0.5 -0.5 -0.5 Time: 0
Position: 21.6267 317.677 -498.203 Orientation: -0.447763 -0.894126 0.00090006 0.00683378 Time: 0
Position: 9.79667 311.32 -463.693 Orientation: -0.355367 -0.623493 -0.283094 0.636261 Time: 0
Position: -3.69731e+028 -3.69731e+028 -3.69731e+028 Orientation: -0.5 -0.5 -0.5 -0.5 Time: 0
Position: 21.5167 317.847 -498.34 Orientation: -0.448293 -0.893852 0.000766711 0.00790046 Time: 0
Position: 10.0833 311.213 -463.183 Orientation: -0.354875 -0.624239 -0.284133 0.635341 Time: 0
Position: -3.69731e+028 -3.69731e+028 -3.69731e+028 Orientation: -0.5 -0.5 -0.5 -0.5 Time: 0
Position: 21.24 318.057 -498.487 Orientation: -0.447798 -0.894096 0.00153344 0.00820057 Time: 0
Position: 10.24 311.513 -463.173 Orientation: -0.354031 -0.624188 -0.284592 0.635656 Time: 0
Position: -3.69731e+028 -3.69731e+028 -3.69731e+028 Orientation: -0.5 -0.5 -0.5 -0.5 Time: 0
Position: 20.9333 316.977 -498.1 Orientation: -0.447972 -0.89401 0.00160014 0.00806736 Time: 0
Position: 9.70333 311.683 -463.587 Orientation: -0.354429 -0.623152 -0.28369 0.636853 Time: 0
Position: -3.69731e+028 -3.69731e+028 -3.69731e+028 Orientation: -0.5 -0.5 -0.5 -0.5 Time: 0
Position: 21.79 317.68 -497.803 Orientation: -0.448334 -0.893834 -0.000533374 0.00756724 Time: 0
Position: 9.87 311.557 -463.297 Orientation: -0.354496 -0.623752 -0.284457 0.635886 Time: 0
Position: -3.69731e+028 -3.69731e+028 -3.69731e+028 Orientation: -0.5 -0.5 -0.5 -0.5 Time: 0
Position: 22.15 317.79 -497.577 Orientation: -0.448627 -0.893688 -0.000900055 0.00740045 Time: 0
Position: 10.0567 311.487 -463.997 Orientation: -0.355401 -0.624093 -0.283527 0.635461 Time: 0
Position: -3.69731e+028 -3.69731e+028 -3.69731e+028 Orientation: -0.5 -0.5 -0.5 -0.5 Time: 0
Position: 21.6167 317.52 -497.707 Orientation: -0.448096 -0.893959 -0.000800053 0.00683378 Time: 0
Position: 9.77667 311.24 -463.773 Orientation: -0.356035 -0.623562 -0.283895 0.635463 Time: 0
Position: -1.23244e+028 -1.23244e+028 -1.23244e+028 Orientation: -0.5 -0.5 -0.5 -0.5 Time: 0
Position: 21.4433 317.927 -498.337 Orientation: -0.448532 -0.893731 0.000966736 0.0079339 Time: 0
Position: 9.87667 311.337 -463.527 Orientation: -0.356139 -0.623435 -0.285365 0.63487 Time: 0
Position: -3.69731e+028 -3.69731e+028 -3.69731e+028 Orientation: -0.5 -0.5 -0.5 -0.5 Time: 0
Position: 21.6567 317.203 -497.943 Orientation: -0.448469 -0.893771 0.000466704 0.00693389 Time: 0
Position: 9.85333 311.613 -463.197 Orientation: -0.352702 -0.624396 -0.282329 0.637198 Time: 0
Position: -3.69731e+028 -3.69731e+028 -3.69731e+028 Orientation: -0.5 -0.5 -0.5 -0.5 Time: 0
Position: 21.6267 317.153 -497.803 Orientation: -0.44823 -0.893892 0.00116674 0.00673378 Time: 0
Position: 9.99667 311.48 -462.933 Orientation: -0.352697 -0.624586 -0.283291 0.636587 Time: 0
Position: -3.69731e+028 -3.69731e+028 -3.69731e+028 Orientation: -0.5 -0.5 -0.5 -0.5 Time: 0
Position: 21.52 317.713 -498.157 Orientation: -0.448092 -0.893951 0.000833381 0.00796712 Time: 0
Position: 9.79667 311.577 -462.917 Orientation: -0.353668 -0.623761 -0.285295 0.635962 Time: 0
Position: -3.69731e+028 -3.69731e+028 -3.69731e+028 Orientation: -0.5 -0.5 -0.5 -0.5 Time: 0
Position: 21.24 317.167 -497.857 Orientation: -0.447853 -0.894073 0.000866705 0.00776701 Time: 0
Position: 9.81667 311.79 -463.21 Orientation: -0.354464 -0.623321 -0.286025 0.635622 Time: 0
Position: -3.69731e+028 -3.69731e+028 -3.69731e+028 Orientation: -0.5 -0.5 -0.5 -0.5 Time: 0
Position: 21.63 318.15 -498.68 Orientation: -0.448545 -0.893724 0.00120012 0.00800081 Time: 0
Position: 10.05 311.74 -463.083 Orientation: -0.353934 -0.624493 -0.285594 0.634961 Time: 0
Position: -3.69731e+028 -3.69731e+028 -3.69731e+028 Orientation: -0.5 -0.5 -0.5 -0.5 Time: 0
Position: 21.5867 318.183 -498.893 Orientation: -0.447468 -0.89427 0.000833398 0.00726723 Time: 0
Position: 9.96 312.4 -463.463 Orientation: -0.353857 -0.623742 -0.286553 0.63531 Time: 0
Position: -3.69731e+028 -3.69731e+028 -3.69731e+028 Orientation: -0.5 -0.5 -0.5 -0.5 Time: 0
Position: 21.7633 317.84 -498.197 Orientation: -0.447976 -0.894018 0.000133346 0.00700066 Time: 0
Position: 9.47667 311.763 -463.61 Orientation: -0.354604 -0.623199 -0.28453 0.636334 Time: 0
Position: -3.69731e+028 -3.69731e+028 -3.69731e+028 Orientation: -0.5 -0.5 -0.5 -0.5 Time: 0
Position: 21.8633 318.22 -498.76 Orientation: -0.44824 -0.89388 0.00100009 0.00760068 Time: 0
Position: 9.48 311.487 -463.583 Orientation: -0.35563 -0.622918 -0.283524 0.636486 Time: 0
Position: -1.23244e+028 -1.23244e+028 -1.23244e+028 Orientation: -0.5 -0.5 -0.5 -0.5 Time: 0
Position: 20.73 317.257 -498.193 Orientation: -0.447796 -0.894092 0.00240016 0.00853389 Time: 0
Position: 10.1033 311.553 -463.577 Orientation: -0.356731 -0.623555 -0.287059 0.633656 Time: 0
Position: -3.69731e+028 -3.69731e+028 -3.69731e+028 Orientation: -0.5 -0.5 -0.5 -0.5 Time: 0
Position: 21.2433 317.827 -498.753 Orientation: -0.448423 -0.89378 0.00193343 0.00840044 Time: 0
Position: 10.25 310.833 -463.65 Orientation: -0.358496 -0.624117 -0.28659 0.632318 Time: 0
Position: -3.69731e+028 -3.69731e+028 -3.69731e+028 Orientation: -0.5 -0.5 -0.5 -0.5 Time: 0
Position: 21.6567 317.553 -498.053 Orientation: -0.448028 -0.893989 0.00133342 0.00726712 Time: 0
Position: 9.69333 311.687 -463.817 Orientation: -0.35563 -0.623019 -0.285091 0.635687 Time: 0
Position: 28.1933 299.763 -466.223 Orientation: -0.691016 -0.224316 -0.629411 0.27572 Time: 0
Position: 21.7267 317.47 -497.947 Orientation: -0.447843 -0.894085 0.000633394 0.00696733 Time: 0
Position: 9.38333 312.167 -463.467 Orientation: -0.353236 -0.622797 -0.284429 0.637532 Time: 0
Position: -3.69731e+028 -3.69731e+028 -3.69731e+028 Orientation: -0.5 -0.5 -0.5 -0.5 Time: 0
Position: 21.12 317.36 -498.19 Orientation: -0.447973 -0.894013 0.000666726 0.00783403 Time: 0
Position: 9.82667 311.457 -463.873 Orientation: -0.354429 -0.624017 -0.282689 0.636451 Time: 0
Position: -1.23244e+028 -1.23244e+028 -1.23244e+028 Orientation: -0.5 -0.5 -0.5 -0.5 Time: 0
Position: 21.38 317.587 -498.313 Orientation: -0.448187 -0.893908 0.000200009 0.00753368 Time: 0
Position: 9.49 311.81 -463.7 Orientation: -0.353799 -0.623224 -0.283259 0.637325 Time: 0
Position: -2.46488e+028 -2.46488e+028 -2.46488e+028 Orientation: -0.5 -0.5 -0.5 -0.5 Time: 0
Position: 21.4467 317.703 -498.477 Orientation: -0.4482 -0.893901 0.000433366 0.00760057 Time: 0
Position: 9.98667 311.56 -463.68 Orientation: -0.354796 -0.623852 -0.284157 0.635753 Time: 0
Position: -3.69731e+028 -3.69731e+028 -3.69731e+028 Orientation: -0.5 -0.5 -0.5 -0.5 Time: 0
Position: 21.2133 316.433 -498.487 Orientation: -0.447625 -0.894184 0.00503362 0.00650036 Time: 0
Position: 9.74 310.837 -463.24 Orientation: -0.356802 -0.623129 -0.284328 0.635263 Time: 0
Position: -3.69731e+028 -3.69731e+028 -3.69731e+028 Orientation: -0.5 -0.5 -0.5 -0.5 Time: 0
Position: 21.97 317.863 -498.063 Orientation: -0.448269 -0.89387 -0.000300024 0.0071339 Time: 0
Position: 9.69 311.04 -463.34 Orientation: -0.355396 -0.623419 -0.28309 0.63632 Time: 0
Position: -3.69731e+028 -3.69731e+028 -3.69731e+028 Orientation: -0.5 -0.5 -0.5 -0.5 Time: 0
Position: 21.8533 317.08 -497.803 Orientation: -0.448602 -0.893704 0.000733391 0.00700055 Time: 0
Position: 10.1867 311.41 -463.313 Orientation: -0.354529 -0.624417 -0.284223 0.635318 Time: 0
Position: -3.69731e+028 -3.69731e+028 -3.69731e+028 Orientation: -0.5 -0.5 -0.5 -0.5 Time: 0
Position: 21.44 317.893 -498.35 Orientation: -0.447453 -0.894273 0.00170008 0.00766701 Time: 0
Position: 10.2967 311.917 -463.223 Orientation: -0.352735 -0.624429 -0.284762 0.636064 Time: 0
Position: -3.69731e+028 -3.69731e+028 -3.69731e+028 Orientation: -0.5 -0.5 -0.5 -0.5 Time: 0
Position: 21.4233 318.26 -498.85 Orientation: -0.447757 -0.894114 0.00250013 0.0081671 Time: 0
Position: 9.65667 311.113 -463.52 Orientation: -0.355824 -0.622842 -0.283319 0.636543 Time: 0
Position: -2.46488e+028 -2.46488e+028 -2.46488e+028 Orientation: -0.5 -0.5 -0.5 -0.5 Time: 0
Position: 21.8067 317.763 -498.827 Orientation: -0.447577 -0.894221 0.00130013 0.00640063 Time: 0
Position: 9.60667 312.003 -462.75 Orientation: -0.352513 -0.623381 -0.284904 0.63715 Time: 0
Position: -3.69731e+028 -3.69731e+028 -3.69731e+028 Orientation: -0.5 -0.5 -0.5 -0.5 Time: 0
Position: 21.6567 317.747 -498.29 Orientation: -0.447962 -0.894023 0.000400025 0.00726713 Time: 0
Position: 9.56 311.327 -463.66 Orientation: -0.355911 -0.623045 -0.284102 0.635947 Time: 0
Position: 28.24 300.247 -466.433 Orientation: -0.690996 -0.22392 -0.628957 0.277125 Time: 0
Position: 21.86 317.81 -497.96 Orientation: -0.448189 -0.893911 -0.00116672 0.00693368 Time: 0
Position: 9.52333 311.23 -463.463 Orientation: -0.357225 -0.622577 -0.28512 0.635212 Time: 0
Position: -3.69731e+028 -3.69731e+028 -3.69731e+028 Orientation: -0.5 -0.5 -0.5 -0.5 Time: 0
Position: 21.4233 318.053 -499.053 Orientation: -0.447629 -0.89419 0.000533367 0.00720046 Time: 0
Position: 9.70667 311.527 -463.333 Orientation: -0.354699 -0.62399 -0.284192 0.635657 Time: 0
Position: -3.69731e+028 -3.69731e+028 -3.69731e+028 Orientation: -0.5 -0.5 -0.5 -0.5 Time: 0
Position: 21.5667 317.873 -497.79 Orientation: -0.447935 -0.894036 -0.00193348 0.00710055 Time: 0
Position: 9.53333 311.407 -463.457 Orientation: -0.35471 -0.623843 -0.283635 0.636044 Time: 0
Position: -3.69731e+028 -3.69731e+028 -3.69731e+028 Orientation: -0.5 -0.5 -0.5 -0.5 Time: 0
Position: 20.9133 317 -497.787 Orientation: -0.447455 -0.894277 -0.000466689 0.00723369 Time: 0
Position: 10.1667 311.63 -463.16 Orientation: -0.354229 -0.624284 -0.285557 0.635018 Time: 0
Position: -3.69731e+028 -3.69731e+028 -3.69731e+028 Orientation: -0.5 -0.5 -0.5 -0.5 Time: 0
Position: 22.0767 317.763 -498.563 Orientation: -0.448495 -0.893757 -0.000100006 0.00716712 Time: 0
Position: 9.48 311.88 -463.94 Orientation: -0.356967 -0.621893 -0.286527 0.635394 Time: 0
Position: -3.69731e+028 -3.69731e+028 -3.69731e+028 Orientation: -0.5 -0.5 -0.5 -0.5 Time: 0
Position: 21.0467 317.667 -498.59 Orientation: -0.447789 -0.894111 0.000366685 0.00710035 Time: 0
Position: 9.94667 311.803 -463.857 Orientation: -0.355842 -0.623074 -0.286067 0.635075 Time: 0
Position: -3.69731e+028 -3.69731e+028 -3.69731e+028 Orientation: -0.5 -0.5 -0.5 -0.5 Time: 0
Position: 21.37 318.23 -498.717 Orientation: -0.448025 -0.893984 0.00070004 0.00806713 Time: 0
Position: 10.0433 311.817 -462.94 Orientation: -0.35396 -0.62348 -0.286321 0.635614 Time: 0
Position: -3.69731e+028 -3.69731e+028 -3.69731e+028 Orientation: -0.5 -0.5 -0.5 -0.5 Time: 0
Position: 21.4933 316.963 -498.05 Orientation: -0.448467 -0.893767 0.00160012 0.00750056 Time: 0
Position: 9.99333 311.683 -463.307 Orientation: -0.355205 -0.623067 -0.286964 0.635035 Time: 0
Position: -3.69731e+028 -3.69731e+028 -3.69731e+028 Orientation: -0.5 -0.5 -0.5 -0.5 Time: 0
Position: 21.3067 317.21 -497.467 Orientation: -0.448227 -0.893887 -0.00143342 0.00750045 Time: 0
Position: 9.93667 312.07 -463.623 Orientation: -0.354289 -0.623772 -0.285218 0.63564 Time: 0
Position: -3.69731e+028 -3.69731e+028 -3.69731e+028 Orientation: -0.5 -0.5 -0.5 -0.5 Time: 0
Position: 21.0867 316.553 -498.32 Orientation: -0.447654 -0.894175 0.00273346 0.00706699 Time: 0
Position: 10.1567 310.963 -464.303 Orientation: -0.359307 -0.623904 -0.286066 0.632305 Time: 0
Position: -3.69731e+028 -3.69731e+028 -3.69731e+028 Orientation: -0.5 -0.5 -0.5 -0.5 Time: 0
Position: 21.6133 318.167 -498.257 Orientation: -0.447561 -0.894221 0.00123341 0.00753379 Time: 0
Position: 9.79 311.437 -463.04 Orientation: -0.355176 -0.623107 -0.285934 0.635476 Time: 0
Position: -3.69731e+028 -3.69731e+028 -3.69731e+028 Orientation: -0.5 -0.5 -0.5 -0.5 Time: 0
Position: 21.3267 317.823 -497.973 Orientation: -0.447321 -0.894342 0.000600028 0.00746702 Time: 0
Position: 9.91667 311.587 -463.32 Orientation: -0.355836 -0.62323 -0.285462 0.635198 Time: 0
Position: -3.69731e+028 -3.69731e+028 -3.69731e+028 Orientation: -0.5 -0.5 -0.5 -0.5 Time: 0
Position: 21.17 316.987 -498.063 Orientation: -0.447732 -0.894131 0.00283354 0.00756721 Time: 0
Position: 10.42 311.37 -463.927 Orientation: -0.357073 -0.624136 -0.286365 0.633204 Time: 0
Position: -3.69731e+028 -3.69731e+028 -3.69731e+028 Orientation: -0.5 -0.5 -0.5 -0.5 Time: 0
Position: 21.6467 317.567 -498.547 Orientation: -0.448186 -0.893906 0.00123339 0.00770034 Time: 0
