Position: -33.63 83.51 -464.943 Orientation: -0.376568 -0.615556 -0.330563 0.608289 Time: 0
Position: -18.34 66.27 -464.71 Orientation: -0.680841 -0.187645 -0.670773 0.226514 Time: 0
Position: -3.69731e+028 -3.69731e+028 -3.69731e+028 Orientation: -0.5 -0.5 -0.5 -0.5 Time: 0
Position: -33.35 83.7867 -465.103 Orientation: -0.375432 -0.616186 -0.330628 0.608318 Time: 0
Position: -18.6467 66.3067 -464.637 Orientation: -0.681494 -0.18705 -0.670127 0.226954 Time: 0
Position: -3.69731e+028 -3.69731e+028 -3.69731e+028 Orientation: -0.5 -0.5 -0.5 -0.5 Time: 0
Position: -33.4533 84.13 -465.173 Orientation: -0.376002 -0.614725 -0.332498 0.608424 Time: 0
Position: -18.67 66.3833 -464.8 Orientation: -0.681192 -0.18825 -0.669691 0.228153 Time: 0
Position: -3.69731e+028 -3.69731e+028 -3.69731e+028 Orientation: -0.5 -0.5 -0.5 -0.5 Time: 0
Position: -33.22 83.8367 -465.147 Orientation: -0.375695 -0.615846 -0.331525 0.608012 Time: 0
Position: -18.45 66.5133 -464.943 Orientation: -0.680907 -0.186354 -0.671006 0.226691 Time: 0
Position: -3.69731e+028 -3.69731e+028 -3.69731e+028 Orientation: -0.5 -0.5 -0.5 -0.5 Time: 0
Position: -33.61 84.0767 -464.967 Orientation: -0.37561 -0.614672 -0.331672 0.609171 Time: 0
Position: -18.5167 66.3433 -464.947 Orientation: -0.681451 -0.185314 -0.671384 0.224783 Time: 0
Position: -3.69731e+028 -3.69731e+028 -3.69731e+028 Orientation: -0.5 -0.5 -0.5 -0.5 Time: 0
Position: -33.92 83.7167 -465.01 Orientation: -0.376728 -0.614479 -0.330624 0.609245 Time: 0
Position: -18.7733 66.1067 -464.767 Orientation: -0.681959 -0.187683 -0.669658 0.22642 Time: 0
Position: -3.69731e+028 -3.69731e+028 -3.69731e+028 Orientation: -0.5 -0.5 -0.5 -0.5 Time: 0
Position: -33.8733 83.4367 -465.047 Orientation: -0.37733 -0.614983 -0.33016 0.608615 Time: 0
Position: -18.89 66.02 -464.813 Orientation: -0.681855 -0.189349 -0.668887 0.227618 Time: 0
Position: -3.69731e+028 -3.69731e+028 -3.69731e+028 Orientation: -0.5 -0.5 -0.5 -0.5 Time: 0
Position: -33.5533 83.6633 -464.92 Orientation: -0.375711 -0.61594 -0.330239 0.608606 Time: 0
Position: -18.5467 66.4567 -464.903 Orientation: -0.681149 -0.186013 -0.671049 0.226116 Time: 0
Position: -3.69731e+028 -3.69731e+028 -3.69731e+028 Orientation: -0.5 -0.5 -0.5 -0.5 Time: 0
Position: -33.3767 83.6667 -464.98 Orientation: -0.375703 -0.616093 -0.330665 0.608225 Time: 0
Position: -18.1867 66.2767 -464.85 Orientation: -0.680497 -0.187218 -0.67143 0.225955 Time: 0
Position: -3.69731e+028 -3.69731e+028 -3.69731e+028 Orientation: -0.5 -0.5 -0.5 -0.5 Time: 0
Position: -33.5367 83.6733 -465.003 Orientation: -0.376432 -0.615186 -0.331228 0.608385 Time: 0
Position: -18.4867 66.22 -464.653 Orientation: -0.68097 -0.188353 -0.670136 0.227423 Time: 0
Position: -3.69731e+028 -3.69731e+028 -3.69731e+028 Orientation: -0.5 -0.5 -0.5 -0.5 Time: 0
Position: -33.7733 83.89 -464.867 Orientation: -0.376532 -0.614085 -0.331995 0.609018 Time: 0
Position: -18.43 66.4033 -464.887 Orientation: -0.681052 -0.186081 -0.671184 0.225951 Time: 0
Position: -3.69731e+028 -3.69731e+028 -3.69731e+028 Orientation: -0.5 -0.5 -0.5 -0.5 Time: 0
Position: -33.6867 83.9433 -464.707 Orientation: -0.375177 -0.615105 -0.330805 0.609471 Time: 0
Position: -18.7133 66.2267 -465.047 Orientation: -0.681801 -0.186719 -0.6703 0.225789 Time: 0
Position: -3.69731e+028 -3.69731e+028 -3.69731e+028 Orientation: -0.5 -0.5 -0.5 -0.5 Time: 0
Position: -33.7833 83.8467 -464.863 Orientation: -0.375338 -0.615262 -0.330166 0.609561 Time: 0
Position: -18.6533 66.1667 -465.113 Orientation: -0.681487 -0.188881 -0.669486 0.227351 Time: 0
Position: -3.69731e+028 -3.69731e+028 -3.69731e+028 Orientation: -0.5 -0.5 -0.5 -0.5 Time: 0
Position: -33.4033 83.76 -464.903 Orientation: -0.376279 -0.615209 -0.331807 0.608141 Time: 0
Position: -18.7 66.2 -465.067 Orientation: -0.68184 -0.18692 -0.670238 0.225691 Time: 0
Position: -3.69731e+028 -3.69731e+028 -3.69731e+028 Orientation: -0.5 -0.5 -0.5 -0.5 Time: 0
Position: -33.6033 84.0133 -465.01 Orientation: -0.375781 -0.615011 -0.331575 0.608777 Time: 0
Position: -18.4533 66.5233 -464.62 Orientation: -0.681059 -0.184583 -0.671825 0.225253 Time: 0
Position: -3.69731e+028 -3.69731e+028 -3.69731e+028 Orientation: -0.5 -0.5 -0.5 -0.5 Time: 0
Position: -33.4067 83.8133 -465.047 Orientation: -0.375932 -0.615652 -0.331361 0.608151 Time: 0
Position: -18.26 66.4033 -464.797 Orientation: -0.680616 -0.185556 -0.671981 0.225327 Time: 0
Position: -3.69731e+028 -3.69731e+028 -3.69731e+028 Orientation: -0.5 -0.5 -0.5 -0.5 Time: 0
Position: -33.3167 83.9867 -465.027 Orientation: -0.375274 -0.615666 -0.331869 0.608266 Time: 0
Position: -18.33 66.67 -464.907 Orientation: -0.680356 -0.184915 -0.672322 0.225619 Time: 0
Position: -3.69731e+028 -3.69731e+028 -3.69731e+028 Orientation: -0.5 -0.5 -0.5 -0.5 Time: 0
Position: -33.47 84.1533 -465.023 Orientation: -0.374204 -0.615795 -0.330766 0.609394 Time: 0
Position: -18.47 66.5633 -464.847 Orientation: -0.680629 -0.185784 -0.671661 0.226054 Time: 0
Position: -3.69731e+028 -3.69731e+028 -3.69731e+028 Orientation: -0.5 -0.5 -0.5 -0.5 Time: 0
Position: -33.3467 83.8567 -465.143 Orientation: -0.375002 -0.616291 -0.330664 0.608457 Time: 0
Position: -18.2833 66.2533 -464.86 Orientation: -0.680776 -0.186521 -0.671575 0.225258 Time: 0
Position: -3.69731e+028 -3.69731e+028 -3.69731e+028 Orientation: -0.5 -0.5 -0.5 -0.5 Time: 0
Position: -33.5 83.8633 -465.12 Orientation: -0.374259 -0.616576 -0.329589 0.609209 Time: 0
Position: -18.2267 66.3567 -464.71 Orientation: -0.680406 -0.187711 -0.671005 0.22708 Time: 0
Position: -3.69731e+028 -3.69731e+028 -3.69731e+028 Orientation: -0.5 -0.5 -0.5 -0.5 Time: 0
Position: -33.4767 83.7167 -465.097 Orientation: -0.375464 -0.616084 -0.330661 0.608383 Time: 0
Position: -18.57 66.6 -464.837 Orientation: -0.680597 -0.188618 -0.66993 0.228922 Time: 0
Position: -3.69731e+028 -3.69731e+028 -3.69731e+028 Orientation: -0.5 -0.5 -0.5 -0.5 Time: 0
Position: -33.67 83.6467 -465.297 Orientation: -0.376371 -0.615462 -0.3304 0.608595 Time: 0
Position: -18.9267 66.47 -464.847 Orientation: -0.681683 -0.18808 -0.669182 0.228317 Time: 0
Position: -3.69731e+028 -3.69731e+028 -3.69731e+028 Orientation: -0.5 -0.5 -0.5 -0.5 Time: 0
Position: -33.32 83.66 -465.347 Orientation: -0.375406 -0.616631 -0.330234 0.608097 Time: 0
Position: -18.3733 66.2467 -464.56 Orientation: -0.680693 -0.187583 -0.670792 0.226953 Time: 0
Position: -3.69731e+028 -3.69731e+028 -3.69731e+028 Orientation: -0.5 -0.5 -0.5 -0.5 Time: 0
Position: -33.61 83.7267 -465.187 Orientation: -0.37637 -0.61546 -0.330899 0.608326 Time: 0
Position: -18.2633 66.5067 -464.783 Orientation: -0.68038 -0.185422 -0.672246 0.22536 Time: 0
Position: -3.69731e+028 -3.69731e+028 -3.69731e+028 Orientation: -0.5 -0.5 -0.5 -0.5 Time: 0
Position: -33.4267 83.9033 -464.963 Orientation: -0.375466 -0.615587 -0.331395 0.608486 Time: 0
Position: -18.51 66.6967 -464.66 Orientation: -0.680882 -0.186013 -0.670982 0.227116 Time: 0
Position: -3.69731e+028 -3.69731e+028 -3.69731e+028 Orientation: -0.5 -0.5 -0.5 -0.5 Time: 0
Position: -33.2867 83.8533 -465.01 Orientation: -0.375242 -0.616103 -0.330904 0.608369 Time: 0
Position: -18.25 66.5233 -464.813 Orientation: -0.680152 -0.186981 -0.671385 0.227317 Time: 0
Position: -3.69731e+028 -3.69731e+028 -3.69731e+028 Orientation: -0.5 -0.5 -0.5 -0.5 Time: 0
Position: -33.4867 83.9133 -465.083 Orientation: -0.375398 -0.615684 -0.330561 0.608884 Time: 0
Position: -18.3067 66.33 -464.963 Orientation: -0.680331 -0.188384 -0.670663 0.227755 Time: 0
Position: -3.69731e+028 -3.69731e+028 -3.69731e+028 Orientation: -0.5 -0.5 -0.5 -0.5 Time: 0
Position: -33.76 83.7133 -465.07 Orientation: -0.375835 -0.615557 -0.329797 0.609156 Time: 0
Position: -18.5933 66.46 -464.853 Orientation: -0.680852 -0.187848 -0.670218 0.227951 Time: 0
Position: -3.69731e+028 -3.69731e+028 -3.69731e+028 Orientation: -0.5 -0.5 -0.5 -0.5 Time: 0
Position: -33.7567 83.8333 -464.917 Orientation: -0.376699 -0.614186 -0.331495 0.609085 Time: 0
Position: -18.53 66.37 -464.697 Orientation: -0.680945 -0.187588 -0.670477 0.227126 Time: 0
Position: -3.69731e+028 -3.69731e+028 -3.69731e+028 Orientation: -0.5 -0.5 -0.5 -0.5 Time: 0
Position: -33.6033 83.75 -465.023 Orientation: -0.376028 -0.615212 -0.330858 0.608811 Time: 0
Position: -18.3833 66.14 -464.953 Orientation: -0.681043 -0.187545 -0.670843 0.225781 Time: 0
Position: -3.69731e+028 -3.69731e+028 -3.69731e+028 Orientation: -0.5 -0.5 -0.5 -0.5 Time: 0
Position: -33.26 83.5967 -464.913 Orientation: -0.376008 -0.616201 -0.331203 0.607634 Time: 0
Position: -18.18 66.1567 -465.02 Orientation: -0.680665 -0.186451 -0.671864 0.224788 Time: 0
Position: -3.69731e+028 -3.69731e+028 -3.69731e+028 Orientation: -0.5 -0.5 -0.5 -0.5 Time: 0
Position: -33.5133 83.68 -464.93 Orientation: -0.376976 -0.61497 -0.331838 0.607935 Time: 0
Position: -18.5533 66.2967 -464.79 Orientation: -0.681062 -0.187817 -0.670261 0.227221 Time: 0
Position: -3.69731e+028 -3.69731e+028 -3.69731e+028 Orientation: -0.5 -0.5 -0.5 -0.5 Time: 0
Position: -33.3033 83.88 -465.017 Orientation: -0.375606 -0.615697 -0.331501 0.60823 Time: 0
Position: -18.3967 66.3033 -464.753 Orientation: -0.680799 -0.186551 -0.671298 0.225988 Time: 0
Position: -3.69731e+028 -3.69731e+028 -3.69731e+028 Orientation: -0.5 -0.5 -0.5 -0.5 Time: 0
Position: -33.49 83.8967 -464.887 Orientation: -0.375299 -0.615553 -0.331095 0.608786 Time: 0
Position: -18.7167 66.11 -464.743 Orientation: -0.681613 -0.188022 -0.669811 0.226726 Time: 0
Position: -3.69731e+028 -3.69731e+028 -3.69731e+028 Orientation: -0.5 -0.5 -0.5 -0.5 Time: 0
Position: -33.7067 83.9133 -464.993 Orientation: -0.376332 -0.614585 -0.331295 0.609018 Time: 0
Position: -18.3833 66.4467 -464.72 Orientation: -0.680766 -0.186818 -0.671032 0.226655 Time: 0
Position: -3.69731e+028 -3.69731e+028 -3.69731e+028 Orientation: -0.5 -0.5 -0.5 -0.5 Time: 0
Position: -33.6467 84.14 -464.933 Orientation: -0.37571 -0.614504 -0.331872 0.60917 Time: 0
Position: -18.4433 66.5767 -464.86 Orientation: -0.680879 -0.186588 -0.670845 0.22706 Time: 0
Position: -3.69731e+028 -3.69731e+028 -3.69731e+028 Orientation: -0.5 -0.5 -0.5 -0.5 Time: 0
Position: -33.7767 83.89 -464.963 Orientation: -0.375864 -0.614717 -0.330727 0.609483 Time: 0
Position: -18.65 66.3867 -464.907 Orientation: -0.681334 -0.187252 -0.670233 0.226956 Time: 0
Position: -3.69731e+028 -3.69731e+028 -3.69731e+028 Orientation: -0.5 -0.5 -0.5 -0.5 Time: 0
Position: -33.4167 83.7067 -465.023 Orientation: -0.375206 -0.616298 -0.330101 0.60863 Time: 0
Position: -18.62 66.42 -465.01 Orientation: -0.681394 -0.185317 -0.671193 0.22552 Time: 0
Position: -3.69731e+028 -3.69731e+028 -3.69731e+028 Orientation: -0.5 -0.5 -0.5 -0.5 Time: 0
Position: -33.3067 83.7567 -465.003 Orientation: -0.375375 -0.616202 -0.330937 0.608168 Time: 0
Position: -18.3067 66.4733 -464.897 Orientation: -0.680636 -0.184486 -0.672469 0.22469 Time: 0
Position: -3.69731e+028 -3.69731e+028 -3.69731e+028 Orientation: -0.5 -0.5 -0.5 -0.5 Time: 0
Position: -33.4567 83.7167 -465.1 Orientation: -0.37637 -0.615394 -0.331633 0.607993 Time: 0
Position: -18.3267 66.4467 -464.713 Orientation: -0.680735 -0.185218 -0.672034 0.225089 Time: 0
Position: -3.69731e+028 -3.69731e+028 -3.69731e+028 Orientation: -0.5 -0.5 -0.5 -0.5 Time: 0
Position: -33.2833 83.64 -464.997 Orientation: -0.375741 -0.616267 -0.330836 0.607932 Time: 0
Position: -18.4367 66.4167 -464.853 Orientation: -0.680915 -0.186422 -0.671147 0.226194 Time: 0
Position: -3.69731e+028 -3.69731e+028 -3.69731e+028 Orientation: -0.5 -0.5 -0.5 -0.5 Time: 0
Position: -33.5867 83.63 -465.147 Orientation: -0.37611 -0.615771 -0.330472 0.608404 Time: 0
Position: -18.56 66.4 -465.093 Orientation: -0.68115 -0.18728 -0.670583 0.22645 Time: 0
Position: -3.69731e+028 -3.69731e+028 -3.69731e+028 Orientation: -0.5 -0.5 -0.5 -0.5 Time: 0
Position: -33.4633 83.6833 -465.017 Orientation: -0.375673 -0.616098 -0.330435 0.608364 Time: 0
Position: -18.5267 66.41 -464.973 Orientation: -0.681269 -0.185785 -0.671201 0.225489 Time: 0
Position: -3.69731e+028 -3.69731e+028 -3.69731e+028 Orientation: -0.5 -0.5 -0.5 -0.5 Time: 0
Position: -33.5033 83.8867 -465.157 Orientation: -0.375507 -0.6158 -0.330436 0.608766 Time: 0
Position: -18.7167 66.3333 -465.067 Orientation: -0.681799 -0.186018 -0.670598 0.225488 Time: 0
Position: -3.69731e+028 -3.69731e+028 -3.69731e+028 Orientation: -0.5 -0.5 -0.5 -0.5 Time: 0
Position: -33.4233 83.8133 -464.967 Orientation: -0.376388 -0.615169 -0.331952 0.608035 Time: 0
Position: -18.0833 66.29 -464.873 Orientation: -0.68015 -0.18678 -0.671916 0.225917 Time: 0
Position: -3.69731e+028 -3.69731e+028 -3.69731e+028 Orientation: -0.5 -0.5 -0.5 -0.5 Time: 0
Position: -33.56 83.8333 -464.967 Orientation: -0.376037 -0.615394 -0.331032 0.608526 Time: 0
Position: -18.3767 66.2833 -465.013 Orientation: -0.680893 -0.18695 -0.671092 0.225986 Time: 0
Position: -3.69731e+028 -3.69731e+028 -3.69731e+028 Orientation: -0.5 -0.5 -0.5 -0.5 Time: 0
Position: -33.4933 83.7333 -464.887 Orientation: -0.37569 -0.615771 -0.33052 0.608637 Time: 0
Position: -18.7733 66.29 -465.03 Orientation: -0.681932 -0.186885 -0.669998 0.226155 Time: 0
Position: -3.69731e+028 -3.69731e+028 -3.69731e+028 Orientation: -0.5 -0.5 -0.5 -0.5 Time: 0
Position: -33.5333 83.6233 -464.993 Orientation: -0.37534 -0.616432 -0.329635 0.608664 Time: 0
Position: -18.5067 66.1733 -464.953 Orientation: -0.681197 -0.188084 -0.670263 0.226588 Time: 0
Position: -3.69731e+028 -3.69731e+028 -3.69731e+028 Orientation: -0.5 -0.5 -0.5 -0.5 Time: 0
Position: -33.5533 83.7233 -464.847 Orientation: -0.374682 -0.616514 -0.32971 0.608946 Time: 0
Position: -18.49 66.29 -464.833 Orientation: -0.68087 -0.188586 -0.670069 0.227724 Time: 0
Position: -3.69731e+028 -3.69731e+028 -3.69731e+028 Orientation: -0.5 -0.5 -0.5 -0.5 Time: 0
Position: -33.2667 83.9233 -464.93 Orientation: -0.374883 -0.616082 -0.331144 0.608481 Time: 0
Position: -18.36 66.5167 -464.843 Orientation: -0.680601 -0.185785 -0.6717 0.226022 Time: 0
Position: -3.69731e+028 -3.69731e+028 -3.69731e+028 Orientation: -0.5 -0.5 -0.5 -0.5 Time: 0
Position: -33.3367 84.2033 -465.053 Orientation: -0.374509 -0.615569 -0.331504 0.609035 Time: 0
Position: -18.8167 66.5333 -464.867 Orientation: -0.681689 -0.185649 -0.670555 0.226252 Time: 0
Position: -3.69731e+028 -3.69731e+028 -3.69731e+028 Orientation: -0.5 -0.5 -0.5 -0.5 Time: 0
Position: -33.4333 84.0367 -464.98 Orientation: -0.374763 -0.615581 -0.331293 0.608981 Time: 0
Position: -18.6633 66.4967 -464.747 Orientation: -0.681267 -0.186585 -0.670566 0.226722 Time: 0
Position: -3.69731e+028 -3.69731e+028 -3.69731e+028 Orientation: -0.5 -0.5 -0.5 -0.5 Time: 0
Position: -33.3867 83.9067 -465.047 Orientation: -0.375465 -0.615718 -0.331094 0.608518 Time: 0
Position: -18.2033 66.3967 -464.927 Orientation: -0.680552 -0.185548 -0.672185 0.224917 Time: 0
Position: -3.69731e+028 -3.69731e+028 -3.69731e+028 Orientation: -0.5 -0.5 -0.5 -0.5 Time: 0
Position: -33.53 83.9167 -465.097 Orientation: -0.375832 -0.615419 -0.331295 0.608485 Time: 0
