Position: 163.81 177.6 -466.567 Orientation: 0.724292 -0.0721391 0.685689 0.0053671 Time: 0
Position: -212.42 158.423 -492.49 Orientation: -0.101303 -0.994533 0.00616687 0.0245675 Time: 0
Position: -217.62 158.76 -469.313 Orientation: -0.101541 -0.693552 -0.0343359 0.712387 Time: 0
Position: -188.233 164.19 -472.843 Orientation: -0.556628 -0.437315 -0.524391 0.473219 Time: 0
Position: -212.207 158.243 -492.137 Orientation: -0.10161 -0.994496 0.00773408 0.024369 Time: 0
Position: -217.797 158.883 -469.373 Orientation: -0.101942 -0.693326 -0.0354697 0.712495 Time: 0
Position: -188.073 164.207 -472.88 Orientation: -0.557627 -0.434247 -0.528857 0.469884 Time: 0
Position: -212.663 158.49 -492.24 Orientation: -0.101609 -0.994487 0.0060672 0.0251689 Time: 0
Position: -217.81 158.957 -469.613 Orientation: -0.10074 -0.693844 -0.0344355 0.712212 Time: 0
Position: -188.267 163.73 -473.043 Orientation: -0.556651 -0.439507 -0.523081 0.47261 Time: 0
Position: -212.427 158.63 -492.877 Orientation: -0.101807 -0.994473 0.00626712 0.0249018 Time: 0
Position: -218.02 158.72 -469.7 Orientation: -0.101175 -0.693554 -0.0339693 0.712455 Time: 0
Position: -188.07 164.097 -473.323 Orientation: -0.555326 -0.43998 -0.523422 0.47335 Time: 0
Position: -212.697 158.763 -492.917 Orientation: -0.101707 -0.994501 0.00416695 0.024635 Time: 0
Position: -217.8 158.927 -469.713 Orientation: -0.0998425 -0.694131 -0.0336031 0.712099 Time: 0
Position: -188.063 164.273 -473.237 Orientation: -0.556391 -0.437012 -0.526455 0.471482 Time: 0
Position: -212.873 158.377 -492.56 Orientation: -0.101507 -0.9945 0.00713381 0.0248017 Time: 0
Position: -217.557 158.757 -469.87 Orientation: -0.100903 -0.69479 -0.0346012 0.711258 Time: 0
Position: -188.217 163.627 -473.12 Orientation: -0.556585 -0.440375 -0.521815 0.473278 Time: 0
Position: -212 158.39 -492.157 Orientation: -0.10187 -0.994503 0.00520019 0.0236342 Time: 0
Position: -217.22 158.96 -469.397 Orientation: -0.100475 -0.694491 -0.0349696 0.711593 Time: 0
Position: -188.58 163.787 -473.103 Orientation: -0.557333 -0.438519 -0.522296 0.47359 Time: 0
Position: -212.667 158.2 -492.363 Orientation: -0.101106 -0.994561 0.00520032 0.0244682 Time: 0
Position: -217.147 158.907 -469.403 Orientation: -0.100742 -0.694524 -0.0355696 0.711493 Time: 0
Position: -188.23 163.883 -473.183 Orientation: -0.557558 -0.437379 -0.524822 0.471583 Time: 0
Position: -212.043 158.403 -491.977 Orientation: -0.101807 -0.994502 0.00583374 0.0238016 Time: 0
Position: -217.283 158.667 -469.403 Orientation: -0.100006 -0.694376 -0.0327353 0.711877 Time: 0
Position: -188.137 163.717 -472.92 Orientation: -0.55719 -0.438211 -0.52362 0.472581 Time: 0
Position: -212.087 158.263 -491.74 Orientation: -0.101907 -0.99447 0.00683382 0.0244351 Time: 0
Position: -217.197 158.847 -469.78 Orientation: -0.100905 -0.694936 -0.0341684 0.711136 Time: 0
Position: -188.35 163.943 -473.04 Orientation: -0.557329 -0.437483 -0.524526 0.472086 Time: 0
Position: -212.99 158.76 -492.607 Orientation: -0.101135 -0.994517 0.00693345 0.0257004 Time: 0
Position: -216.893 159.013 -469.62 Orientation: -0.100606 -0.69511 -0.0348022 0.710978 Time: 0
Position: -187.863 163.827 -473.23 Orientation: -0.556775 -0.438533 -0.524973 0.471269 Time: 0
Position: -212.74 158.773 -492.553 Orientation: -0.101903 -0.994432 0.00736691 0.0258008 Time: 0
Position: -217.433 159.04 -469.753 Orientation: -0.0986748 -0.694757 -0.0327027 0.711692 Time: 0
Position: -188.497 163.613 -472.743 Orientation: -0.558895 -0.436381 -0.523958 0.471885 Time: 0
Position: -211.973 158.203 -491.557 Orientation: -0.101768 -0.994513 0.00500007 0.0237003 Time: 0
Position: -217.173 158.797 -469.1 Orientation: -0.0993421 -0.694561 -0.0333029 0.711763 Time: 0
Position: -188.547 163.603 -473.277 Orientation: -0.557921 -0.438043 -0.524185 0.471246 Time: 0
Position: -212.31 158.547 -491.77 Orientation: -0.101774 -0.994476 0.00610047 0.0249352 Time: 0
Position: -217.38 158.697 -469.43 Orientation: -0.0998417 -0.694591 -0.0334028 0.711659 Time: 0
Position: -188.19 163.983 -473.023 Orientation: -0.556915 -0.438005 -0.523879 0.472808 Time: 0
Position: -212.457 158.633 -492.267 Orientation: -0.102006 -0.994426 0.00696709 0.0257349 Time: 0
Position: -217.37 158.867 -470.11 Orientation: -0.100342 -0.695092 -0.0342362 0.71106 Time: 0
Position: -188.667 163.787 -473.573 Orientation: -0.557749 -0.438672 -0.522613 0.472608 Time: 0
Position: -212.127 158.583 -492.81 Orientation: -0.10214 -0.99446 0.00570034 0.0241681 Time: 0
Position: -217.403 158.993 -469.92 Orientation: -0.10034 -0.694716 -0.0351358 0.711384 Time: 0
Position: -188.587 163.73 -473.397 Orientation: -0.557626 -0.43808 -0.524523 0.471184 Time: 0
Position: -212.673 158.843 -492.793 Orientation: -0.102205 -0.994445 0.00480022 0.0247011 Time: 0
Position: -217.437 158.99 -469.507 Orientation: -0.10001 -0.694303 -0.0343368 0.711872 Time: 0
Position: -188.31 163.57 -473.003 Orientation: -0.55707 -0.439329 -0.523668 0.471631 Time: 0
Position: -213 158.403 -492.27 Orientation: -0.101369 -0.994526 0.00443345 0.024934 Time: 0
Position: -217.627 158.813 -469.61 Orientation: -0.100878 -0.694242 -0.0350038 0.711777 Time: 0
Position: -188.203 163.927 -472.577 Orientation: -0.556355 -0.439444 -0.521085 0.475214 Time: 0
Position: -212.73 158.957 -493.133 Orientation: -0.10174 -0.994499 0.00390026 0.0246016 Time: 0
Position: -217.453 158.743 -469.387 Orientation: -0.100607 -0.694416 -0.0342024 0.711684 Time: 0
Position: -188.203 164.193 -472.933 Orientation: -0.557102 -0.436461 -0.525667 0.47203 Time: 0
Position: -213.053 158.803 -492.64 Orientation: -0.101806 -0.994459 0.00520031 0.0256682 Time: 0
Position: -217.297 159.123 -469.57 Orientation: -0.100442 -0.694492 -0.035703 0.71156 Time: 0
Position: -188.783 163.52 -473.31 Orientation: -0.558923 -0.436977 -0.524486 0.470714 Time: 0
Position: -213.487 158.76 -492.74 Orientation: -0.101806 -0.994457 0.00410023 0.0259682 Time: 0
Position: -217.907 158.883 -469.557 Orientation: -0.100242 -0.693728 -0.033703 0.71243 Time: 0
Position: -188.373 163.96 -473.097 Orientation: -0.557782 -0.436672 -0.525479 0.471241 Time: 0
Position: -211.94 158.343 -492.12 Orientation: -0.102073 -0.994463 0.00740047 0.0238682 Time: 0
Position: -217.42 158.967 -469.4 Orientation: -0.0998073 -0.694117 -0.0335691 0.712119 Time: 0
Position: -188.233 164.093 -473.247 Orientation: -0.555538 -0.440797 -0.521769 0.474166 Time: 0
Position: -212.297 158.44 -492.167 Orientation: -0.101876 -0.994491 0.00376701 0.0243689 Time: 0
Position: -217.527 158.697 -469.743 Orientation: -0.100338 -0.694666 -0.0330349 0.711534 Time: 0
Position: -188.04 164.067 -473.103 Orientation: -0.556223 -0.438478 -0.525053 0.471881 Time: 0
Position: -212.81 158.627 -492.453 Orientation: -0.101676 -0.994493 0.00420039 0.025069 Time: 0
Position: -217.61 159.047 -469.827 Orientation: -0.101205 -0.69427 -0.0356685 0.711671 Time: 0
Position: -188.347 163.997 -472.81 Orientation: -0.557587 -0.436208 -0.52535 0.472045 Time: 0
Position: -213.38 158.84 -492.573 Orientation: -0.101507 -0.994465 0.00583371 0.0265017 Time: 0
Position: -217.493 159.137 -469.27 Orientation: -0.100505 -0.693836 -0.0361019 0.71217 Time: 0
Position: -188.563 163.69 -473.137 Orientation: -0.559067 -0.434719 -0.52703 0.46979 Time: 0
Position: -212.667 158.537 -492.57 Orientation: -0.102071 -0.994443 0.00523356 0.0252344 Time: 0
Position: -217.493 158.95 -469.313 Orientation: -0.101741 -0.69375 -0.0360026 0.712084 Time: 0
Position: -188.957 163.883 -473.077 Orientation: -0.557884 -0.438239 -0.521714 0.473843 Time: 0
Position: -212.74 158.393 -492.563 Orientation: -0.102073 -0.994466 0.00410027 0.024535 Time: 0
Position: -217.483 159.19 -469.347 Orientation: -0.0994422 -0.694095 -0.0348364 0.71213 Time: 0
Position: -189.323 163.903 -472.623 Orientation: -0.557882 -0.438672 -0.519345 0.476041 Time: 0
Position: -212.843 158.897 -492.66 Orientation: -0.101574 -0.9945 0.00550037 0.024935 Time: 0
Position: -217.517 158.71 -469.527 Orientation: -0.101107 -0.694013 -0.0340356 0.712014 Time: 0
Position: -188.873 163.523 -472.827 Orientation: -0.556944 -0.441202 -0.518975 0.475204 Time: 0
Position: -213.047 158.833 -493.25 Orientation: -0.101336 -0.994525 0.00620015 0.0247673 Time: 0
Position: -217.273 158.88 -469.68 Orientation: -0.102607 -0.694313 -0.0365691 0.711381 Time: 0
Position: -189.01 163.857 -473.15 Orientation: -0.557523 -0.439278 -0.520553 0.474581 Time: 0
Position: -212.667 158.42 -492.46 Orientation: -0.101806 -0.994455 0.00793377 0.0251347 Time: 0
Position: -216.977 158.977 -469.513 Orientation: -0.102371 -0.694498 -0.0372683 0.711199 Time: 0
Position: -188.8 163.79 -473.31 Orientation: -0.558145 -0.437235 -0.524209 0.471704 Time: 0
Position: -212.457 157.967 -491.77 Orientation: -0.101038 -0.994545 0.0066003 0.0250678 Time: 0
Position: -216.757 158.793 -469.507 Orientation: -0.101874 -0.69552 -0.0363028 0.710321 Time: 0
Position: -188.403 163.773 -473.217 Orientation: -0.556863 -0.439049 -0.523892 0.471886 Time: 0
Position: -212.793 158.677 -492.75 Orientation: -0.101336 -0.994527 0.0049668 0.024934 Time: 0
Position: -217.147 158.813 -469.77 Orientation: -0.100773 -0.695513 -0.035069 0.710547 Time: 0
Position: -188.647 164.16 -472.903 Orientation: -0.557296 -0.437383 -0.523893 0.47292 Time: 0
Position: -212.46 159.083 -493.05 Orientation: -0.102238 -0.994449 0.00483357 0.0244012 Time: 0
Position: -217.537 158.603 -469.67 Orientation: -0.101408 -0.694819 -0.0340026 0.711187 Time: 0
Position: -188.673 164 -473.183 Orientation: -0.556202 -0.440821 -0.520165 0.475126 Time: 0
Position: -212.687 158.823 -492.283 Orientation: -0.102073 -0.994459 0.00486696 0.0246681 Time: 0
Position: -217.527 158.89 -469.38 Orientation: -0.101542 -0.694191 -0.035803 0.711692 Time: 0
Position: -188.507 164.137 -473.123 Orientation: -0.55643 -0.439183 -0.521493 0.474921 Time: 0
Position: -212.253 158.76 -492.033 Orientation: -0.10244 -0.994401 0.00670045 0.0250684 Time: 0
Position: -217.243 158.913 -469.333 Orientation: -0.100906 -0.694407 -0.0357687 0.711574 Time: 0
Position: -189.043 163.693 -473.037 Orientation: -0.557402 -0.440688 -0.518197 0.475992 Time: 0
Position: -212.487 158.997 -492.353 Orientation: -0.102477 -0.994396 0.00570055 0.0253691 Time: 0
Position: -217.44 158.963 -469.267 Orientation: -0.100843 -0.693564 -0.0352033 0.712433 Time: 0
Position: -188.713 163.823 -472.673 Orientation: -0.558442 -0.437366 -0.522006 0.473669 Time: 0
Position: -211.76 158.693 -492.247 Orientation: -0.102471 -0.994443 0.00466687 0.0236677 Time: 0
Position: -217.1 158.693 -469.41 Orientation: -0.102208 -0.694818 -0.0357693 0.710986 Time: 0
Position: -188.243 164.213 -472.697 Orientation: -0.555659 -0.43958 -0.521255 0.475717 Time: 0
Position: -211.503 158.687 -492.41 Orientation: -0.102805 -0.994413 0.00473356 0.0234678 Time: 0
Position: -217.537 158.767 -469.917 Orientation: -0.10171 -0.69457 -0.0356703 0.711305 Time: 0
Position: -188.86 163.863 -472.837 Orientation: -0.558286 -0.437075 -0.522983 0.473045 Time: 0
Position: -211.797 158.393 -492.083 Orientation: -0.102503 -0.994433 0.00553352 0.0237675 Time: 0
Position: -217.44 158.603 -469.82 Orientation: -0.102108 -0.694622 -0.0351362 0.711224 Time: 0
Position: -188.467 164.053 -473.04 Orientation: -0.556845 -0.437902 -0.524343 0.472472 Time: 0
Position: -211.83 158.253 -492.087 Orientation: -0.101871 -0.994505 0.00570022 0.0234342 Time: 0
Position: -217.64 159.053 -469.763 Orientation: -0.101672 -0.694272 -0.0362354 0.711573 Time: 0
Position: -188.09 164.073 -473.117 Orientation: -0.55628 -0.438736 -0.523644 0.473139 Time: 0
Position: -212.613 158.487 -492.347 Orientation: -0.101438 -0.994517 0.00440022 0.0250346 Time: 0
Position: -217.54 159.213 -469.427 Orientation: -0.100643 -0.69387 -0.0363703 0.712105 Time: 0
Position: -188.28 164.147 -473.21 Orientation: -0.556997 -0.437083 -0.52416 0.473254 Time: 0
Position: -212.303 158.373 -492.31 Orientation: -0.101676 -0.994493 0.00543384 0.0248356 Time: 0
Position: -217.727 158.647 -469.353 Orientation: -0.10084 -0.693814 -0.0340023 0.712248 Time: 0
Position: -188.47 163.957 -472.967 Orientation: -0.557331 -0.437817 -0.52316 0.473288 Time: 0
Position: -213.293 158.887 -492.98 Orientation: -0.101805 -0.994447 0.00550026 0.0261012 Time: 0
Position: -217.397 158.583 -469.63 Orientation: -0.100942 -0.694493 -0.0335029 0.711595 Time: 0
Position: -188.38 164.37 -472.623 Orientation: -0.557578 -0.434768 -0.526109 0.472538 Time: 0
Position: -213.037 158.897 -492.85 Orientation: -0.101372 -0.994516 0.00436688 0.0253679 Time: 0
Position: -217.607 159.07 -469.427 Orientation: -0.100507 -0.694145 -0.0352356 0.711913 Time: 0
Position: -189.217 163.34 -473.09 Orientation: -0.559302 -0.43842 -0.520664 0.473158 Time: 0
Position: -212.98 158.713 -492.41 Orientation: -0.101673 -0.994458 0.00596701 0.0261015 Time: 0
Position: -216.757 159.177 -469.203 Orientation: -0.0995769 -0.695238 -0.0359703 0.710939 Time: 0
Position: -188.083 163.717 -473.21 Orientation: -0.556287 -0.440376 -0.522584 0.472779 Time: 0
Position: -212.45 158.387 -492.287 Orientation: -0.101874 -0.994468 0.00620042 0.024835 Time: 0
Position: -217.56 158.837 -469.373 Orientation: -0.0999418 -0.694026 -0.0341696 0.71216 Time: 0
Position: -188.69 163.567 -473.507 Orientation: -0.557268 -0.440154 -0.521864 0.472625 Time: 0
Position: -212.18 158.67 -491.793 Orientation: -0.102273 -0.994458 0.00323352 0.0241347 Time: 0
Position: -218.087 158.697 -469.74 Orientation: -0.10001 -0.693536 -0.0325366 0.712704 Time: 0
Position: -188.997 163.94 -472.837 Orientation: -0.558261 -0.437481 -0.521423 0.474418 Time: 0
Position: -212.683 158.63 -492.467 Orientation: -0.101875 -0.994478 0.00506707 0.0246686 Time: 0
Position: -217.457 158.893 -469.657 Orientation: -0.10101 -0.694471 -0.0349036 0.71154 Time: 0
Position: -188.2 163.56 -473.273 Orientation: -0.558554 -0.436542 -0.526284 0.469545 Time: 0
Position: -213.19 158.82 -492.84 Orientation: -0.101672 -0.994454 0.00600032 0.0262348 Time: 0
Position: -217.623 159.08 -469.537 Orientation: -0.100342 -0.693963 -0.0348698 0.712131 Time: 0
Position: -188.253 164.347 -472.567 Orientation: -0.557852 -0.434307 -0.526015 0.472744 Time: 0
Position: -212.153 158.883 -492.85 Orientation: -0.102172 -0.994452 0.00573363 0.0243679 Time: 0
Position: -217.373 158.63 -469.31 Orientation: -0.101643 -0.693832 -0.0343366 0.7121 Time: 0
Position: -189.077 163.72 -472.93 Orientation: -0.558235 -0.438453 -0.520263 0.474825 Time: 0
Position: -212.587 158.807 -492.26 Orientation: -0.101637 -0.994506 0.00316679 0.0248676 Time: 0
Position: -217.05 158.643 -469.453 Orientation: -0.10264 -0.694378 -0.0352689 0.711379 Time: 0
Position: -188.86 163.703 -473.34 Orientation: -0.557921 -0.438576 -0.522084 0.473079 Time: 0
Position: -211.777 158.607 -491.723 Orientation: -0.10174 -0.994502 0.00640044 0.023935 Time: 0
Position: -217.51 158.723 -469.423 Orientation: -0.10271 -0.693601 -0.0357368 0.712103 Time: 0
Position: -187.703 163.747 -473.113 Orientation: -0.556075 -0.439833 -0.524206 0.471736 Time: 0
Position: -211.923 158.567 -492.063 Orientation: -0.102072 -0.994449 0.00663366 0.0246679 Time: 0
Position: -217.703 158.723 -469.707 Orientation: -0.101943 -0.6941 -0.0355701 0.711735 Time: 0
Position: -188.417 163.68 -472.83 Orientation: -0.55702 -0.439575 -0.522417 0.472845 Time: 0
Position: -212.223 158.867 -492.42 Orientation: -0.102272 -0.994418 0.00673368 0.025068 Time: 0
Position: -217.203 158.963 -469.51 Orientation: -0.10181 -0.694667 -0.0362368 0.711168 Time: 0
Position: -188.637 163.57 -473.257 Orientation: -0.557536 -0.438854 -0.523665 0.471525 Time: 0
Position: -212.6 159.067 -492.423 Orientation: -0.102505 -0.994377 0.00583359 0.0259345 Time: 0
Position: -217.797 158.98 -469.563 Orientation: -0.0993417 -0.694192 -0.0332361 0.712127 Time: 0
Position: -188.37 163.917 -473.203 Orientation: -0.557967 -0.436586 -0.52543 0.471157 Time: 0
Position: -212.173 159 -492.94 Orientation: -0.101972 -0.99449 0.00353353 0.024068 Time: 0
Position: -217.193 158.867 -469.64 Orientation: -0.101275 -0.694891 -0.0349029 0.711092 Time: 0
Position: -188.723 163.64 -473.097 Orientation: -0.557219 -0.439841 -0.520982 0.473945 Time: 0
Position: -212.19 158.4 -491.933 Orientation: -0.101906 -0.994495 0.00373356 0.0241015 Time: 0
Position: -216.967 159.05 -469.383 Orientation: -0.0995088 -0.695162 -0.0345031 0.711096 Time: 0
Position: -188.97 163.74 -473.12 Orientation: -0.558474 -0.437332 -0.522638 0.472967 Time: 0
Position: -213.21 158.863 -492.45 Orientation: -0.101671 -0.994441 0.00723363 0.0264344 Time: 0
Position: -217.19 158.9 -469.463 Orientation: -0.100637 -0.695161 -0.0353681 0.710895 Time: 0
Position: -188.26 164.047 -473.19 Orientation: -0.557108 -0.437359 -0.524704 0.472264 Time: 0
Position: -213.033 158.51 -492.27 Orientation: -0.101542 -0.994486 0.00476708 0.0257689 Time: 0
Position: -217.747 159.147 -469.88 Orientation: -0.099875 -0.694091 -0.0344362 0.712093 Time: 0
Position: -188.393 163.73 -473.14 Orientation: -0.556934 -0.43942 -0.52323 0.472191 Time: 0
Position: -212.643 158.25 -492.153 Orientation: -0.101173 -0.994567 0.00323355 0.0243016 Time: 0
Position: -217.937 159.087 -469.393 Orientation: -0.0993425 -0.69363 -0.0334031 0.712666 Time: 0
Position: -188.193 163.69 -473.28 Orientation: -0.555192 -0.443147 -0.519855 0.474483 Time: 0
Position: -212.277 158.633 -492.523 Orientation: -0.10194 -0.994469 0.00620043 0.0245017 Time: 0
Position: -217.42 158.967 -469.493 Orientation: -0.101578 -0.694547 -0.0356041 0.711349 Time: 0
Position: -188.44 163.84 -472.917 Orientation: -0.556884 -0.438774 -0.522815 0.47331 Time: 0
Position: -212.217 158.073 -492.57 Orientation: -0.100975 -0.994582 0.00650054 0.0238353 Time: 0
Position: -216.903 159.037 -469.397 Orientation: -0.101042 -0.694925 -0.0355696 0.711059 Time: 0
Position: -188.64 163.767 -473.123 Orientation: -0.55746 -0.438347 -0.522823 0.473018 Time: 0
Position: -212.903 158.597 -492.51 Orientation: -0.101338 -0.994516 0.00633365 0.0250679 Time: 0
Position: -217.4 158.653 -470.14 Orientation: -0.101041 -0.695521 -0.033936 0.710556 Time: 0
Position: -188.557 163.877 -472.49 Orientation: -0.557755 -0.437543 -0.522552 0.473714 Time: 0
Position: -212.4 158.463 -492.287 Orientation: -0.101438 -0.994543 0.00430019 0.024001 Time: 0
Position: -216.97 158.787 -469.697 Orientation: -0.101773 -0.695378 -0.0355356 0.710513 Time: 0
Position: -188.077 163.833 -473.1 Orientation: -0.555495 -0.441516 -0.521491 0.473853 Time: 0
Position: -212.66 158.733 -492.533 Orientation: -0.101937 -0.994431 0.00810025 0.0255008 Time: 0
Position: -217.34 158.947 -469.523 Orientation: -0.100776 -0.694498 -0.03517 0.711533 Time: 0
Position: -188.723 164.007 -473.07 Orientation: -0.558519 -0.435207 -0.525849 0.471311 Time: 0
Position: -212.813 158.523 -492.143 Orientation: -0.101576 -0.994492 0.00313362 0.0256357 Time: 0
Position: -217.25 158.747 -469.013 Orientation: -0.100373 -0.694143 -0.0343355 0.711977 Time: 0
Position: -188.537 163.62 -473.453 Orientation: -0.557697 -0.439017 -0.52366 0.471187 Time: 0
Position: -212.567 158.637 -492.533 Orientation: -0.101707 -0.994503 0.00526703 0.024335 Time: 0
Position: -217.217 158.753 -468.86 Orientation: -0.0998729 -0.693777 -0.0335021 0.712444 Time: 0
Position: -187.877 164.077 -473.327 Orientation: -0.555468 -0.439187 -0.524831 0.472358 Time: 0
Position: -212.607 159.003 -492.89 Orientation: -0.101638 -0.994515 0.00430021 0.0243012 Time: 0
Position: -217.16 158.817 -469.47 Orientation: -0.100641 -0.694722 -0.0340027 0.71139 Time: 0
Position: -188.66 163.33 -473.017 Orientation: -0.557308 -0.440459 -0.521136 0.473097 Time: 0
Position: -212.237 158.477 -492.433 Orientation: -0.101671 -0.994512 0.00526691 0.0241011 Time: 0
Position: -217.4 159 -469.577 Orientation: -0.0998768 -0.694037 -0.0338701 0.712173 Time: 0
Position: -188.827 163.757 -472.913 Orientation: -0.558453 -0.437508 -0.522382 0.473111 Time: 0
Position: -212.867 158.563 -492.4 Orientation: -0.101739 -0.994452 0.00670035 0.025868 Time: 0
Position: -217.133 158.953 -469.503 Orientation: -0.101242 -0.694461 -0.0353364 0.711495 Time: 0
Position: -188.073 163.88 -473.087 Orientation: -0.555906 -0.439497 -0.52407 0.4724 Time: 0
Position: -212.137 158.497 -491.78 Orientation: -0.102104 -0.994435 0.00736692 0.0249009 Time: 0
Position: -217.263 158.757 -469.483 Orientation: -0.101107 -0.694483 -0.0341358 0.711551 Time: 0
Position: -188.387 163.55 -473.123 Orientation: -0.556745 -0.440769 -0.522042 0.472472 Time: 0
Position: -212.67 158.617 -492.613 Orientation: -0.101938 -0.994444 0.0068003 0.0253678 Time: 0
Position: -217.71 158.45 -469.787 Orientation: -0.0994726 -0.694474 -0.0308018 0.711942 Time: 0
Position: -188.987 163.837 -472.743 Orientation: -0.557234 -0.440253 -0.518596 0.476157 Time: 0
Position: -212.423 158.573 -491.86 Orientation: -0.102006 -0.994457 0.00500029 0.0250014 Time: 0
Position: -217.453 158.817 -469.577 Orientation: -0.0995397 -0.694678 -0.0328021 0.711645 Time: 0
