Position: 10.2567 311.963 -463.89 Orientation: -0.354399 -0.624524 -0.285026 0.634925 Time: 0
Position: 73.6267 259.08 -466.27 Orientation: -0.564686 -0.449643 -0.49711 0.481489 Time: 0
Position: 172.417 196.717 -492.327 Orientation: -0.755258 -0.655317 -0.0114009 0.00396697 Time: 0
Position: 158.827 202.263 -459.017 Orientation: -0.539385 -0.445076 -0.494114 0.516549 Time: 0
Position: 163.36 177.37 -465.857 Orientation: 0.72511 -0.0717042 0.684874 0.00473361 Time: 0
Position: 172.063 196.623 -491.653 Orientation: -0.754746 -0.655902 -0.0115345 0.00413377 Time: 0
Position: 158.65 202.07 -458.653 Orientation: -0.539899 -0.444554 -0.494494 0.516097 Time: 0
Position: 163.763 177.42 -466.747 Orientation: 0.724781 -0.0711046 0.685278 0.00556703 Time: 0
Position: 172.43 196.963 -492.03 Orientation: -0.754725 -0.655917 -0.0120676 0.00410032 Time: 0
Position: 159.01 202.397 -458.937 Orientation: -0.537889 -0.446179 -0.493384 0.517853 Time: 0
Position: 163.743 177.52 -466.947 Orientation: 0.724235 -0.0718735 0.685765 0.00663396 Time: 0
Position: 171.583 196.253 -491.857 Orientation: -0.754631 -0.656061 -0.00996708 0.00406684 Time: 0
Position: 159.31 202.46 -459.503 Orientation: -0.539457 -0.44608 -0.493785 0.515921 Time: 0
Position: 163.803 177.57 -466.727 Orientation: 0.724451 -0.0724051 0.685481 0.00660046 Time: 0
Position: 171.367 196.35 -491.69 Orientation: -0.754457 -0.656249 -0.0105008 0.00460035 Time: 0
Position: 158.807 202 -459.367 Orientation: -0.540624 -0.445014 -0.493019 0.516354 Time: 0
Position: 163.89 177.697 -466.81 Orientation: 0.725047 -0.0713046 0.684978 0.00523367 Time: 0
Position: 172.023 196.487 -492.027 Orientation: -0.75483 -0.655821 -0.0104342 0.00463372 Time: 0
Position: 158.867 202.37 -459.473 Orientation: -0.540017 -0.444208 -0.494379 0.516381 Time: 0
Position: 163.78 177.35 -466.45 Orientation: 0.724373 -0.0716706 0.685637 0.00700038 Time: 0
Position: 171.093 196.017 -491.183 Orientation: -0.754224 -0.65655 -0.00770058 0.00543375 Time: 0
Position: 158.737 202.88 -458.98 Orientation: -0.53795 -0.444608 -0.494146 0.518415 Time: 0
Position: 164.06 177.647 -466.673 Orientation: 0.72384 -0.0743041 0.685905 0.00830046 Time: 0
Position: 172.183 196.897 -492.137 Orientation: -0.754792 -0.655855 -0.0106004 0.00550019 Time: 0
Position: 158.877 202.597 -459.3 Orientation: -0.538964 -0.444853 -0.493925 0.517361 Time: 0
Position: 163.727 177.483 -466.58 Orientation: 0.724262 -0.0728729 0.685626 0.00713395 Time: 0
Position: 171.32 196.15 -491.587 Orientation: -0.754686 -0.656013 -0.00790055 0.00583374 Time: 0
Position: 159.19 202.683 -459.127 Orientation: -0.53901 -0.444936 -0.49504 0.516175 Time: 0
Position: 163.803 177.693 -466.873 Orientation: 0.724664 -0.0724397 0.68526 0.00580051 Time: 0
Position: 171.987 196.647 -491.8 Orientation: -0.754727 -0.655953 -0.0091674 0.00533376 Time: 0
Position: 159.243 202.363 -459.12 Orientation: -0.539392 -0.445215 -0.495087 0.515489 Time: 0
Position: 163.843 177.943 -466.58 Orientation: 0.724493 -0.072706 0.685423 0.00430036 Time: 0
Position: 171.93 196.987 -491.903 Orientation: -0.754511 -0.656172 -0.011034 0.00536698 Time: 0
Position: 159.183 202.533 -458.823 Orientation: -0.538363 -0.445819 -0.494825 0.516294 Time: 0
Position: 164.057 177.967 -467.11 Orientation: 0.724709 -0.0707041 0.685406 0.00403357 Time: 0
Position: 172.11 197.11 -492.573 Orientation: -0.754386 -0.656313 -0.0116008 0.00456699 Time: 0
Position: 158.883 202.337 -458.937 Orientation: -0.539311 -0.44567 -0.493874 0.516343 Time: 0
Position: 163.92 177.57 -466.637 Orientation: 0.7244 -0.0703732 0.685763 0.00453375 Time: 0
Position: 172.377 197.14 -492.807 Orientation: -0.754572 -0.656063 -0.013868 0.00326698 Time: 0
Position: 159.18 202.523 -459.27 Orientation: -0.538521 -0.445745 -0.49445 0.516552 Time: 0
Position: 163.673 177.183 -466.897 Orientation: 0.725494 -0.0688724 0.684757 0.0048004 Time: 0
Position: 171.8 196.137 -491.68 Orientation: -0.754771 -0.655899 -0.0100672 0.00396686 Time: 0
Position: 159.323 202.943 -459.403 Orientation: -0.537323 -0.445847 -0.494019 0.518121 Time: 0
Position: 163.587 177.573 -466.543 Orientation: 0.724512 -0.0713378 0.685543 0.00496698 Time: 0
Position: 172.21 196.87 -492.233 Orientation: -0.754696 -0.655959 -0.0116005 0.00403349 Time: 0
Position: 159.06 202.577 -458.55 Orientation: -0.537552 -0.446143 -0.494415 0.51725 Time: 0
Position: 163.89 177.157 -466.453 Orientation: 0.723433 -0.0725033 0.686531 0.00796703 Time: 0
Position: 172.17 196.823 -492.383 Orientation: -0.754593 -0.656052 -0.013201 0.00330026 Time: 0
Position: 158.723 202.45 -458.873 Orientation: -0.538162 -0.445685 -0.493457 0.517926 Time: 0
Position: 163.957 177.51 -466.46 Orientation: 0.724156 -0.0731057 0.68572 0.0064005 Time: 0
Position: 172.57 196.58 -492.033 Orientation: -0.755487 -0.655046 -0.0117342 0.00406695 Time: 0
Position: 158.463 202.443 -458.703 Orientation: -0.538138 -0.445132 -0.493235 0.518637 Time: 0
Position: 163.78 177.797 -466.6 Orientation: 0.725239 -0.0713705 0.684771 0.0048336 Time: 0
Position: 172.507 196.26 -491.913 Orientation: -0.755213 -0.655373 -0.0110673 0.00420025 Time: 0
Position: 158.673 202.187 -458.147 Orientation: -0.538516 -0.445408 -0.493612 0.517648 Time: 0
Position: 163.82 177.753 -466.277 Orientation: 0.724021 -0.0736055 0.685818 0.00546708 Time: 0
Position: 172.247 196.42 -492.087 Orientation: -0.755324 -0.65525 -0.0105008 0.00473369 Time: 0
Position: 159.27 202.487 -459.197 Orientation: -0.539688 -0.444979 -0.495084 0.515386 Time: 0
Position: 163.82 177.777 -466.773 Orientation: 0.724102 -0.0729402 0.685798 0.00606724 Time: 0
Position: 172.42 196.54 -492.083 Orientation: -0.755414 -0.655141 -0.0107673 0.0048003 Time: 0
Position: 159.153 202.407 -458.713 Orientation: -0.539248 -0.44484 -0.495278 0.51578 Time: 0
Position: 163.403 177.597 -466.867 Orientation: 0.725511 -0.070171 0.684609 0.00456695 Time: 0
Position: 171.943 196.123 -491.9 Orientation: -0.755018 -0.655616 -0.0096669 0.00466678 Time: 0
Position: 159.207 202.473 -458.867 Orientation: -0.538349 -0.44574 -0.494612 0.51658 Time: 0
Position: 163.573 177.41 -465.92 Orientation: 0.724188 -0.0726054 0.685751 0.00506705 Time: 0
Position: 171.603 196.627 -492.33 Orientation: -0.754458 -0.65625 -0.0100674 0.00526707 Time: 0
Position: 158.903 202.853 -459.13 Orientation: -0.53746 -0.445149 -0.494322 0.518291 Time: 0
Position: 163.45 177.72 -465.927 Orientation: 0.724583 -0.072505 0.685347 0.00460032 Time: 0
Position: 171.68 196.433 -491.907 Orientation: -0.754592 -0.656089 -0.010867 0.00443348 Time: 0
Position: 159.07 202.337 -459.063 Orientation: -0.539379 -0.445237 -0.494608 0.515943 Time: 0
Position: 163.877 177.83 -466.657 Orientation: 0.724573 -0.0708372 0.685538 0.00363353 Time: 0
Position: 172.37 196.29 -491.723 Orientation: -0.75524 -0.655334 -0.0116339 0.0038002 Time: 0
Position: 158.933 202.373 -458.563 Orientation: -0.537956 -0.445846 -0.494518 0.516987 Time: 0
Position: 163.52 177.663 -466.987 Orientation: 0.725102 -0.0709067 0.684965 0.00473378 Time: 0
Position: 172.07 196.667 -491.75 Orientation: -0.754486 -0.656179 -0.0130342 0.00323356 Time: 0
Position: 159.12 202.72 -459.233 Orientation: -0.538613 -0.444738 -0.494776 0.517011 Time: 0
Position: 163.45 177.4 -466.36 Orientation: 0.724889 -0.0697054 0.68532 0.00370029 Time: 0
Position: 172.27 196.73 -491.95 Orientation: -0.754501 -0.656163 -0.0130339 0.00276679 Time: 0
Position: 158.78 202.613 -459.343 Orientation: -0.538885 -0.444743 -0.493947 0.517516 Time: 0
Position: 163.453 177.513 -466.503 Orientation: 0.72522 -0.0711385 0.684817 0.00466701 Time: 0
Position: 171.557 196.21 -491.64 Orientation: -0.754441 -0.656298 -0.00816747 0.00493382 Time: 0
Position: 159.15 202.493 -459.09 Orientation: -0.537586 -0.44651 -0.493348 0.517917 Time: 0
Position: 163.737 177.617 -466.45 Orientation: 0.724268 -0.0726068 0.685664 0.00540051 Time: 0
Position: 172.063 196.683 -492.127 Orientation: -0.754669 -0.655998 -0.0110672 0.00443354 Time: 0
Position: 159.3 202.36 -458.73 Orientation: -0.538337 -0.445725 -0.494931 0.516301 Time: 0
Position: 163.81 177.737 -466.733 Orientation: 0.725258 -0.0707723 0.684822 0.00336694 Time: 0
Position: 171.797 196.37 -491.693 Orientation: -0.754782 -0.655876 -0.010634 0.00423361 Time: 0
Position: 158.687 202.337 -458.483 Orientation: -0.538399 -0.445621 -0.493427 0.517763 Time: 0
Position: 163.263 177.327 -466.45 Orientation: 0.72528 -0.0714713 0.684711 0.00553369 Time: 0
Position: 171.78 195.923 -491.56 Orientation: -0.755182 -0.655442 -0.00866722 0.00460029 Time: 0
Position: 158.623 202.63 -459.237 Orientation: -0.53895 -0.444641 -0.493479 0.517982 Time: 0
Position: 163.647 177.283 -466.583 Orientation: 0.724337 -0.0726404 0.685567 0.00760074 Time: 0
Position: 171.2 196.087 -491.353 Orientation: -0.754609 -0.656103 -0.00840047 0.00480027 Time: 0
Position: 158.807 202.34 -458.827 Orientation: -0.540082 -0.443873 -0.494611 0.51638 Time: 0
Position: 163.603 177.577 -467.25 Orientation: 0.725877 -0.0699709 0.684241 0.00456694 Time: 0
Position: 171.957 196.163 -492.113 Orientation: -0.755126 -0.655485 -0.0104675 0.00383363 Time: 0
Position: 158.85 202.677 -458.74 Orientation: -0.538727 -0.444283 -0.495256 0.516825 Time: 0
Position: 163.61 177.643 -466.797 Orientation: 0.725867 -0.0680063 0.684463 0.00163348 Time: 0
Position: 171.697 196.12 -491.53 Orientation: -0.754751 -0.655911 -0.0110341 0.00320022 Time: 0
Position: 158.737 202.52 -458.723 Orientation: -0.538801 -0.444589 -0.494162 0.517531 Time: 0
Position: 163.623 177.647 -466.553 Orientation: 0.724815 -0.0708381 0.685279 0.00410028 Time: 0
Position: 172.007 196.407 -492.377 Orientation: -0.754923 -0.655716 -0.0106008 0.00393363 Time: 0
Position: 158.897 202.33 -459.213 Orientation: -0.540497 -0.444225 -0.494694 0.515562 Time: 0
Position: 163.727 177.873 -466.327 Orientation: 0.724547 -0.0734715 0.685278 0.00520034 Time: 0
Position: 172.43 196.173 -492.403 Orientation: -0.755391 -0.655183 -0.0103008 0.00366695 Time: 0
Position: 158.923 202.337 -458.28 Orientation: -0.537301 -0.446257 -0.493696 0.518099 Time: 0
Position: 163.767 177.443 -466.147 Orientation: 0.724461 -0.071706 0.685558 0.00506709 Time: 0
Position: 172.68 196.567 -492.263 Orientation: -0.755355 -0.65521 -0.0110346 0.00406714 Time: 0
Position: 158.487 202.143 -457.793 Orientation: -0.536854 -0.446278 -0.493617 0.518619 Time: 0
Position: 163.513 177.443 -465.56 Orientation: 0.724144 -0.0722377 0.685842 0.00420026 Time: 0
Position: 172.533 197.04 -492.763 Orientation: -0.754647 -0.655974 -0.0140009 0.00326687 Time: 0
Position: 159.107 202.56 -458.893 Orientation: -0.537814 -0.445606 -0.494444 0.517413 Time: 0
Position: 163.543 177.637 -466.28 Orientation: 0.724237 -0.071707 0.6858 0.0041004 Time: 0
Position: 171.08 195.887 -491.363 Orientation: -0.754479 -0.656244 -0.00956682 0.00386673 Time: 0
Position: 158.907 202.453 -458.92 Orientation: -0.538008 -0.445534 -0.494271 0.517439 Time: 0
Position: 163.943 177.56 -466.673 Orientation: 0.723989 -0.0716355 0.686054 0.00620019 Time: 0
Position: 171.377 196.137 -491.537 Orientation: -0.754352 -0.656378 -0.0102007 0.00413362 Time: 0
Position: 158.987 202.963 -459.72 Orientation: -0.537442 -0.445729 -0.493136 0.51894 Time: 0
Position: 163.953 177.737 -466.473 Orientation: 0.723857 -0.0723724 0.686121 0.00563378 Time: 0
Position: 171.303 196.093 -491.603 Orientation: -0.754697 -0.655989 -0.00963414 0.0043337 Time: 0
Position: 158.913 202.807 -459.087 Orientation: -0.537419 -0.445777 -0.493248 0.518817 Time: 0
Position: 163.517 177.867 -465.783 Orientation: 0.724602 -0.0734736 0.685231 0.00353367 Time: 0
Position: 171.477 195.763 -491.413 Orientation: -0.754993 -0.655652 -0.0093674 0.00440035 Time: 0
Position: 158.793 202.237 -458.443 Orientation: -0.537831 -0.445926 -0.493595 0.51793 Time: 0
Position: 163.937 177.803 -466.107 Orientation: 0.723674 -0.0743409 0.686104 0.00556724 Time: 0
Position: 172.287 196.68 -492.11 Orientation: -0.754894 -0.655753 -0.00986746 0.00513375 Time: 0
Position: 159.043 202.223 -458.763 Orientation: -0.538799 -0.445788 -0.494027 0.51663 Time: 0
Position: 163.61 177.417 -465.91 Orientation: 0.724379 -0.0711378 0.68571 0.00413359 Time: 0
Position: 172.09 196.493 -492.273 Orientation: -0.754859 -0.655789 -0.0105337 0.00420014 Time: 0
Position: 159 202.33 -458.76 Orientation: -0.539217 -0.445375 -0.49448 0.516115 Time: 0
Position: 163.757 177.53 -465.967 Orientation: 0.724064 -0.0712397 0.686028 0.00463375 Time: 0
Position: 171.957 196.46 -491.897 Orientation: -0.754806 -0.655863 -0.00913422 0.0052005 Time: 0
Position: 159.057 202.127 -458.667 Orientation: -0.538925 -0.445548 -0.494287 0.516456 Time: 0
Position: 164.19 177.413 -466.453 Orientation: 0.723608 -0.0712041 0.686506 0.00546698 Time: 0
Position: 171.853 196.127 -491.597 Orientation: -0.755043 -0.655571 -0.011034 0.00380022 Time: 0
Position: 159.32 202.587 -459.277 Orientation: -0.539017 -0.445042 -0.494546 0.516548 Time: 0
Position: 163.533 177.457 -465.853 Orientation: 0.72423 -0.072973 0.68566 0.00603386 Time: 0
Position: 172.357 196.24 -491.683 Orientation: -0.755016 -0.655576 -0.0127675 0.00273351 Time: 0
Position: 158.96 202.527 -458.777 Orientation: -0.537811 -0.44547 -0.494608 0.517376 Time: 0
Position: 163.37 177.44 -466.133 Orientation: 0.724877 -0.0715043 0.685142 0.00456694 Time: 0
Position: 172.47 196.79 -492.143 Orientation: -0.755107 -0.655464 -0.0127679 0.00403373 Time: 0
Position: 158.843 202.193 -458.273 Orientation: -0.538295 -0.445684 -0.494256 0.517026 Time: 0
Position: 163.883 177.55 -466.243 Orientation: 0.724319 -0.0731053 0.685549 0.00630045 Time: 0
Position: 171.68 196.573 -491.57 Orientation: -0.754272 -0.656463 -0.0102676 0.00496714 Time: 0
Position: 159.02 202.187 -458.523 Orientation: -0.538349 -0.445807 -0.493679 0.517414 Time: 0
Position: 163.83 178.093 -466.533 Orientation: 0.725014 -0.0726747 0.684876 0.00426714 Time: 0
Position: 171.58 196.213 -491.457 Orientation: -0.754569 -0.656127 -0.0101676 0.00450041 Time: 0
Position: 158.767 202.367 -458.83 Orientation: -0.537777 -0.445903 -0.493207 0.518376 Time: 0
Position: 163.527 177.89 -466.96 Orientation: 0.72586 -0.0710059 0.684157 0.00376698 Time: 0
Position: 171.353 196.263 -491.217 Orientation: -0.754687 -0.65598 -0.0108674 0.00450032 Time: 0
Position: 158.67 202.233 -459.253 Orientation: -0.539321 -0.445012 -0.49375 0.517019 Time: 0
Position: 163.303 177.447 -465.713 Orientation: 0.724829 -0.0724728 0.685092 0.00453372 Time: 0
Position: 171.677 196.677 -491.8 Orientation: -0.754201 -0.656526 -0.0118344 0.00380034 Time: 0
Position: 158.523 202.367 -459.127 Orientation: -0.539244 -0.44457 -0.493474 0.517742 Time: 0
Position: 163.47 177.417 -466.1 Orientation: 0.724963 -0.0705062 0.68516 0.00363365 Time: 0
Position: 171.613 196.633 -491.953 Orientation: -0.754347 -0.656374 -0.0107673 0.00413359 Time: 0
Position: 158.73 202.673 -459.4 Orientation: -0.539673 -0.443799 -0.494436 0.517038 Time: 0
Position: 163.617 177.827 -466.82 Orientation: 0.724583 -0.0718716 0.685414 0.00470032 Time: 0
Position: 172.017 196.647 -492.137 Orientation: -0.754466 -0.656224 -0.0117344 0.00373366 Time: 0
Position: 158.867 202.68 -459.127 Orientation: -0.539092 -0.444248 -0.494787 0.516923 Time: 0
Position: 163.757 177.417 -466.287 Orientation: 0.724054 -0.0725721 0.685884 0.00646715 Time: 0
Position: 172.633 196.933 -492.223 Orientation: -0.754941 -0.655669 -0.0120007 0.0042669 Time: 0
Position: 158.533 202.213 -458.587 Orientation: -0.538988 -0.444679 -0.493784 0.51762 Time: 0
Position: 164.107 177.67 -466.197 Orientation: 0.723603 -0.072007 0.686433 0.00480046 Time: 0
Position: 171.86 195.98 -491.947 Orientation: -0.755146 -0.655473 -0.00960058 0.00423359 Time: 0
Position: 159.15 202.22 -458.713 Orientation: -0.538537 -0.446092 -0.493998 0.516668 Time: 0
Position: 164.01 177.323 -466.003 Orientation: 0.723865 -0.0719397 0.686161 0.00526714 Time: 0
Position: 172.197 196.067 -492.347 Orientation: -0.755448 -0.655108 -0.0109007 0.00373357 Time: 0
Position: 159.157 202.457 -459.233 Orientation: -0.539608 -0.444867 -0.494904 0.515739 Time: 0
Position: 163.49 177.427 -466.003 Orientation: 0.724333 -0.07347 0.685498 0.00603361 Time: 0
Position: 172.377 196.733 -492.52 Orientation: -0.755011 -0.655605 -0.0110673 0.00410024 Time: 0
Position: 159.763 202.513 -459.383 Orientation: -0.538231 -0.446287 -0.494893 0.515962 Time: 0
Position: 163.697 177.667 -466.37 Orientation: 0.723996 -0.0728363 0.685928 0.00526688 Time: 0
Position: 172.783 196.947 -492.443 Orientation: -0.755032 -0.655556 -0.0124011 0.00436704 Time: 0
Position: 159.51 202.643 -459.48 Orientation: -0.538976 -0.444969 -0.494873 0.516341 Time: 0
Position: 163.897 177.647 -466.643 Orientation: 0.723788 -0.0733056 0.686085 0.00663384 Time: 0
Position: 172.7 196.63 -492.153 Orientation: -0.75534 -0.655234 -0.0102005 0.00510027 Time: 0
Position: 159.087 202.48 -458.843 Orientation: -0.538916 -0.445007 -0.494411 0.516813 Time: 0
Position: 163.857 177.543 -466.537 Orientation: 0.724245 -0.0718045 0.685776 0.00490031 Time: 0
Position: 172.57 197.3 -492.643 Orientation: -0.75489 -0.655716 -0.0122343 0.00523373 Time: 0
Position: 159.203 202.457 -458.83 Orientation: -0.538387 -0.445411 -0.494583 0.516852 Time: 0
Position: 163.897 177.92 -466.997 Orientation: 0.724898 -0.0714398 0.685128 0.00423371 Time: 0
Position: 172.143 196.657 -492 Orientation: -0.754705 -0.655929 -0.0129012 0.00343366 Time: 0
Position: 159.397 202.547 -459.15 Orientation: -0.538784 -0.445242 -0.49528 0.515915 Time: 0
Position: 163.773 177.853 -466.793 Orientation: 0.725 -0.0704366 0.685131 0.00300014 Time: 0
Position: 172.07 196.55 -491.763 Orientation: -0.754724 -0.65595 -0.00960073 0.00543375 Time: 0
Position: 159.183 202.58 -459.173 Orientation: -0.538033 -0.445622 -0.493928 0.517664 Time: 0
Position: 164.107 177.43 -466.523 Orientation: 0.723791 -0.071739 0.686255 0.00590047 Time: 0
Position: 172.283 196.55 -492.007 Orientation: -0.75469 -0.655983 -0.0103674 0.00473369 Time: 0
Position: 158.747 202.463 -458.957 Orientation: -0.538591 -0.444914 -0.494353 0.517288 Time: 0
Position: 163.343 177.603 -466.177 Orientation: 0.724924 -0.0718724 0.685055 0.00440035 Time: 0
Position: 171.933 196.61 -491.733 Orientation: -0.754558 -0.656117 -0.0116342 0.00426699 Time: 0
Position: 158.88 202.27 -458.853 Orientation: -0.538672 -0.445232 -0.494102 0.51717 Time: 0
Position: 164.067 177.55 -466.77 Orientation: 0.723886 -0.0715052 0.686184 0.00526705 Time: 0
Position: 171.547 195.667 -491.66 Orientation: -0.754998 -0.655657 -0.00866741 0.00410035 Time: 0
Position: 158.913 202.47 -458.957 Orientation: -0.538624 -0.445014 -0.494086 0.517422 Time: 0
Position: 163.917 177.687 -466.653 Orientation: 0.724268 -0.0726402 0.685664 0.00486712 Time: 0
Position: 171.977 196.077 -491.79 Orientation: -0.754757 -0.655916 -0.00993408 0.00416698 Time: 0
Position: 158.863 202.47 -459.433 Orientation: -0.539624 -0.445014 -0.493553 0.516889 Time: 0
Position: 163.81 177.363 -466.76 Orientation: 0.724403 -0.0717702 0.685601 0.00643365 Time: 0
Position: 171.91 196.51 -492.073 Orientation: -0.754677 -0.656005 -0.00980057 0.00483362 Time: 0
Position: 159.3 202.587 -458.993 Orientation: -0.53889 -0.444947 -0.495252 0.516087 Time: 0
Position: 163.727 177.137 -466.56 Orientation: 0.72418 -0.0715713 0.685844 0.00763383 Time: 0
Position: 171.283 196.193 -491.377 Orientation: -0.754576 -0.656137 -0.00843381 0.0054003 Time: 0
Position: 158.987 202.443 -458.78 Orientation: -0.539196 -0.444952 -0.494491 0.516493 Time: 0
Position: 163.643 177.627 -466.13 Orientation: 0.724521 -0.0724388 0.685418 0.00486703 Time: 0
Position: 172.377 196.47 -492.527 Orientation: -0.755368 -0.655197 -0.0109338 0.00406685 Time: 0
Position: 158.997 202.423 -459.47 Orientation: -0.539886 -0.44511 -0.493848 0.51625 Time: 0
Position: 163.603 177.527 -465.907 Orientation: 0.72427 -0.072837 0.685635 0.00566696 Time: 0
Position: 172.463 196.09 -491.987 Orientation: -0.755183 -0.655409 -0.0112341 0.00340022 Time: 0
Position: 158.977 202.313 -459.073 Orientation: -0.539559 -0.445282 -0.494254 0.516056 Time: 0
Position: 163.277 177.673 -466.87 Orientation: 0.726134 -0.0684397 0.684131 0.0032003 Time: 0
Position: 172.203 196.43 -492.037 Orientation: -0.754923 -0.655682 -0.0125676 0.00366694 Time: 0
Position: 158.97 202.24 -459.387 Orientation: -0.539248 -0.445706 -0.493244 0.516979 Time: 0
Position: 163.917 177.697 -466.967 Orientation: 0.725056 -0.0683053 0.685286 0.00340026 Time: 0
Position: 172.27 196.607 -491.86 Orientation: -0.754811 -0.655805 -0.0126341 0.00440026 Time: 0
Position: 158.913 202.563 -459.487 Orientation: -0.538703 -0.444691 -0.493964 0.517734 Time: 0
Position: 164.06 177.667 -466.34 Orientation: 0.723825 -0.0729725 0.686088 0.00593381 Time: 0
Position: 172.31 196.757 -492.083 Orientation: -0.754921 -0.65568 -0.0128343 0.00370026 Time: 0
Position: 158.51 202.073 -458.54 Orientation: -0.538788 -0.445412 -0.493517 0.517452 Time: 0
Position: 163.763 177.7 -466.697 Orientation: 0.724842 -0.0721708 0.685106 0.00510029 Time: 0
Position: 171.673 196.183 -491.573 Orientation: -0.7548 -0.655862 -0.0100338 0.00453353 Time: 0
Position: 158.48 202.373 -459 Orientation: -0.540073 -0.443927 -0.494234 0.516704 Time: 0
Position: 163.667 177.467 -466.34 Orientation: 0.724426 -0.0714392 0.685623 0.00496707 Time: 0
Position: 171.05 196.077 -490.977 Orientation: -0.754237 -0.656528 -0.00806742 0.0056672 Time: 0
Position: 159.317 202.637 -459.88 Orientation: -0.5391 -0.445722 -0.493861 0.516531 Time: 0
Position: 163.53 177.53 -466.327 Orientation: 0.725145 -0.069171 0.68511 0.00213347 Time: 0
Position: 171.927 196.45 -491.657 Orientation: -0.755083 -0.655543 -0.00896725 0.00580038 Time: 0
Position: 158.857 202.417 -459.307 Orientation: -0.540157 -0.44438 -0.494519 0.515954 Time: 0
Position: 163.7 177.5 -466.363 Orientation: 0.724496 -0.0704362 0.685661 0.00366681 Time: 0
Position: 171.997 196.563 -491.603 Orientation: -0.754769 -0.655893 -0.00986757 0.0055005 Time: 0
Position: 159.653 202.57 -459.883 Orientation: -0.539994 -0.445283 -0.494888 0.514991 Time: 0
Position: 163.43 177.543 -466.417 Orientation: 0.724982 -0.0707381 0.685113 0.00420028 Time: 0
Position: 172.243 196.87 -492.517 Orientation: -0.754957 -0.655683 -0.00953405 0.00546708 Time: 0
Position: 159.71 202.73 -459.453 Orientation: -0.537959 -0.446449 -0.494387 0.51659 Time: 0
Position: 163.767 177.333 -466.29 Orientation: 0.723997 -0.0720697 0.685995 0.00666695 Time: 0
Position: 172.197 196.247 -491.933 Orientation: -0.755278 -0.655305 -0.0107006 0.00400024 Time: 0
Position: 159.233 202.453 -459.167 Orientation: -0.53941 -0.444969 -0.494607 0.516142 Time: 0
Position: 163.54 177.647 -466.397 Orientation: 0.724815 -0.0720715 0.685146 0.00486699 Time: 0
Position: 171.547 196.567 -492.343 Orientation: -0.754612 -0.656069 -0.0108345 0.00403376 Time: 0
Position: 159.037 202.19 -458.75 Orientation: -0.539791 -0.444581 -0.495187 0.515522 Time: 0
Position: 163.813 177.733 -466.687 Orientation: 0.724502 -0.0733035 0.685333 0.00650031 Time: 0
Position: 172.097 196.287 -491.74 Orientation: -0.755016 -0.65561 -0.0105674 0.00380025 Time: 0
Position: 159.207 202.557 -458.293 Orientation: -0.537663 -0.445685 -0.495324 0.51666 Time: 0
Position: 163.61 177.617 -466.44 Orientation: 0.724426 -0.0723392 0.685523 0.0057338 Time: 0
Position: 172.523 196.803 -492.39 Orientation: -0.754869 -0.655765 -0.0110339 0.00480023 Time: 0
Position: 158.873 202.25 -458.98 Orientation: -0.540033 -0.444354 -0.494494 0.51613 Time: 0
Position: 163.817 177.813 -465.96 Orientation: 0.72401 -0.0735412 0.68584 0.00493386 Time: 0
Position: 172.247 196.437 -492.253 Orientation: -0.754991 -0.655617 -0.0117009 0.00423366 Time: 0
Position: 158.883 202.383 -458.593 Orientation: -0.539023 -0.44518 -0.494585 0.516387 Time: 0
Position: 163.733 177.503 -466.197 Orientation: 0.72405 -0.0738384 0.685748 0.00703382 Time: 0
Position: 172.157 196.46 -492.15 Orientation: -0.754851 -0.655778 -0.0119341 0.00350024 Time: 0
Position: 158.807 202.38 -459.043 Orientation: -0.540388 -0.443978 -0.495184 0.515419 Time: 0
Position: 163.823 177.213 -466.477 Orientation: 0.724208 -0.0711708 0.685873 0.00596701 Time: 0
Position: 171.42 195.803 -491.87 Orientation: -0.754901 -0.655764 -0.00883374 0.00446687 Time: 0
Position: 158.877 202.577 -459.04 Orientation: -0.539286 -0.44441 -0.494681 0.516683 Time: 0
Position: 163.697 177.523 -466.47 Orientation: 0.724687 -0.0714053 0.68535 0.0050337 Time: 0
Position: 171.24 196.39 -491.617 Orientation: -0.754032 -0.656757 -0.00913412 0.00486709 Time: 0
Position: 159.403 202.697 -459.273 Orientation: -0.538707 -0.4453 -0.49487 0.516339 Time: 0
Position: 163.743 177.33 -466.91 Orientation: 0.725261 -0.0690724 0.684991 0.00376698 Time: 0
Position: 171.903 196.35 -491.93 Orientation: -0.755123 -0.655483 -0.0102341 0.00513372 Time: 0
Position: 159.11 202.65 -459.317 Orientation: -0.53952 -0.444244 -0.495582 0.515717 Time: 0
Position: 163.643 177.56 -466.31 Orientation: 0.724173 -0.072274 0.685803 0.00496717 Time: 0
Position: 171.56 196.163 -491.677 Orientation: -0.754577 -0.656134 -0.00876757 0.00493384 Time: 0
Position: 159.043 202.38 -459.177 Orientation: -0.539343 -0.445103 -0.494073 0.516608 Time: 0
Position: 163.787 177.703 -466.093 Orientation: 0.724322 -0.0734056 0.685519 0.00580044 Time: 0
Position: 171.633 196.8 -492.197 Orientation: -0.754429 -0.656288 -0.00963413 0.00543379 Time: 0
Position: 159.13 202.813 -459.233 Orientation: -0.537249 -0.446041 -0.493512 0.518514 Time: 0
Position: 163.95 177.743 -466.32 Orientation: 0.723906 -0.0739373 0.685904 0.00540029 Time: 0
Position: 172.737 196.513 -492.893 Orientation: -0.755141 -0.655436 -0.0126007 0.00276682 Time: 0
Position: 159.197 202.487 -459.11 Orientation: -0.538893 -0.445016 -0.494555 0.516691 Time: 0
Position: 163.81 177.833 -466.813 Orientation: 0.724657 -0.0731724 0.685187 0.00603381 Time: 0
Position: 172.26 196.547 -492.6 Orientation: -0.754839 -0.655801 -0.0114673 0.00333351 Time: 0
Position: 159.257 202.377 -459.253 Orientation: -0.539434 -0.445422 -0.494428 0.515898 Time: 0
Position: 163.563 177.96 -466.91 Orientation: 0.725431 -0.0715064 0.684561 0.00346698 Time: 0
Position: 172.587 196.707 -492.623 Orientation: -0.755186 -0.655413 -0.0105007 0.00416696 Time: 0
Position: 159.213 202.49 -459.897 Orientation: -0.539705 -0.445432 -0.493769 0.516237 Time: 0
Position: 163.663 177.83 -466.247 Orientation: 0.724681 -0.0719047 0.685311 0.0040336 Time: 0
Position: 172.2 196.857 -492.673 Orientation: -0.754442 -0.65627 -0.0103672 0.00450025 Time: 0
Position: 159.21 202.7 -459.513 Orientation: -0.538412 -0.445004 -0.494375 0.517376 Time: 0
Position: 164.02 177.673 -466.34 Orientation: 0.724103 -0.0711702 0.686001 0.00346684 Time: 0
Position: 171.363 196.003 -491.703 Orientation: -0.75462 -0.656079 -0.00950067 0.00433364 Time: 0
Position: 158.877 202.363 -458.903 Orientation: -0.538783 -0.444707 -0.494512 0.517114 Time: 0
Position: 163.38 177.443 -466.62 Orientation: 0.725629 -0.0688726 0.684625 0.00270023 Time: 0
Position: 171.513 196.293 -491.687 Orientation: -0.754639 -0.656034 -0.0114006 0.00313349 Time: 0
Position: 158.97 202.43 -459.23 Orientation: -0.539044 -0.445303 -0.493974 0.516842 Time: 0
Position: 163.763 177.663 -466.727 Orientation: 0.724649 -0.0715382 0.68538 0.00446697 Time: 0
Position: 172.42 197.243 -492.297 Orientation: -0.754604 -0.656065 -0.0112339 0.00503358 Time: 0
Position: 159.18 202.44 -458.903 Orientation: -0.538089 -0.446179 -0.494284 0.516786 Time: 0
