Position: -18.49 66.3533 -464.817 Orientation: -0.681094 -0.186217 -0.67116 0.225787 Time: 0
Position: -3.69731e+028 -3.69731e+028 -3.69731e+028 Orientation: -0.5 -0.5 -0.5 -0.5 Time: 0
Position: 61.9567 73.2433 -456.39 Orientation: -0.389171 -0.605484 -0.364958 0.590543 Time: 0
Position: 121.35 49.17 -463.227 Orientation: -0.707903 -0.150108 -0.658334 0.207211 Time: 0
Position: -3.69731e+028 -3.69731e+028 -3.69731e+028 Orientation: -0.5 -0.5 -0.5 -0.5 Time: 0
Position: 109.57 67.6933 -452.407 Orientation: -0.39563 -0.600512 -0.379996 0.581778 Time: 0
Position: 121.153 49.4967 -462.807 Orientation: -0.706672 -0.151982 -0.658167 0.210555 Time: 0
Position: -3.69731e+028 -3.69731e+028 -3.69731e+028 Orientation: -0.5 -0.5 -0.5 -0.5 Time: 0
Position: 109.623 67.9867 -452.39 Orientation: -0.39376 -0.600441 -0.379759 0.583273 Time: 0
Position: 121.067 49.3267 -462.94 Orientation: -0.707481 -0.151617 -0.657742 0.209424 Time: 0
Position: -3.69731e+028 -3.69731e+028 -3.69731e+028 Orientation: -0.5 -0.5 -0.5 -0.5 Time: 0
Position: 109.82 67.7867 -452.28 Orientation: -0.394695 -0.601077 -0.380894 0.581242 Time: 0
Position: 120.867 49.03 -463.11 Orientation: -0.709057 -0.150412 -0.657052 0.207117 Time: 0
Position: -3.69731e+028 -3.69731e+028 -3.69731e+028 Orientation: -0.5 -0.5 -0.5 -0.5 Time: 0
Position: 109.727 67.9533 -452.45 Orientation: -0.393946 -0.600971 -0.379911 0.582502 Time: 0
Position: 120.883 49.29 -463.41 Orientation: -0.708884 -0.150411 -0.656881 0.208248 Time: 0
Position: -3.69731e+028 -3.69731e+028 -3.69731e+028 Orientation: -0.5 -0.5 -0.5 -0.5 Time: 0
Position: 109.4 67.2867 -452.837 Orientation: -0.396606 -0.600927 -0.378605 0.581592 Time: 0
Position: 120.93 49.12 -463.203 Orientation: -0.708124 -0.151579 -0.65722 0.208917 Time: 0
Position: -3.69731e+028 -3.69731e+028 -3.69731e+028 Orientation: -0.5 -0.5 -0.5 -0.5 Time: 0
Position: 109.313 67.2267 -452.887 Orientation: -0.396807 -0.600795 -0.378705 0.581526 Time: 0
Position: 121.263 49.4233 -463.14 Orientation: -0.707265 -0.150914 -0.658127 0.209453 Time: 0
Position: -3.69731e+028 -3.69731e+028 -3.69731e+028 Orientation: -0.5 -0.5 -0.5 -0.5 Time: 0
Position: 109.573 67.4967 -452.653 Orientation: -0.395761 -0.600709 -0.379093 0.582074 Time: 0
Position: 121.213 49.2667 -463.33 Orientation: -0.707675 -0.150616 -0.658103 0.208355 Time: 0
Position: -3.69731e+028 -3.69731e+028 -3.69731e+028 Orientation: -0.5 -0.5 -0.5 -0.5 Time: 0
Position: 110.177 67.92 -452.3 Orientation: -0.393409 -0.601999 -0.381041 0.581063 Time: 0
Position: 121.227 48.9333 -463.223 Orientation: -0.707416 -0.152618 -0.657877 0.208491 Time: 0
Position: -3.69731e+028 -3.69731e+028 -3.69731e+028 Orientation: -0.5 -0.5 -0.5 -0.5 Time: 0
Position: 109.773 67.7633 -452.647 Orientation: -0.394698 -0.601614 -0.380697 0.580813 Time: 0
Position: 121.11 49.4633 -463.503 Orientation: -0.708737 -0.149015 -0.657598 0.207487 Time: 0
Position: -3.69731e+028 -3.69731e+028 -3.69731e+028 Orientation: -0.5 -0.5 -0.5 -0.5 Time: 0
Position: 109.57 67.6267 -452.583 Orientation: -0.396112 -0.600735 -0.380943 0.580599 Time: 0
Position: 121.22 49.4267 -463.137 Orientation: -0.707652 -0.150311 -0.658115 0.208615 Time: 0
Position: -3.69731e+028 -3.69731e+028 -3.69731e+028 Orientation: -0.5 -0.5 -0.5 -0.5 Time: 0
Position: 109.787 67.72 -452.363 Orientation: -0.394765 -0.600981 -0.379897 0.581946 Time: 0
Position: 121.057 49.22 -463.197 Orientation: -0.708341 -0.150249 -0.657669 0.207722 Time: 0
Position: -3.69731e+028 -3.69731e+028 -3.69731e+028 Orientation: -0.5 -0.5 -0.5 -0.5 Time: 0
Position: 109.783 67.9167 -452.237 Orientation: -0.393669 -0.601054 -0.379834 0.582653 Time: 0
Position: 120.843 48.8833 -463.35 Orientation: -0.709162 -0.15038 -0.657124 0.206551 Time: 0
Position: -3.69731e+028 -3.69731e+028 -3.69731e+028 Orientation: -0.5 -0.5 -0.5 -0.5 Time: 0
Position: 109.903 67.9033 -452.377 Orientation: -0.393911 -0.601268 -0.38101 0.581499 Time: 0
Position: 121.253 49.5 -463.01 Orientation: -0.707416 -0.149951 -0.658543 0.208324 Time: 0
Position: -3.69731e+028 -3.69731e+028 -3.69731e+028 Orientation: -0.5 -0.5 -0.5 -0.5 Time: 0
Position: 109.603 67.7867 -452.72 Orientation: -0.394174 -0.600928 -0.379039 0.58296 Time: 0
Position: 121.163 49.5367 -462.943 Orientation: -0.708003 -0.148781 -0.658431 0.20752 Time: 0
Position: -3.69731e+028 -3.69731e+028 -3.69731e+028 Orientation: -0.5 -0.5 -0.5 -0.5 Time: 0
Position: 109.46 67.8 -452.767 Orientation: -0.394233 -0.600584 -0.378665 0.583516 Time: 0
Position: 121.213 49.3 -463.277 Orientation: -0.708237 -0.149582 -0.657966 0.207621 Time: 0
Position: -3.69731e+028 -3.69731e+028 -3.69731e+028 Orientation: -0.5 -0.5 -0.5 -0.5 Time: 0
Position: 109.777 67.6933 -452.513 Orientation: -0.394607 -0.601295 -0.379439 0.582027 Time: 0
Position: 121.07 49.3133 -463.113 Orientation: -0.70845 -0.149344 -0.657813 0.207548 Time: 0
Position: -3.69731e+028 -3.69731e+028 -3.69731e+028 Orientation: -0.5 -0.5 -0.5 -0.5 Time: 0
Position: 109.733 67.73 -452.413 Orientation: -0.394867 -0.600751 -0.379432 0.582416 Time: 0
Position: 121.09 49.2667 -463.09 Orientation: -0.708223 -0.149679 -0.657919 0.20775 Time: 0
Position: -3.69731e+028 -3.69731e+028 -3.69731e+028 Orientation: -0.5 -0.5 -0.5 -0.5 Time: 0
Position: 109.717 67.5667 -452.173 Orientation: -0.395501 -0.600986 -0.379933 0.581417 Time: 0
Position: 121.18 49.5767 -462.883 Orientation: -0.707432 -0.150047 -0.658294 0.208986 Time: 0
Position: -3.69731e+028 -3.69731e+028 -3.69731e+028 Orientation: -0.5 -0.5 -0.5 -0.5 Time: 0
Position: 110.08 67.6167 -452.063 Orientation: -0.395069 -0.601588 -0.380801 0.580519 Time: 0
Position: 120.837 49.3767 -462.963 Orientation: -0.709207 -0.148215 -0.657535 0.206655 Time: 0
Position: -3.69731e+028 -3.69731e+028 -3.69731e+028 Orientation: -0.5 -0.5 -0.5 -0.5 Time: 0
Position: 110.1 67.7933 -452.003 Orientation: -0.394839 -0.601426 -0.381338 0.580491 Time: 0
Position: 121.15 49.5367 -462.84 Orientation: -0.707376 -0.150616 -0.658138 0.209256 Time: 0
Position: -3.69731e+028 -3.69731e+028 -3.69731e+028 Orientation: -0.5 -0.5 -0.5 -0.5 Time: 0
Position: 110.047 67.7933 -452.247 Orientation: -0.39457 -0.601423 -0.381169 0.580788 Time: 0
Position: 121.06 49.2067 -463.143 Orientation: -0.708719 -0.148744 -0.658016 0.206415 Time: 0
Position: -3.69731e+028 -3.69731e+028 -3.69731e+028 Orientation: -0.5 -0.5 -0.5 -0.5 Time: 0
Position: 110.027 67.9 -452.487 Orientation: -0.393605 -0.601958 -0.380303 0.581456 Time: 0
Position: 120.987 49.35 -463.35 Orientation: -0.708918 -0.148944 -0.657547 0.207082 Time: 0
Position: -3.69731e+028 -3.69731e+028 -3.69731e+028 Orientation: -0.5 -0.5 -0.5 -0.5 Time: 0
Position: 109.643 67.8167 -452.493 Orientation: -0.394472 -0.601126 -0.379904 0.58199 Time: 0
Position: 121 49.3033 -463.443 Orientation: -0.709044 -0.149443 -0.657341 0.206946 Time: 0
Position: -3.69731e+028 -3.69731e+028 -3.69731e+028 Orientation: -0.5 -0.5 -0.5 -0.5 Time: 0
Position: 109.74 67.7233 -452.567 Orientation: -0.395347 -0.600539 -0.379545 0.582236 Time: 0
Position: 121.053 49.3533 -463.2 Orientation: -0.70818 -0.15025 -0.657674 0.208257 Time: 0
Position: -3.69731e+028 -3.69731e+028 -3.69731e+028 Orientation: -0.5 -0.5 -0.5 -0.5 Time: 0
Position: 109.737 67.7367 -452.187 Orientation: -0.394708 -0.600862 -0.380173 0.581927 Time: 0
Position: 120.797 49.41 -463.13 Orientation: -0.708623 -0.149879 -0.657252 0.20835 Time: 0
Position: -3.69731e+028 -3.69731e+028 -3.69731e+028 Orientation: -0.5 -0.5 -0.5 -0.5 Time: 0
Position: 109.76 67.5067 -452.23 Orientation: -0.395233 -0.601418 -0.380499 0.580782 Time: 0
Position: 121.03 49.52 -463.303 Orientation: -0.708007 -0.149549 -0.657936 0.208522 Time: 0
Position: -3.69731e+028 -3.69731e+028 -3.69731e+028 Orientation: -0.5 -0.5 -0.5 -0.5 Time: 0
Position: 109.7 67.5733 -452.673 Orientation: -0.39601 -0.600566 -0.379842 0.581564 Time: 0
Position: 120.863 49.4733 -463.633 Orientation: -0.708975 -0.149116 -0.657203 0.207855 Time: 0
Position: -3.69731e+028 -3.69731e+028 -3.69731e+028 Orientation: -0.5 -0.5 -0.5 -0.5 Time: 0
Position: 109.953 67.7767 -452.597 Orientation: -0.393704 -0.601824 -0.379903 0.581789 Time: 0
Position: 121.147 49.5167 -463.337 Orientation: -0.709059 -0.147579 -0.657922 0.206384 Time: 0
Position: -3.69731e+028 -3.69731e+028 -3.69731e+028 Orientation: -0.5 -0.5 -0.5 -0.5 Time: 0
Position: 109.883 67.7867 -452.38 Orientation: -0.393039 -0.601794 -0.379205 0.582725 Time: 0
Position: 121.203 49.32 -463.243 Orientation: -0.707825 -0.150279 -0.657988 0.208451 Time: 0
Position: -3.69731e+028 -3.69731e+028 -3.69731e+028 Orientation: -0.5 -0.5 -0.5 -0.5 Time: 0
Position: 109.793 67.9367 -452.227 Orientation: -0.393603 -0.601123 -0.380302 0.582321 Time: 0
Position: 121.493 49.4467 -463.073 Orientation: -0.706837 -0.150682 -0.658766 0.209054 Time: 0
Position: -3.69731e+028 -3.69731e+028 -3.69731e+028 Orientation: -0.5 -0.5 -0.5 -0.5 Time: 0
Position: 109.783 67.5933 -452.663 Orientation: -0.394504 -0.601524 -0.378936 0.582188 Time: 0
Position: 121.043 49.51 -463.277 Orientation: -0.708703 -0.149081 -0.657631 0.207454 Time: 0
Position: -3.69731e+028 -3.69731e+028 -3.69731e+028 Orientation: -0.5 -0.5 -0.5 -0.5 Time: 0
Position: 109.907 67.5367 -452.277 Orientation: -0.395015 -0.601373 -0.379846 0.581404 Time: 0
Position: 121.09 49.0533 -463.42 Orientation: -0.709244 -0.148743 -0.657775 0.20538 Time: 0
Position: -3.69731e+028 -3.69731e+028 -3.69731e+028 Orientation: -0.5 -0.5 -0.5 -0.5 Time: 0
Position: 109.863 67.5367 -452.333 Orientation: -0.395776 -0.601332 -0.380608 0.58043 Time: 0
Position: 120.79 49.0867 -463.667 Orientation: -0.710835 -0.147114 -0.656763 0.204286 Time: 0
Position: -3.69731e+028 -3.69731e+028 -3.69731e+028 Orientation: -0.5 -0.5 -0.5 -0.5 Time: 0
Position: 109.923 67.5833 -452.6 Orientation: -0.395008 -0.601397 -0.379473 0.581628 Time: 0
Position: 121.48 49.7 -463.057 Orientation: -0.706493 -0.150246 -0.659056 0.209618 Time: 0
Position: -3.69731e+028 -3.69731e+028 -3.69731e+028 Orientation: -0.5 -0.5 -0.5 -0.5 Time: 0
Position: 110.16 67.4167 -452.323 Orientation: -0.396 -0.601718 -0.380599 0.579883 Time: 0
Position: 121.273 49.4467 -463.16 Orientation: -0.707787 -0.148518 -0.658847 0.207125 Time: 0
Position: -3.69731e+028 -3.69731e+028 -3.69731e+028 Orientation: -0.5 -0.5 -0.5 -0.5 Time: 0
Position: 110.167 67.65 -452.41 Orientation: -0.394179 -0.60197 -0.379978 0.581268 Time: 0
Position: 120.773 49.2633 -463.533 Orientation: -0.709713 -0.14871 -0.65691 0.206547 Time: 0
Position: -3.69731e+028 -3.69731e+028 -3.69731e+028 Orientation: -0.5 -0.5 -0.5 -0.5 Time: 0
Position: 109.893 67.53 -452.403 Orientation: -0.395602 -0.601254 -0.380368 0.580786 Time: 0
Position: 120.97 49.4667 -463.327 Orientation: -0.7089 -0.149614 -0.657129 0.207986 Time: 0
Position: -3.69731e+028 -3.69731e+028 -3.69731e+028 Orientation: -0.5 -0.5 -0.5 -0.5 Time: 0
Position: 109.687 67.71 -452.82 Orientation: -0.394995 -0.600877 -0.379828 0.581942 Time: 0
Position: 121.16 49.4067 -462.843 Orientation: -0.707669 -0.150615 -0.657898 0.209021 Time: 0
Position: -3.69731e+028 -3.69731e+028 -3.69731e+028 Orientation: -0.5 -0.5 -0.5 -0.5 Time: 0
Position: 109.8 67.7933 -452.53 Orientation: -0.39361 -0.6015 -0.380042 0.582098 Time: 0
Position: 121.013 49.3 -463.023 Orientation: -0.708293 -0.149513 -0.657922 0.207618 Time: 0
Position: -3.69731e+028 -3.69731e+028 -3.69731e+028 Orientation: -0.5 -0.5 -0.5 -0.5 Time: 0
Position: 109.707 67.66 -452.327 Orientation: -0.395779 -0.600669 -0.380577 0.581134 Time: 0
Position: 121.077 49.2967 -463.04 Orientation: -0.708343 -0.149283 -0.658004 0.207356 Time: 0
Position: -3.69731e+028 -3.69731e+028 -3.69731e+028 Orientation: -0.5 -0.5 -0.5 -0.5 Time: 0
Position: 109.773 67.5867 -452.417 Orientation: -0.396073 -0.600694 -0.379938 0.581325 Time: 0
Position: 121.03 49.2567 -463.22 Orientation: -0.708675 -0.149816 -0.657503 0.207422 Time: 0
Position: -3.69731e+028 -3.69731e+028 -3.69731e+028 Orientation: -0.5 -0.5 -0.5 -0.5 Time: 0
Position: 109.557 67.6367 -452.683 Orientation: -0.395204 -0.600623 -0.378869 0.582688 Time: 0
Position: 120.977 49.4567 -463.213 Orientation: -0.708321 -0.150078 -0.657384 0.208816 Time: 0
Position: -3.69731e+028 -3.69731e+028 -3.69731e+028 Orientation: -0.5 -0.5 -0.5 -0.5 Time: 0
Position: 109.38 67.5167 -452.743 Orientation: -0.396165 -0.600315 -0.37903 0.582247 Time: 0
Position: 120.89 49.2433 -463.123 Orientation: -0.708095 -0.15148 -0.657157 0.209285 Time: 0
Position: -3.69731e+028 -3.69731e+028 -3.69731e+028 Orientation: -0.5 -0.5 -0.5 -0.5 Time: 0
Position: 109.373 67.6467 -452.6 Orientation: -0.395272 -0.600292 -0.378804 0.583024 Time: 0
Position: 121.247 49.4567 -463.237 Orientation: -0.706945 -0.15181 -0.658075 0.210047 Time: 0
Position: -3.69731e+028 -3.69731e+028 -3.69731e+028 Orientation: -0.5 -0.5 -0.5 -0.5 Time: 0
Position: 109.643 67.59 -452.51 Orientation: -0.395144 -0.601001 -0.378776 0.582399 Time: 0
Position: 121.3 49.2233 -463.553 Orientation: -0.707734 -0.151114 -0.657862 0.208553 Time: 0
Position: -3.69731e+028 -3.69731e+028 -3.69731e+028 Orientation: -0.5 -0.5 -0.5 -0.5 Time: 0
Position: 109.877 67.5933 -452.463 Orientation: -0.39546 -0.601274 -0.379792 0.581239 Time: 0
Position: 121.283 49.2133 -463.19 Orientation: -0.707192 -0.152179 -0.658021 0.209117 Time: 0
Position: -3.69731e+028 -3.69731e+028 -3.69731e+028 Orientation: -0.5 -0.5 -0.5 -0.5 Time: 0
Position: 109.537 68 -452.547 Orientation: -0.393674 -0.600395 -0.379273 0.583694 Time: 0
Position: 121.033 49.2533 -463.21 Orientation: -0.70793 -0.151447 -0.657459 0.208919 Time: 0
Position: -3.69731e+028 -3.69731e+028 -3.69731e+028 Orientation: -0.5 -0.5 -0.5 -0.5 Time: 0
Position: 109.383 67.6867 -452.803 Orientation: -0.395742 -0.600531 -0.379874 0.581762 Time: 0
Position: 121.01 49.2233 -463.223 Orientation: -0.707857 -0.152246 -0.65712 0.20965 Time: 0
Position: -3.69731e+028 -3.69731e+028 -3.69731e+028 Orientation: -0.5 -0.5 -0.5 -0.5 Time: 0
Position: 109.43 67.4133 -452.81 Orientation: -0.396098 -0.600814 -0.37903 0.581779 Time: 0
Position: 121.167 49.32 -463.02 Orientation: -0.707865 -0.14988 -0.658194 0.207952 Time: 0
Position: -3.69731e+028 -3.69731e+028 -3.69731e+028 Orientation: -0.5 -0.5 -0.5 -0.5 Time: 0
Position: 109.983 67.55 -452.397 Orientation: -0.394327 -0.602142 -0.379593 0.58124 Time: 0
Position: 121.2 49.49 -463.193 Orientation: -0.70807 -0.148948 -0.658332 0.207487 Time: 0
Position: -3.69731e+028 -3.69731e+028 -3.69731e+028 Orientation: -0.5 -0.5 -0.5 -0.5 Time: 0
Position: 109.943 67.5533 -452.457 Orientation: -0.39459 -0.601769 -0.379256 0.581668 Time: 0
Position: 121.2 49.4433 -463.033 Orientation: -0.706602 -0.152174 -0.6582 0.210544 Time: 0
Position: -3.69731e+028 -3.69731e+028 -3.69731e+028 Orientation: -0.5 -0.5 -0.5 -0.5 Time: 0
Position: 109.903 67.54 -452.737 Orientation: -0.395374 -0.601462 -0.379806 0.581094 Time: 0
Position: 120.97 49.3567 -462.94 Orientation: -0.708088 -0.150278 -0.657684 0.208516 Time: 0
Position: -3.69731e+028 -3.69731e+028 -3.69731e+028 Orientation: -0.5 -0.5 -0.5 -0.5 Time: 0
Position: 109.89 67.7933 -452.61 Orientation: -0.394378 -0.601602 -0.38051 0.581166 Time: 0
Position: 121.107 49.2067 -462.83 Orientation: -0.706649 -0.153344 -0.657813 0.210748 Time: 0
Position: -3.69731e+028 -3.69731e+028 -3.69731e+028 Orientation: -0.5 -0.5 -0.5 -0.5 Time: 0
Position: 109.743 67.7833 -452.607 Orientation: -0.39493 -0.601013 -0.380696 0.581278 Time: 0
Position: 120.993 49.27 -462.933 Orientation: -0.707726 -0.151513 -0.657589 0.209151 Time: 0
Position: -3.69731e+028 -3.69731e+028 -3.69731e+028 Orientation: -0.5 -0.5 -0.5 -0.5 Time: 0
Position: 109.84 67.87 -452.53 Orientation: -0.392964 -0.601214 -0.37863 0.583746 Time: 0
Position: 120.68 49.22 -463.273 Orientation: -0.710178 -0.147049 -0.657239 0.205089 Time: 0
Position: -3.69731e+028 -3.69731e+028 -3.69731e+028 Orientation: -0.5 -0.5 -0.5 -0.5 Time: 0
