Position: 63.4 -80.88 -664.2 Orientation: 0.1952 -0.124 0.9567 -0.1763 Time: 193279446823314
Position: 61.2 72.07 -649.15 Orientation: 0.1921 -0.1528 0.9486 -0.1992 Time: 193279510820686
Position: 61.21 72.06 -649.13 Orientation: 0.1915 -0.1529 0.9487 -0.1992 Time: 193283807779191
Position: 61.21 72.07 -649.14 Orientation: 0.1916 -0.153 0.9487 -0.1992 Time: 193283871787969
Position: 61.22 72.06 -649.13 Orientation: 0.1912 -0.1528 0.9488 -0.1991 Time: 193283935759677
Position: 61.22 72.06 -649.12 Orientation: 0.1905 -0.153 0.949 -0.199 Time: 193284031772274
Position: 61.21 72.06 -649.13 Orientation: 0.1914 -0.153 0.9488 -0.1991 Time: 193284095770217
Position: 61.21 72.06 -649.12 Orientation: 0.1913 -0.1528 0.9488 -0.1991 Time: 193284191775970
Position: 61.21 72.06 -649.14 Orientation: 0.1917 -0.1528 0.9487 -0.1992 Time: 193284255865731
Position: 61.21 72.06 -649.13 Orientation: 0.1914 -0.153 0.9488 -0.1992 Time: 193284351736893
Position: 61.21 72.07 -649.13 Orientation: 0.1919 -0.1528 0.9487 -0.1992 Time: 193284415759928
Position: 61.21 72.06 -649.14 Orientation: 0.1919 -0.1528 0.9487 -0.1992 Time: 193284479829159
Position: 61.21 72.06 -649.12 Orientation: 0.1913 -0.153 0.9488 -0.1991 Time: 193284575775600
Position: 61.21 72.06 -649.13 Orientation: 0.1915 -0.1531 0.9487 -0.1992 Time: 193284639739895
Position: 61.21 72.06 -649.14 Orientation: 0.1918 -0.1529 0.9487 -0.1992 Time: 193284735780437
Position: 61.21 72.06 -649.13 Orientation: 0.1916 -0.1529 0.9487 -0.1991 Time: 193284799793207
Position: 61.21 72.07 -649.14 Orientation: 0.192 -0.1529 0.9486 -0.1992 Time: 193284895772726
Position: 61.22 72.06 -649.12 Orientation: 0.1915 -0.1531 0.9487 -0.1992 Time: 193284959741583
Position: 61.22 72.06 -649.12 Orientation: 0.1911 -0.153 0.9488 -0.1991 Time: 193285023734392
Position: 61.22 72.06 -649.12 Orientation: 0.1912 -0.1529 0.9488 -0.1991 Time: 193285087842974
Position: 61.21 72.06 -649.13 Orientation: 0.1915 -0.1531 0.9487 -0.1992 Time: 193285183770595
Position: 61.21 72.06 -649.14 Orientation: 0.1919 -0.153 0.9486 -0.1992 Time: 193285247738312
Position: 61.21 72.07 -649.16 Orientation: 0.1921 -0.1529 0.9486 -0.1992 Time: 193285343795963
Position: 61.22 72.06 -649.15 Orientation: 0.1916 -0.153 0.9487 -0.1992 Time: 193285407725468
Position: 61.21 72.06 -649.14 Orientation: 0.1918 -0.1529 0.9487 -0.1991 Time: 193285471742801
Position: 61.21 72.07 -649.15 Orientation: 0.1923 -0.1529 0.9486 -0.1992 Time: 193285567765663
Position: 61.21 72.05 -649.11 Orientation: 0.1914 -0.1526 0.9488 -0.1991 Time: 193285631766457
Position: 61.21 72.06 -649.15 Orientation: 0.1921 -0.1528 0.9487 -0.1992 Time: 193285695746150
Position: 61.21 72.06 -649.14 Orientation: 0.1917 -0.1528 0.9487 -0.1992 Time: 193285791745059
Position: 61.21 72.06 -649.13 Orientation: 0.1918 -0.1529 0.9487 -0.1992 Time: 193285855804024
Position: 61.2 72.07 -649.16 Orientation: 0.1926 -0.1528 0.9485 -0.1993 Time: 193285951737919
Position: 61.22 72.05 -649.13 Orientation: 0.1913 -0.1529 0.9488 -0.1991 Time: 193286015748979
Position: 61.21 72.07 -649.14 Orientation: 0.1918 -0.1529 0.9487 -0.1992 Time: 193286079747491
Position: 61.21 72.07 -649.15 Orientation: 0.1919 -0.1529 0.9486 -0.1992 Time: 193286175741268
Position: 61.22 72.06 -649.13 Orientation: 0.1911 -0.1529 0.9489 -0.1991 Time: 193286239778561
Position: 61.21 72.06 -649.14 Orientation: 0.1913 -0.153 0.9488 -0.1991 Time: 193286303793613
Position: 61.21 72.06 -649.14 Orientation: 0.192 -0.1529 0.9486 -0.1992 Time: 193286399769140
Position: 61.21 72.06 -649.14 Orientation: 0.1919 -0.1528 0.9487 -0.1992 Time: 193286527698869
Position: 61.21 72.06 -649.13 Orientation: 0.1916 -0.1528 0.9488 -0.1991 Time: 193286623766215
Position: 61.21 72.06 -649.14 Orientation: 0.1921 -0.1529 0.9486 -0.1992 Time: 193286719782234
Position: 61.22 72.06 -649.12 Orientation: 0.1911 -0.153 0.9488 -0.1991 Time: 193286815759472
Position: 61.21 72.06 -649.15 Orientation: 0.1921 -0.1529 0.9486 -0.1992 Time: 193286879756844
Position: 61.22 72.06 -649.12 Orientation: 0.1911 -0.153 0.9488 -0.1991 Time: 193286975746059
Position: 61.21 72.06 -649.12 Orientation: 0.1914 -0.153 0.9488 -0.1991 Time: 193287071791163
Position: 61.21 72.06 -649.14 Orientation: 0.1918 -0.1529 0.9487 -0.1992 Time: 193287135703559
Position: 61.22 72.06 -649.11 Orientation: 0.1911 -0.153 0.9488 -0.1991 Time: 193287199734009
Position: 61.21 72.06 -649.16 Orientation: 0.1924 -0.1528 0.9486 -0.1992 Time: 193287295702693
Position: 61.21 72.06 -649.14 Orientation: 0.1919 -0.1528 0.9487 -0.1992 Time: 193287359775915
Position: 61.21 72.05 -649.11 Orientation: 0.191 -0.1529 0.9489 -0.1991 Time: 193287423742491
Position: 61.22 72.06 -649.12 Orientation: 0.1915 -0.1531 0.9487 -0.1992 Time: 193287519671253
Position: 61.22 72.06 -649.15 Orientation: 0.1917 -0.1529 0.9487 -0.1991 Time: 193287583745046
Position: 61.22 72.06 -649.1 Orientation: 0.1905 -0.1531 0.9489 -0.1991 Time: 193287647723027
Position: 61.22 72.05 -649.14 Orientation: 0.1914 -0.1529 0.9488 -0.1991 Time: 193287743822881
Position: 61.22 72.05 -649.13 Orientation: 0.1916 -0.1528 0.9488 -0.1991 Time: 193287807719879
Position: 61.22 72.06 -649.11 Orientation: 0.1909 -0.153 0.9489 -0.1991 Time: 193287903738750
Position: 61.22 72.05 -649.14 Orientation: 0.1916 -0.1528 0.9488 -0.1991 Time: 193287967692208
Position: 61.21 72.07 -649.11 Orientation: 0.191 -0.153 0.9488 -0.1992 Time: 193288031667908
Position: 61.22 72.05 -649.13 Orientation: 0.1915 -0.1529 0.9488 -0.1991 Time: 193288127707880
Position: 61.21 72.06 -649.13 Orientation: 0.191 -0.1529 0.9489 -0.1991 Time: 193288191711525
Position: 61.22 72.06 -649.11 Orientation: 0.191 -0.153 0.9488 -0.1991 Time: 193288287806246
Position: 61.21 72.06 -649.16 Orientation: 0.1916 -0.153 0.9487 -0.1992 Time: 193288351732330
Position: 61.21 72.06 -649.13 Orientation: 0.1917 -0.1529 0.9487 -0.1992 Time: 193288416691807
Position: 61.22 72.06 -649.12 Orientation: 0.1908 -0.1528 0.9489 -0.199 Time: 193288512695849
Position: 61.22 72.05 -649.12 Orientation: 0.1914 -0.1529 0.9488 -0.1991 Time: 193288576732573
Position: 61.22 72.06 -649.12 Orientation: 0.1913 -0.153 0.9488 -0.1991 Time: 193288672766841
Position: 61.22 72.06 -649.12 Orientation: 0.191 -0.1529 0.9489 -0.1991 Time: 193288737690389
Position: 61.22 72.06 -649.13 Orientation: 0.1912 -0.153 0.9488 -0.1991 Time: 193288801690612
Position: 61.22 72.06 -649.14 Orientation: 0.1916 -0.153 0.9487 -0.1992 Time: 193288897720318
Position: 61.2 72.06 -649.14 Orientation: 0.1921 -0.1529 0.9486 -0.1992 Time: 193288961733659
Position: 61.22 72.05 -649.11 Orientation: 0.1911 -0.153 0.9488 -0.1991 Time: 193289025680274
Position: 61.21 72.06 -649.16 Orientation: 0.1924 -0.1528 0.9486 -0.1992 Time: 193289121701425
Position: 61.22 72.06 -649.13 Orientation: 0.1911 -0.1529 0.9488 -0.1991 Time: 193289185721610
Position: 61.22 72.05 -649.14 Orientation: 0.1913 -0.1529 0.9488 -0.1991 Time: 193289282809802
Position: 61.21 72.07 -649.13 Orientation: 0.1915 -0.1528 0.9488 -0.1991 Time: 193289346667449
Position: 61.21 72.06 -649.11 Orientation: 0.1915 -0.1527 0.9488 -0.1991 Time: 193289410748656
Position: 61.22 72.06 -649.14 Orientation: 0.1913 -0.1531 0.9488 -0.1992 Time: 193289506715629
Position: 61.22 72.06 -649.1 Orientation: 0.1908 -0.153 0.9489 -0.1991 Time: 193289570791133
Position: 61.22 72.06 -649.14 Orientation: 0.1914 -0.153 0.9488 -0.1992 Time: 193289666697082
Position: 61.21 72.07 -649.15 Orientation: 0.1919 -0.153 0.9486 -0.1992 Time: 193289731693059
Position: 61.21 72.07 -649.12 Orientation: 0.1916 -0.1528 0.9487 -0.1992 Time: 193289796656528
Position: 61.21 72.05 -649.14 Orientation: 0.1919 -0.1529 0.9487 -0.1992 Time: 193289893680846
Position: 61.21 72.06 -649.14 Orientation: 0.1917 -0.1528 0.9487 -0.1991 Time: 193289957689054
Position: 61.22 72.06 -649.13 Orientation: 0.1913 -0.153 0.9488 -0.1991 Time: 193290053725604
Position: 61.21 72.06 -649.15 Orientation: 0.1919 -0.1531 0.9486 -0.1992 Time: 193290119678553
Position: 61.21 72.06 -649.13 Orientation: 0.1916 -0.1528 0.9488 -0.1992 Time: 193290185669712
Position: 61.22 72.06 -649.15 Orientation: 0.1919 -0.1529 0.9487 -0.1992 Time: 193290283697767
Position: 61.21 72.07 -649.14 Orientation: 0.1918 -0.1529 0.9487 -0.1992 Time: 193290382671959
Position: 61.22 72.05 -649.13 Orientation: 0.191 -0.1529 0.9489 -0.199 Time: 193290513686470
Position: 61.22 72.06 -649.12 Orientation: 0.1915 -0.1527 0.9488 -0.1991 Time: 193290612676060
Position: 61.21 72.06 -649.12 Orientation: 0.1913 -0.1529 0.9488 -0.1991 Time: 193290710665905
Position: 61.21 72.06 -649.15 Orientation: 0.1922 -0.153 0.9486 -0.1992 Time: 193290775683553
Position: 61.21 72.06 -649.12 Orientation: 0.1913 -0.1528 0.9488 -0.1991 Time: 193290841661025
Position: 61.22 72.06 -649.12 Orientation: 0.1909 -0.1528 0.9489 -0.199 Time: 193290907636215
Position: 61.22 72.05 -649.12 Orientation: 0.1908 -0.1528 0.9489 -0.199 Time: 193291006678844
Position: 61.22 72.06 -649.11 Orientation: 0.1905 -0.1529 0.949 -0.1991 Time: 193291071748960
Position: 61.21 72.06 -649.14 Orientation: 0.1915 -0.153 0.9487 -0.1991 Time: 193291170692926
Position: 61.21 72.06 -649.13 Orientation: 0.1913 -0.1528 0.9488 -0.1991 Time: 193291236674390
Position: 61.21 72.06 -649.11 Orientation: 0.1911 -0.1528 0.9489 -0.1991 Time: 193291302676955
Position: 61.21 72.06 -649.15 Orientation: 0.1917 -0.153 0.9487 -0.1992 Time: 193291368714879
Position: 61.22 72.06 -649.12 Orientation: 0.1911 -0.1529 0.9488 -0.1991 Time: 193291466674498
Position: 61.21 72.06 -649.12 Orientation: 0.1914 -0.153 0.9488 -0.1991 Time: 193291531661920
Position: 61.22 72.05 -649.14 Orientation: 0.1914 -0.153 0.9488 -0.1991 Time: 193291596693256
Position: 61.2 72.07 -649.15 Orientation: 0.1927 -0.1529 0.9485 -0.1993 Time: 193291695671440
Position: 61.22 72.06 -649.11 Orientation: 0.1909 -0.1528 0.9489 -0.1991 Time: 193291761647201
Position: 61.22 72.05 -649.13 Orientation: 0.1914 -0.1529 0.9488 -0.1991 Time: 193291826632341
Position: 61.21 72.06 -649.13 Orientation: 0.1914 -0.1529 0.9488 -0.1991 Time: 193291923670917
Position: 61.21 72.06 -649.13 Orientation: 0.1916 -0.1531 0.9487 -0.1992 Time: 193291987795468
Position: 61.21 72.06 -649.14 Orientation: 0.1922 -0.1528 0.9486 -0.1992 Time: 193292086655598
Position: 61.22 72.06 -649.1 Orientation: 0.1911 -0.153 0.9488 -0.1991 Time: 193292151643591
Position: 61.23 72.05 -649.13 Orientation: 0.1912 -0.1529 0.9488 -0.1991 Time: 193292216678348
Position: 61.21 72.07 -649.16 Orientation: 0.1922 -0.1531 0.9485 -0.1993 Time: 193292281702840
Position: 61.21 72.06 -649.14 Orientation: 0.1917 -0.153 0.9487 -0.1992 Time: 193292378625644
Position: 61.22 72.05 -649.12 Orientation: 0.1911 -0.153 0.9488 -0.1991 Time: 193292442740499
Position: 61.21 72.07 -649.14 Orientation: 0.1917 -0.153 0.9487 -0.1992 Time: 193292539691248
Position: 61.21 72.07 -649.15 Orientation: 0.1919 -0.153 0.9486 -0.1992 Time: 193292604694068
Position: 61.21 72.05 -649.14 Orientation: 0.1919 -0.1528 0.9487 -0.1991 Time: 193292670715453
Position: 61.22 72.05 -649.12 Orientation: 0.1912 -0.1527 0.9489 -0.199 Time: 193292768643135
Position: 61.22 72.05 -649.12 Orientation: 0.1912 -0.1529 0.9488 -0.1991 Time: 193292833616299
Position: 61.22 72.05 -649.12 Orientation: 0.1911 -0.1528 0.9489 -0.199 Time: 193292898656189
Position: 61.22 72.06 -649.13 Orientation: 0.191 -0.153 0.9489 -0.1991 Time: 193292995617774
Position: 61.21 72.06 -649.14 Orientation: 0.1916 -0.1529 0.9487 -0.1992 Time: 193293059651075
Position: 61.2 72.07 -649.17 Orientation: 0.1924 -0.1529 0.9485 -0.1993 Time: 193293124700090
Position: 61.21 72.06 -649.13 Orientation: 0.1917 -0.1528 0.9487 -0.1991 Time: 193293221634300
Position: 61.21 72.06 -649.15 Orientation: 0.192 -0.153 0.9486 -0.1992 Time: 193293285698968
Position: 61.21 72.06 -649.12 Orientation: 0.1917 -0.1528 0.9487 -0.1991 Time: 193293382629757
Position: 61.21 72.07 -649.15 Orientation: 0.1923 -0.1529 0.9486 -0.1992 Time: 193293446636824
Position: 61.22 72.06 -649.15 Orientation: 0.1915 -0.1529 0.9488 -0.1991 Time: 193293511684128
Position: 61.21 72.06 -649.13 Orientation: 0.1918 -0.1528 0.9487 -0.1991 Time: 193293608657119
Position: 61.22 72.05 -649.11 Orientation: 0.1911 -0.1528 0.9489 -0.199 Time: 193293672668749
Position: 61.22 72.05 -649.14 Orientation: 0.1915 -0.1529 0.9488 -0.1991 Time: 193293769644021
Position: 61.21 72.06 -649.11 Orientation: 0.1911 -0.153 0.9488 -0.1991 Time: 193293833738345
Position: 61.21 72.06 -649.13 Orientation: 0.1922 -0.1527 0.9486 -0.1992 Time: 193293899665630
Position: 61.21 72.05 -649.14 Orientation: 0.1919 -0.1527 0.9487 -0.1991 Time: 193293998709969
Position: 61.21 72.07 -649.14 Orientation: 0.1922 -0.1529 0.9486 -0.1992 Time: 193294064678316
Position: 61.22 72.05 -649.13 Orientation: 0.1912 -0.153 0.9488 -0.1991 Time: 193294163626274
Position: 61.22 72.06 -649.11 Orientation: 0.1913 -0.1528 0.9488 -0.1991 Time: 193294227609388
Position: 61.21 72.05 -649.12 Orientation: 0.1919 -0.1528 0.9487 -0.1992 Time: 193294325597523
Position: 61.22 72.05 -649.13 Orientation: 0.191 -0.1529 0.9489 -0.199 Time: 193294390645967
Position: 61.23 72.05 -649.09 Orientation: 0.1905 -0.1529 0.949 -0.199 Time: 193294455949908
Position: 61.22 72.06 -649.13 Orientation: 0.1912 -0.1529 0.9488 -0.1991 Time: 193294554640088
Position: 61.22 72.06 -649.13 Orientation: 0.1913 -0.1529 0.9488 -0.1991 Time: 193294619797461
Position: 61.22 72.06 -649.12 Orientation: 0.1912 -0.153 0.9488 -0.1991 Time: 193294716631868
Position: 61.22 72.05 -649.11 Orientation: 0.1907 -0.153 0.9489 -0.199 Time: 193294781830873
Position: 61.21 72.06 -649.13 Orientation: 0.1919 -0.1529 0.9487 -0.1992 Time: 193294879635939
Position: 61.21 72.06 -649.13 Orientation: 0.1917 -0.1529 0.9487 -0.1992 Time: 193294944610244
Position: 61.21 72.06 -649.15 Orientation: 0.192 -0.1529 0.9486 -0.1992 Time: 193295040618849
Position: 61.22 72.06 -649.14 Orientation: 0.1916 -0.153 0.9487 -0.1992 Time: 193295105730598
Position: 61.21 72.05 -649.14 Orientation: 0.1917 -0.1528 0.9488 -0.1991 Time: 193295205646363
Position: 61.22 72.05 -649.12 Orientation: 0.1912 -0.1528 0.9488 -0.1991 Time: 193295270665152
Position: 61.22 72.06 -649.12 Orientation: 0.1909 -0.1528 0.9489 -0.1991 Time: 193295367612479
Position: 61.22 72.06 -649.15 Orientation: 0.1914 -0.153 0.9488 -0.1991 Time: 193295432652369
Position: 61.2 72.07 -649.15 Orientation: 0.1916 -0.1531 0.9487 -0.1992 Time: 193295528642154
Position: 61.21 72.06 -649.15 Orientation: 0.1916 -0.1531 0.9487 -0.1992 Time: 193295594634454
Position: 61.21 72.05 -649.13 Orientation: 0.1914 -0.1531 0.9488 -0.1991 Time: 193295691597750
Position: 61.22 72.06 -649.12 Orientation: 0.1909 -0.1528 0.9489 -0.1991 Time: 193295756614827
Position: 61.21 72.06 -649.14 Orientation: 0.1919 -0.153 0.9486 -0.1992 Time: 193295852614878
Position: 61.21 72.05 -649.11 Orientation: 0.1914 -0.1528 0.9488 -0.1991 Time: 193295948624053
Position: 61.21 72.06 -649.13 Orientation: 0.1914 -0.1529 0.9488 -0.1991 Time: 193296013555014
Position: 61.21 72.06 -649.15 Orientation: 0.1919 -0.153 0.9486 -0.1992 Time: 193296109605251
Position: 61.21 72.06 -649.12 Orientation: 0.1913 -0.153 0.9488 -0.1991 Time: 193296173571257
Position: 61.21 72.06 -649.17 Orientation: 0.1921 -0.1529 0.9486 -0.1992 Time: 193296270605840
Position: 61.21 72.06 -649.13 Orientation: 0.1915 -0.153 0.9487 -0.1991 Time: 193296335614364
Position: 61.21 72.06 -649.14 Orientation: 0.1918 -0.1529 0.9487 -0.1992 Time: 193296431603008
Position: 61.22 72.06 -649.12 Orientation: 0.1914 -0.153 0.9488 -0.1991 Time: 193296496641187
Position: 61.21 72.06 -649.13 Orientation: 0.1919 -0.1529 0.9487 -0.1992 Time: 193296593572545
Position: 61.22 72.06 -649.12 Orientation: 0.1912 -0.1529 0.9488 -0.1991 Time: 193296658606162
Position: 61.22 72.06 -649.14 Orientation: 0.1914 -0.153 0.9488 -0.1991 Time: 193296754701453
Position: 61.22 72.05 -649.11 Orientation: 0.1911 -0.1529 0.9489 -0.199 Time: 193296819561127
Position: 61.22 72.06 -649.13 Orientation: 0.1915 -0.1529 0.9487 -0.1992 Time: 193296916622515
Position: 61.21 72.06 -649.12 Orientation: 0.1911 -0.153 0.9488 -0.1991 Time: 193296980563427
Position: 61.22 72.06 -649.12 Orientation: 0.191 -0.1529 0.9489 -0.1991 Time: 193297077595730
Position: 61.21 72.05 -649.13 Orientation: 0.1914 -0.1528 0.9488 -0.1991 Time: 193297141629031
Position: 61.22 72.06 -649.12 Orientation: 0.1914 -0.1529 0.9488 -0.1991 Time: 193297238618561
Position: 61.21 72.06 -649.14 Orientation: 0.1917 -0.1528 0.9487 -0.1991 Time: 193297304665039
Position: 61.21 72.05 -649.11 Orientation: 0.1916 -0.1529 0.9488 -0.1991 Time: 193297403654629
Position: 61.21 72.06 -649.14 Orientation: 0.1917 -0.1531 0.9487 -0.1992 Time: 193297467809976
Position: 61.21 72.06 -649.13 Orientation: 0.1916 -0.1529 0.9488 -0.1991 Time: 193297563579053
Position: 61.21 72.06 -649.12 Orientation: 0.1913 -0.1529 0.9488 -0.1991 Time: 193297627741243
Position: 61.21 72.06 -649.13 Orientation: 0.1917 -0.153 0.9487 -0.1992 Time: 193297725568551
Position: 61.21 72.06 -649.14 Orientation: 0.1916 -0.153 0.9487 -0.1992 Time: 193297789635500
Position: 61.21 72.06 -649.15 Orientation: 0.1921 -0.1527 0.9487 -0.1992 Time: 193297885596770
Position: 61.22 72.06 -649.13 Orientation: 0.1912 -0.1531 0.9488 -0.1992 Time: 193297950573926
Position: 61.21 72.06 -649.14 Orientation: 0.1917 -0.1529 0.9487 -0.1991 Time: 193298046716553
Position: 61.22 72.06 -649.13 Orientation: 0.1914 -0.153 0.9488 -0.1991 Time: 193298143537272
Position: 61.22 72.06 -649.13 Orientation: 0.1914 -0.1529 0.9488 -0.1991 Time: 193298207683494
Position: 61.22 72.05 -649.12 Orientation: 0.1912 -0.153 0.9488 -0.1991 Time: 193298305661933
Position: 61.21 72.06 -649.14 Orientation: 0.1915 -0.1531 0.9487 -0.1992 Time: 193298369683258
Position: 61.21 72.06 -649.13 Orientation: 0.1914 -0.1529 0.9488 -0.1991 Time: 193298466564429
Position: 61.21 72.06 -649.12 Orientation: 0.1912 -0.1529 0.9488 -0.1991 Time: 193298563576771
Position: 61.21 72.05 -649.14 Orientation: 0.1918 -0.1529 0.9487 -0.1991 Time: 193298629552532
Position: 61.21 72.06 -649.12 Orientation: 0.1911 -0.1529 0.9489 -0.1991 Time: 193298725541176
Position: 61.21 72.06 -649.15 Orientation: 0.192 -0.1529 0.9487 -0.1992 Time: 193298790593043
Position: 61.22 72.06 -649.13 Orientation: 0.1914 -0.153 0.9488 -0.1991 Time: 193298886828629
Position: 61.21 72.06 -649.14 Orientation: 0.192 -0.1527 0.9487 -0.1991 Time: 193298982524707
Position: 61.22 72.05 -649.1 Orientation: 0.1909 -0.1529 0.9489 -0.199 Time: 193299046769591
Position: 61.2 72.07 -649.15 Orientation: 0.1921 -0.1529 0.9486 -0.1992 Time: 193299142546652
Position: 61.22 72.05 -649.13 Orientation: 0.1911 -0.1529 0.9489 -0.1991 Time: 193299206615882
Position: 61.21 72.06 -649.14 Orientation: 0.1917 -0.153 0.9487 -0.1992 Time: 193299302509856
Position: 61.21 72.06 -649.13 Orientation: 0.1917 -0.1528 0.9487 -0.1992 Time: 193299366560837
Position: 61.21 72.06 -649.11 Orientation: 0.1914 -0.153 0.9488 -0.1991 Time: 193299462498153
Position: 61.22 72.06 -649.14 Orientation: 0.1913 -0.153 0.9488 -0.1991 Time: 193299559596041
Position: 61.22 72.06 -649.1 Orientation: 0.1911 -0.1529 0.9488 -0.1991 Time: 193299655604075
Position: 61.21 72.06 -649.15 Orientation: 0.1918 -0.153 0.9487 -0.1992 Time: 193299751530556
Position: 61.22 72.05 -649.12 Orientation: 0.1909 -0.1529 0.9489 -0.199 Time: 193299912571637
Position: 61.21 72.06 -649.13 Orientation: 0.1918 -0.1528 0.9487 -0.1992 Time: 193300040546420
Position: 61.21 72.06 -649.15 Orientation: 0.1919 -0.1531 0.9486 -0.1992 Time: 193300136587533
Position: 61.21 72.06 -649.14 Orientation: 0.1917 -0.1529 0.9487 -0.1992 Time: 193300232666855
Position: 61.21 72.05 -649.11 Orientation: 0.1913 -0.1529 0.9488 -0.1991 Time: 193300361542150
Position: 61.21 72.06 -649.11 Orientation: 0.1918 -0.1529 0.9487 -0.1992 Time: 193300457618051
Position: 61.22 72.05 -649.13 Orientation: 0.1916 -0.1529 0.9487 -0.1991 Time: 193300554552832
Position: 61.2 72.07 -649.14 Orientation: 0.1921 -0.1531 0.9486 -0.1993 Time: 193300618506861
Position: 61.21 72.06 -649.15 Orientation: 0.1916 -0.1529 0.9487 -0.1991 Time: 193300716527502
Position: 61.21 72.05 -649.12 Orientation: 0.1913 -0.153 0.9488 -0.1991 Time: 193300780542554
Position: 61.21 72.06 -649.13 Orientation: 0.1915 -0.153 0.9488 -0.1991 Time: 193300876513518
Position: 61.21 72.05 -649.11 Orientation: 0.191 -0.1529 0.9489 -0.1991 Time: 193300940520586
Position: 61.22 72.06 -649.13 Orientation: 0.1914 -0.1529 0.9488 -0.1991 Time: 193301036581658
Position: 61.21 72.06 -649.13 Orientation: 0.1918 -0.1527 0.9487 -0.1991 Time: 193301132526389
Position: 61.21 72.06 -649.15 Orientation: 0.1919 -0.1529 0.9487 -0.1992 Time: 193301197885080
Position: 61.21 72.06 -649.14 Orientation: 0.1917 -0.1529 0.9487 -0.1992 Time: 193301294578621
Position: 61.21 72.06 -649.14 Orientation: 0.1917 -0.1528 0.9487 -0.1991 Time: 193301391630314
Position: 61.21 72.06 -649.14 Orientation: 0.192 -0.1529 0.9487 -0.1992 Time: 193301455578069
Position: 61.21 72.06 -649.14 Orientation: 0.1917 -0.1531 0.9487 -0.1992 Time: 193301551517667
Position: 61.22 72.06 -649.14 Orientation: 0.1915 -0.1528 0.9488 -0.1991 Time: 193301648510049
Position: 61.21 72.06 -649.14 Orientation: 0.1915 -0.153 0.9487 -0.1991 Time: 193301712532514
Position: 61.22 72.06 -649.13 Orientation: 0.1912 -0.1529 0.9488 -0.1991 Time: 193301808540548
Position: 61.2 72.06 -649.15 Orientation: 0.1922 -0.1528 0.9486 -0.1992 Time: 193301872618334
Position: 61.21 72.06 -649.15 Orientation: 0.1922 -0.1529 0.9486 -0.1992 Time: 193301968474097
Position: 61.22 72.06 -649.14 Orientation: 0.1916 -0.153 0.9487 -0.1991 Time: 193302032530210
Position: 61.22 72.05 -649.13 Orientation: 0.191 -0.1529 0.9489 -0.1991 Time: 193302096528152
Position: 61.22 72.06 -649.14 Orientation: 0.1914 -0.1529 0.9488 -0.1991 Time: 193302192548734
Position: 61.21 72.06 -649.14 Orientation: 0.1918 -0.1529 0.9487 -0.1991 Time: 193302288557338
