Position: 170.93 -21.8 -887.73 Orientation: 0.2395 -0.0863 0.9579 -0.132 Time: 193884432211523
Position: 133.84 119.89 -800.61 Orientation: 0.18 -0.3728 0.8361 -0.3597 Time: 193884528205300
Position: 133.86 119.87 -800.55 Orientation: 0.1788 -0.3729 0.8365 -0.3593 Time: 193884592258562
Position: 133.85 119.88 -800.55 Orientation: 0.1791 -0.3731 0.8363 -0.3594 Time: 193884656287301
Position: 133.85 119.88 -800.61 Orientation: 0.1798 -0.3727 0.8363 -0.3595 Time: 193884752282218
Position: 133.82 119.9 -800.59 Orientation: 0.181 -0.3725 0.8359 -0.36 Time: 193884816293848
Position: 133.83 119.89 -800.57 Orientation: 0.1805 -0.3726 0.836 -0.3598 Time: 193884912245422
Position: 133.86 119.87 -800.59 Orientation: 0.1789 -0.373 0.8364 -0.3593 Time: 193884976277583
Position: 133.86 119.88 -800.57 Orientation: 0.1792 -0.373 0.8363 -0.3594 Time: 193885072234860
Position: 133.85 119.89 -800.61 Orientation: 0.1798 -0.3728 0.8362 -0.3596 Time: 193885136245349
Position: 133.86 119.87 -800.57 Orientation: 0.1785 -0.3734 0.8364 -0.3592 Time: 193885232267641
Position: 133.85 119.88 -800.56 Orientation: 0.1794 -0.373 0.8362 -0.3595 Time: 193885296274138
Position: 133.87 119.88 -800.6 Orientation: 0.1788 -0.3731 0.8364 -0.3593 Time: 193885392242251
Position: 133.86 119.87 -800.53 Orientation: 0.1786 -0.3731 0.8365 -0.3592 Time: 193885456225366
Position: 133.84 119.89 -800.57 Orientation: 0.1798 -0.3728 0.8362 -0.3596 Time: 193885552244236
Position: 133.84 119.9 -800.6 Orientation: 0.1798 -0.373 0.8361 -0.3597 Time: 193885616202827
Position: 133.86 119.87 -800.56 Orientation: 0.1792 -0.3728 0.8364 -0.3594 Time: 193885712182917
Position: 133.84 119.88 -800.57 Orientation: 0.18 -0.3728 0.8361 -0.3597 Time: 193885776226484
Position: 133.85 119.88 -800.59 Orientation: 0.1791 -0.3731 0.8363 -0.3594 Time: 193885872211706
Position: 133.85 119.87 -800.56 Orientation: 0.1792 -0.373 0.8363 -0.3594 Time: 193885936233601
Position: 133.86 119.88 -800.58 Orientation: 0.1789 -0.3731 0.8364 -0.3593 Time: 193886032205136
Position: 133.85 119.86 -800.55 Orientation: 0.1791 -0.3728 0.8364 -0.3593 Time: 193886096201938
Position: 133.84 119.88 -800.58 Orientation: 0.1799 -0.3727 0.8362 -0.3596 Time: 193886193232529
Position: 133.85 119.87 -800.55 Orientation: 0.1787 -0.3732 0.8364 -0.3592 Time: 193886257200816
Position: 133.83 119.88 -800.56 Orientation: 0.1799 -0.3727 0.8362 -0.3595 Time: 193886321272328
Position: 133.84 119.87 -800.55 Orientation: 0.1795 -0.3727 0.8364 -0.3595 Time: 193886417373892
Position: 133.85 119.88 -800.57 Orientation: 0.1793 -0.3731 0.8362 -0.3595 Time: 193886481211008
Position: 133.85 119.87 -800.57 Orientation: 0.1798 -0.3726 0.8363 -0.3596 Time: 193886577177981
Position: 133.84 119.88 -800.56 Orientation: 0.1794 -0.3729 0.8363 -0.3595 Time: 193886641185048
Position: 133.85 119.88 -800.58 Orientation: 0.1796 -0.3727 0.8363 -0.3595 Time: 193886705202381
Position: 133.84 119.87 -800.54 Orientation: 0.1794 -0.3728 0.8363 -0.3595 Time: 193886802171380
Position: 133.86 119.86 -800.52 Orientation: 0.1789 -0.3728 0.8365 -0.3593 Time: 193886867343010
Position: 133.85 119.88 -800.59 Orientation: 0.1794 -0.3729 0.8363 -0.3595 Time: 193886931165298
Position: 133.84 119.88 -800.59 Orientation: 0.1797 -0.3727 0.8363 -0.3595 Time: 193887028189617
Position: 133.86 119.87 -800.56 Orientation: 0.1792 -0.3728 0.8364 -0.3593 Time: 193887092236605
Position: 133.86 119.87 -800.53 Orientation: 0.1784 -0.3732 0.8365 -0.3592 Time: 193887188242929
Position: 133.84 119.88 -800.57 Orientation: 0.1799 -0.3728 0.8362 -0.3596 Time: 193887253200125
Position: 133.85 119.88 -800.58 Orientation: 0.1798 -0.3727 0.8362 -0.3596 Time: 193887350272349
Position: 133.86 119.88 -800.59 Orientation: 0.179 -0.3731 0.8363 -0.3594 Time: 193887416257805
Position: 133.85 119.88 -800.57 Orientation: 0.1798 -0.3729 0.8361 -0.3596 Time: 193887482235277
Position: 133.85 119.88 -800.59 Orientation: 0.1797 -0.3728 0.8362 -0.3596 Time: 193887581219734
Position: 133.84 119.88 -800.6 Orientation: 0.1796 -0.3728 0.8363 -0.3595 Time: 193887647222299
Position: 133.84 119.89 -800.58 Orientation: 0.1794 -0.3729 0.8363 -0.3595 Time: 193887713159279
Position: 133.85 119.88 -800.56 Orientation: 0.1795 -0.373 0.8362 -0.3595 Time: 193887812219017
Position: 133.85 119.87 -800.55 Orientation: 0.1794 -0.3729 0.8363 -0.3595 Time: 193887878231278
Position: 133.84 119.89 -800.6 Orientation: 0.1802 -0.3727 0.8361 -0.3598 Time: 193887977217446
Position: 133.86 119.88 -800.58 Orientation: 0.179 -0.373 0.8364 -0.3594 Time: 193888043197199
Position: 133.87 119.87 -800.54 Orientation: 0.1785 -0.3732 0.8365 -0.3592 Time: 193888109209459
Position: 133.86 119.88 -800.55 Orientation: 0.1792 -0.3729 0.8364 -0.3594 Time: 193888208208175
Position: 133.85 119.87 -800.57 Orientation: 0.1794 -0.3727 0.8364 -0.3594 Time: 193888273207573
Position: 133.84 119.89 -800.57 Orientation: 0.1802 -0.3726 0.8362 -0.3597 Time: 193888372185187
Position: 133.85 119.89 -800.57 Orientation: 0.1796 -0.3728 0.8363 -0.3595 Time: 193888438217408
Position: 133.85 119.87 -800.55 Orientation: 0.1791 -0.3729 0.8364 -0.3593 Time: 193888504168075
Position: 133.86 119.88 -800.56 Orientation: 0.179 -0.373 0.8364 -0.3593 Time: 193888603203860
Position: 133.86 119.87 -800.57 Orientation: 0.179 -0.373 0.8364 -0.3593 Time: 193888669176770
Position: 133.85 119.88 -800.57 Orientation: 0.1792 -0.3728 0.8364 -0.3594 Time: 193888768204000
Position: 133.84 119.89 -800.61 Orientation: 0.1799 -0.3728 0.8361 -0.3596 Time: 193888834241924
Position: 133.84 119.89 -800.59 Orientation: 0.18 -0.3728 0.8361 -0.3596 Time: 193888900216544
Position: 133.85 119.88 -800.57 Orientation: 0.1798 -0.3726 0.8363 -0.3596 Time: 193889000383245
Position: 133.86 119.87 -800.56 Orientation: 0.179 -0.3728 0.8365 -0.3593 Time: 193889065200716
Position: 133.85 119.88 -800.58 Orientation: 0.1795 -0.3729 0.8363 -0.3595 Time: 193889152182529
Position: 133.84 119.89 -800.6 Orientation: 0.1801 -0.3727 0.8361 -0.3597 Time: 193889218229578
Position: 133.85 119.88 -800.58 Orientation: 0.1795 -0.3727 0.8363 -0.3595 Time: 193889317278480
Position: 133.85 119.88 -800.58 Orientation: 0.1798 -0.3727 0.8362 -0.3596 Time: 193889383228577
Position: 133.86 119.88 -800.57 Orientation: 0.1792 -0.3731 0.8363 -0.3594 Time: 193889481155119
Position: 133.85 119.88 -800.57 Orientation: 0.1797 -0.3727 0.8363 -0.3595 Time: 193889546232078
Position: 133.86 119.88 -800.57 Orientation: 0.1792 -0.373 0.8363 -0.3595 Time: 193889645170911
Position: 133.86 119.86 -800.55 Orientation: 0.1787 -0.3731 0.8365 -0.3592 Time: 193889711152946
Position: 133.85 119.87 -800.57 Orientation: 0.1793 -0.3728 0.8364 -0.3594 Time: 193889809153627
Position: 133.84 119.88 -800.57 Orientation: 0.1802 -0.3726 0.8361 -0.3597 Time: 193889874189524
Position: 133.85 119.87 -800.56 Orientation: 0.179 -0.3732 0.8363 -0.3593 Time: 193889972172526
Position: 133.84 119.89 -800.6 Orientation: 0.1798 -0.3729 0.8362 -0.3596 Time: 193890071182647
Position: 133.87 119.87 -800.55 Orientation: 0.1785 -0.3731 0.8365 -0.3592 Time: 193890200247284
Position: 133.84 119.88 -800.57 Orientation: 0.1798 -0.3726 0.8363 -0.3596 Time: 193890332126377
Position: 133.85 119.89 -800.6 Orientation: 0.1796 -0.3729 0.8362 -0.3595 Time: 193890396193326
Position: 133.86 119.87 -800.58 Orientation: 0.179 -0.3729 0.8365 -0.3593 Time: 193890527170196
Position: 133.85 119.89 -800.59 Orientation: 0.1794 -0.373 0.8362 -0.3595 Time: 193890625150917
Position: 133.86 119.86 -800.55 Orientation: 0.1785 -0.3731 0.8365 -0.3592 Time: 193890723133348
Position: 133.84 119.89 -800.59 Orientation: 0.1801 -0.3728 0.8361 -0.3597 Time: 193890789145038
Position: 133.85 119.86 -800.53 Orientation: 0.1791 -0.3728 0.8365 -0.3593 Time: 193890888149456
Position: 133.85 119.89 -800.6 Orientation: 0.1796 -0.3728 0.8362 -0.3595 Time: 193890952213554
Position: 133.85 119.88 -800.58 Orientation: 0.1797 -0.3727 0.8363 -0.3596 Time: 193891050182868
Position: 133.85 119.88 -800.56 Orientation: 0.1792 -0.3732 0.8362 -0.3594 Time: 193891116102739
Position: 133.86 119.88 -800.59 Orientation: 0.1792 -0.373 0.8363 -0.3594 Time: 193891182098460
Position: 133.85 119.88 -800.55 Orientation: 0.1794 -0.3731 0.8362 -0.3595 Time: 193891280181836
Position: 133.85 119.88 -800.6 Orientation: 0.1795 -0.3729 0.8362 -0.3595 Time: 193891344123888
Position: 133.86 119.87 -800.55 Orientation: 0.1789 -0.3729 0.8365 -0.3593 Time: 193891443174501
Position: 133.86 119.88 -800.58 Orientation: 0.1791 -0.3731 0.8363 -0.3594 Time: 193891509100075
Position: 133.85 119.86 -800.52 Orientation: 0.1789 -0.3728 0.8365 -0.3593 Time: 193891607125279
Position: 133.84 119.89 -800.58 Orientation: 0.1801 -0.3726 0.8361 -0.3597 Time: 193891671155729
Position: 133.85 119.88 -800.58 Orientation: 0.1795 -0.3729 0.8363 -0.3595 Time: 193891737164567
Position: 133.86 119.88 -800.56 Orientation: 0.1789 -0.373 0.8364 -0.3594 Time: 193891836171267
Position: 133.85 119.89 -800.59 Orientation: 0.1795 -0.3727 0.8363 -0.3595 Time: 193891902097981
Position: 133.84 119.88 -800.57 Orientation: 0.1798 -0.3727 0.8362 -0.3596 Time: 193891999130854
Position: 133.86 119.87 -800.54 Orientation: 0.1791 -0.373 0.8363 -0.3594 Time: 193892064157057
Position: 133.84 119.9 -800.6 Orientation: 0.1802 -0.3727 0.8361 -0.3597 Time: 193892161185938
Position: 133.87 119.87 -800.58 Orientation: 0.1785 -0.3731 0.8365 -0.3592 Time: 193892227134894
Position: 133.85 119.89 -800.6 Orientation: 0.1795 -0.373 0.8362 -0.3595 Time: 193892324126705
Position: 133.85 119.88 -800.55 Orientation: 0.1793 -0.3728 0.8364 -0.3594 Time: 193892389107854
Position: 133.85 119.88 -800.55 Orientation: 0.1794 -0.3729 0.8363 -0.3595 Time: 193892453108648
Position: 133.85 119.88 -800.58 Orientation: 0.1803 -0.3726 0.8361 -0.3597 Time: 193892550112435
Position: 133.86 119.87 -800.56 Orientation: 0.1789 -0.3731 0.8364 -0.3593 Time: 193892614105815
Position: 133.84 119.89 -800.56 Orientation: 0.18 -0.3726 0.8362 -0.3597 Time: 193892710130959
Position: 133.84 119.89 -800.6 Orientation: 0.1799 -0.3728 0.8362 -0.3596 Time: 193892774092972
Position: 133.84 119.88 -800.56 Orientation: 0.1795 -0.3728 0.8363 -0.3595 Time: 193892838106883
Position: 133.85 119.88 -800.57 Orientation: 0.1792 -0.3728 0.8364 -0.3594 Time: 193892934125753
Position: 133.85 119.89 -800.59 Orientation: 0.1796 -0.3729 0.8362 -0.3596 Time: 193892998107156
Position: 133.86 119.87 -800.56 Orientation: 0.1787 -0.3732 0.8364 -0.3593 Time: 193893062060615
Position: 133.84 119.9 -800.6 Orientation: 0.1802 -0.3728 0.836 -0.3598 Time: 193893158116555
Position: 133.86 119.87 -800.55 Orientation: 0.1784 -0.3731 0.8365 -0.3592 Time: 193893222127614
Position: 133.83 119.89 -800.6 Orientation: 0.1807 -0.3725 0.836 -0.3599 Time: 193893318141352
Position: 133.86 119.88 -800.56 Orientation: 0.1788 -0.3731 0.8364 -0.3593 Time: 193893382103365
Position: 133.84 119.88 -800.56 Orientation: 0.1799 -0.3727 0.8362 -0.3596 Time: 193893446095034
Position: 133.86 119.87 -800.54 Orientation: 0.1789 -0.3729 0.8364 -0.3593 Time: 193893542127592
Position: 133.85 119.87 -800.56 Orientation: 0.1792 -0.3729 0.8364 -0.3594 Time: 193893606140362
Position: 133.84 119.9 -800.59 Orientation: 0.1801 -0.3728 0.8361 -0.3597 Time: 193893670110359
Position: 133.84 119.88 -800.57 Orientation: 0.1801 -0.3725 0.8362 -0.3597 Time: 193893767091334
Position: 133.85 119.88 -800.57 Orientation: 0.1791 -0.3731 0.8363 -0.3594 Time: 193893831101824
Position: 133.84 119.89 -800.57 Orientation: 0.1797 -0.3729 0.8362 -0.3596 Time: 193893927132670
Position: 133.85 119.89 -800.56 Orientation: 0.1796 -0.3728 0.8362 -0.3595 Time: 193893991142019
Position: 133.85 119.89 -800.58 Orientation: 0.1793 -0.373 0.8363 -0.3594 Time: 193894055137109
Position: 133.86 119.88 -800.57 Orientation: 0.1789 -0.373 0.8364 -0.3593 Time: 193894152095272
Position: 133.86 119.88 -800.59 Orientation: 0.1788 -0.3731 0.8364 -0.3593 Time: 193894216057856
Position: 133.84 119.9 -800.58 Orientation: 0.1799 -0.3729 0.8361 -0.3597 Time: 193894281198690
Position: 133.86 119.87 -800.54 Orientation: 0.1784 -0.3733 0.8365 -0.3591 Time: 193894377098937
Position: 133.86 119.86 -800.54 Orientation: 0.1789 -0.373 0.8364 -0.3593 Time: 193894505089689
Position: 133.84 119.89 -800.59 Orientation: 0.1803 -0.3726 0.8361 -0.3597 Time: 193894569157778
Position: 133.84 119.89 -800.59 Orientation: 0.1798 -0.3728 0.8362 -0.3596 Time: 193894665065439
Position: 133.86 119.86 -800.55 Orientation: 0.1786 -0.3729 0.8366 -0.3591 Time: 193894761024427
Position: 133.84 119.89 -800.59 Orientation: 0.1798 -0.3728 0.8361 -0.3596 Time: 193894857102039
Position: 133.85 119.89 -800.58 Orientation: 0.18 -0.3727 0.8362 -0.3597 Time: 193894953078136
Position: 133.85 119.88 -800.57 Orientation: 0.1794 -0.3728 0.8363 -0.3594 Time: 193895017401153
Position: 133.86 119.86 -800.54 Orientation: 0.1786 -0.3732 0.8365 -0.3592 Time: 193895082069774
Position: 133.84 119.88 -800.56 Orientation: 0.1796 -0.3727 0.8363 -0.3595 Time: 193895178082371
Position: 133.86 119.87 -800.53 Orientation: 0.1788 -0.373 0.8365 -0.3592 Time: 193895242081454
Position: 133.84 119.9 -800.6 Orientation: 0.1806 -0.3725 0.8361 -0.3598 Time: 193895306078256
Position: 133.85 119.88 -800.55 Orientation: 0.1794 -0.3729 0.8363 -0.3595 Time: 193895402079446
Position: 133.84 119.89 -800.58 Orientation: 0.1802 -0.3726 0.8361 -0.3597 Time: 193895466050584
Position: 133.85 119.88 -800.58 Orientation: 0.1791 -0.3729 0.8364 -0.3594 Time: 193895562097970
Position: 133.84 119.88 -800.55 Orientation: 0.1798 -0.3727 0.8362 -0.3596 Time: 193895626074811
Position: 133.86 119.88 -800.55 Orientation: 0.1789 -0.373 0.8364 -0.3593 Time: 193895690052222
