Position: 170.91 -21.8 -887.77 Orientation: 0.2403 -0.0864 0.9577 -0.132 Time: 193774490755637
Position: 170.95 -21.81 -887.74 Orientation: 0.2385 -0.0863 0.9582 -0.132 Time: 193774554798063
Position: 170.92 -21.8 -887.74 Orientation: 0.2401 -0.0865 0.9577 -0.1321 Time: 193774650855714
Position: 170.94 -21.8 -887.73 Orientation: 0.2388 -0.0863 0.9581 -0.1319 Time: 193774714883312
Position: 170.93 -21.81 -887.71 Orientation: 0.2395 -0.0861 0.958 -0.1319 Time: 193774810825191
Position: 170.94 -21.8 -887.77 Orientation: 0.2394 -0.0863 0.958 -0.132 Time: 193774874875031
Position: 170.94 -21.8 -887.74 Orientation: 0.2389 -0.0862 0.9581 -0.1319 Time: 193774970800942
Position: 170.92 -21.8 -887.72 Orientation: 0.2393 -0.0863 0.958 -0.132 Time: 193775035380025
Position: 170.92 -21.8 -887.76 Orientation: 0.2396 -0.0863 0.9579 -0.132 Time: 193775131757047
Position: 170.93 -21.8 -887.74 Orientation: 0.239 -0.0862 0.9581 -0.132 Time: 193775195857074
Position: 170.92 -21.79 -887.78 Orientation: 0.2402 -0.0865 0.9577 -0.1321 Time: 193775291858265
Position: 170.95 -21.8 -887.71 Orientation: 0.2382 -0.0865 0.9582 -0.1321 Time: 193775355762677
Position: 170.92 -21.8 -887.76 Orientation: 0.2399 -0.0861 0.9578 -0.1319 Time: 193775451822039
Position: 170.91 -21.8 -887.76 Orientation: 0.2405 -0.0864 0.9577 -0.132 Time: 193775515831388
Position: 170.94 -21.8 -887.78 Orientation: 0.2389 -0.0866 0.958 -0.1321 Time: 193775611798360
Position: 170.93 -21.8 -887.74 Orientation: 0.2392 -0.0862 0.958 -0.1319 Time: 193775675817974
Position: 170.93 -21.8 -887.73 Orientation: 0.2395 -0.0865 0.9579 -0.132 Time: 193775771750158
Position: 170.96 -21.81 -887.69 Orientation: 0.2373 -0.0862 0.9585 -0.1319 Time: 193775835816537
Position: 170.94 -21.81 -887.72 Orientation: 0.2389 -0.0862 0.9581 -0.1319 Time: 193775899801362
Position: 170.92 -21.8 -887.78 Orientation: 0.2402 -0.0862 0.9578 -0.132 Time: 193775995756358
Position: 170.93 -21.8 -887.73 Orientation: 0.2392 -0.0864 0.958 -0.132 Time: 193776059809620
Position: 170.94 -21.8 -887.72 Orientation: 0.2384 -0.0863 0.9582 -0.132 Time: 193776123803570
Position: 170.94 -21.8 -887.69 Orientation: 0.238 -0.0865 0.9583 -0.132 Time: 193776219836128
Position: 170.92 -21.8 -887.75 Orientation: 0.2398 -0.0862 0.9579 -0.132 Time: 193776283770766
Position: 170.93 -21.8 -887.72 Orientation: 0.2389 -0.0864 0.9581 -0.132 Time: 193776380787671
Position: 170.93 -21.8 -887.75 Orientation: 0.2394 -0.0864 0.9579 -0.132 Time: 193776444789035
Position: 170.91 -21.8 -887.73 Orientation: 0.2403 -0.0865 0.9577 -0.1321 Time: 193776508794962
Position: 170.92 -21.8 -887.75 Orientation: 0.2401 -0.0863 0.9578 -0.132 Time: 193776604751098
Position: 170.93 -21.8 -887.72 Orientation: 0.2389 -0.0863 0.9581 -0.132 Time: 193776668799798
Position: 170.94 -21.81 -887.69 Orientation: 0.2382 -0.0862 0.9583 -0.1319 Time: 193776764738825
Position: 170.94 -21.8 -887.7 Orientation: 0.2384 -0.0863 0.9582 -0.1319 Time: 193776828801212
Position: 170.93 -21.8 -887.71 Orientation: 0.2393 -0.0862 0.958 -0.1319 Time: 193776892855044
Position: 170.94 -21.8 -887.69 Orientation: 0.2381 -0.0862 0.9583 -0.132 Time: 193776988738182
Position: 170.92 -21.8 -887.75 Orientation: 0.2401 -0.0861 0.9578 -0.1319 Time: 193777052819959
Position: 170.94 -21.8 -887.73 Orientation: 0.239 -0.0862 0.9581 -0.1319 Time: 193777116715247
Position: 170.93 -21.81 -887.73 Orientation: 0.2394 -0.0861 0.958 -0.1319 Time: 193777212738679
Position: 170.92 -21.8 -887.75 Orientation: 0.2399 -0.0863 0.9578 -0.132 Time: 193777276726927
Position: 170.93 -21.8 -887.73 Orientation: 0.2392 -0.0864 0.958 -0.132 Time: 193777372737813
Position: 170.92 -21.8 -887.7 Orientation: 0.2389 -0.0863 0.9581 -0.132 Time: 193777436849246
Position: 170.93 -21.8 -887.75 Orientation: 0.2393 -0.0863 0.958 -0.132 Time: 193777532768883
Position: 170.93 -21.8 -887.73 Orientation: 0.2393 -0.0863 0.958 -0.132 Time: 193777596704662
Position: 170.94 -21.8 -887.71 Orientation: 0.2383 -0.0863 0.9582 -0.1319 Time: 193777660765908
Position: 170.92 -21.79 -887.74 Orientation: 0.2398 -0.0866 0.9578 -0.1321 Time: 193777756725467
Position: 170.93 -21.8 -887.73 Orientation: 0.2389 -0.0865 0.958 -0.1321 Time: 193777820734815
Position: 170.94 -21.8 -887.72 Orientation: 0.2386 -0.0862 0.9582 -0.1319 Time: 193777916740568
Position: 170.92 -21.8 -887.74 Orientation: 0.24 -0.0863 0.9578 -0.1319 Time: 193777980732237
Position: 170.94 -21.81 -887.69 Orientation: 0.2378 -0.0861 0.9584 -0.1318 Time: 193778076711186
Position: 170.93 -21.8 -887.73 Orientation: 0.2393 -0.0863 0.958 -0.132 Time: 193778140735362
Position: 170.93 -21.8 -887.75 Orientation: 0.2395 -0.0865 0.9579 -0.1321 Time: 193778204707071
Position: 170.94 -21.8 -887.73 Orientation: 0.238 -0.0863 0.9583 -0.1319 Time: 193778300946079
Position: 170.92 -21.8 -887.73 Orientation: 0.2395 -0.0864 0.9579 -0.132 Time: 193778364746125
Position: 170.93 -21.8 -887.71 Orientation: 0.2392 -0.086 0.958 -0.1319 Time: 193778428736654
Position: 170.95 -21.79 -887.74 Orientation: 0.2382 -0.0867 0.9582 -0.1321 Time: 193778524712751
Position: 170.94 -21.81 -887.74 Orientation: 0.2388 -0.0861 0.9581 -0.1319 Time: 193778588739209
Position: 170.94 -21.8 -887.73 Orientation: 0.239 -0.0864 0.958 -0.132 Time: 193778684821383
Position: 170.94 -21.8 -887.7 Orientation: 0.2385 -0.0864 0.9582 -0.132 Time: 193778748750318
Position: 170.94 -21.81 -887.67 Orientation: 0.2376 -0.0861 0.9584 -0.1319 Time: 193778812748260
Position: 170.94 -21.8 -887.73 Orientation: 0.2388 -0.0864 0.9581 -0.132 Time: 193778908678163
Position: 170.93 -21.8 -887.71 Orientation: 0.2388 -0.0864 0.9581 -0.132 Time: 193778972948141
Position: 170.93 -21.8 -887.68 Orientation: 0.2384 -0.0863 0.9582 -0.132 Time: 193779068752577
Position: 170.93 -21.8 -887.73 Orientation: 0.2393 -0.0863 0.958 -0.132 Time: 193779132722574
Position: 170.93 -21.8 -887.75 Orientation: 0.2393 -0.0864 0.958 -0.132 Time: 193779228698101
Position: 170.94 -21.8 -887.73 Orientation: 0.2389 -0.0866 0.9581 -0.1321 Time: 193779292674372
Position: 170.94 -21.8 -887.73 Orientation: 0.2389 -0.0863 0.9581 -0.132 Time: 193779356716228
Position: 170.92 -21.79 -887.79 Orientation: 0.2398 -0.0866 0.9578 -0.1321 Time: 193779452691755
Position: 170.91 -21.8 -887.74 Orientation: 0.2398 -0.0863 0.9579 -0.132 Time: 193779516704525
Position: 170.94 -21.8 -887.73 Orientation: 0.2389 -0.0865 0.9581 -0.132 Time: 193779612719403
Position: 170.93 -21.8 -887.71 Orientation: 0.2389 -0.0862 0.9581 -0.1319 Time: 193779676760689
Position: 170.93 -21.8 -887.74 Orientation: 0.2391 -0.0863 0.958 -0.132 Time: 193779772721388
Position: 170.93 -21.8 -887.72 Orientation: 0.2388 -0.0864 0.9581 -0.132 Time: 193779836714768
Position: 170.93 -21.8 -887.75 Orientation: 0.2396 -0.0862 0.9579 -0.132 Time: 193779900710999
Position: 170.92 -21.81 -887.71 Orientation: 0.2395 -0.0859 0.958 -0.1318 Time: 193779996778916
Position: 170.94 -21.8 -887.72 Orientation: 0.2385 -0.0865 0.9581 -0.132 Time: 193780060750054
Position: 170.92 -21.79 -887.77 Orientation: 0.2404 -0.0865 0.9577 -0.1321 Time: 193780156771205
Position: 170.94 -21.8 -887.72 Orientation: 0.2387 -0.0864 0.9581 -0.132 Time: 193780220751468
Position: 170.93 -21.8 -887.72 Orientation: 0.2388 -0.0863 0.9581 -0.132 Time: 193780284732301
Position: 170.94 -21.81 -887.71 Orientation: 0.2386 -0.0863 0.9582 -0.132 Time: 193780380740336
Position: 170.92 -21.8 -887.74 Orientation: 0.2397 -0.0861 0.9579 -0.1319 Time: 193780444729723
Position: 170.93 -21.8 -887.72 Orientation: 0.2395 -0.0862 0.958 -0.132 Time: 193780540744031
Position: 170.94 -21.8 -887.71 Orientation: 0.238 -0.0864 0.9583 -0.132 Time: 193780604714599
Position: 170.92 -21.8 -887.78 Orientation: 0.2397 -0.0864 0.9579 -0.132 Time: 193780700748867
Position: 170.93 -21.8 -887.74 Orientation: 0.2395 -0.086 0.958 -0.1319 Time: 193780764717724
Position: 170.94 -21.8 -887.74 Orientation: 0.2386 -0.0862 0.9582 -0.132 Time: 193780828716237
Position: 170.93 -21.8 -887.75 Orientation: 0.2391 -0.0863 0.958 -0.1319 Time: 193780924740810
Position: 170.92 -21.8 -887.73 Orientation: 0.2398 -0.0865 0.9578 -0.132 Time: 193780988674308
Position: 170.92 -21.79 -887.79 Orientation: 0.2403 -0.0864 0.9577 -0.1321 Time: 193781084729678
Position: 170.94 -21.81 -887.69 Orientation: 0.2383 -0.0861 0.9583 -0.1318 Time: 193781148696824
Position: 170.92 -21.79 -887.75 Orientation: 0.24 -0.0868 0.9577 -0.1322 Time: 193781212685641
Position: 170.95 -21.8 -887.72 Orientation: 0.238 -0.0863 0.9583 -0.132 Time: 193781308694816
Position: 170.93 -21.8 -887.78 Orientation: 0.2402 -0.0864 0.9577 -0.1321 Time: 193781372713289
Position: 170.93 -21.8 -887.74 Orientation: 0.2395 -0.0861 0.958 -0.1319 Time: 193781469686280
Position: 170.92 -21.8 -887.73 Orientation: 0.2398 -0.0861 0.9579 -0.132 Time: 193781533647153
Position: 170.91 -21.79 -887.75 Orientation: 0.2404 -0.0865 0.9577 -0.1321 Time: 193781597711821
Position: 170.93 -21.8 -887.78 Orientation: 0.2394 -0.0862 0.958 -0.1319 Time: 193781694680249
Position: 170.92 -21.79 -887.76 Orientation: 0.2402 -0.0866 0.9577 -0.1321 Time: 193781759684780
Position: 170.94 -21.81 -887.67 Orientation: 0.2375 -0.0861 0.9585 -0.1319 Time: 193781824766873
Position: 170.92 -21.8 -887.75 Orientation: 0.2399 -0.0863 0.9578 -0.132 Time: 193781921701653
Position: 170.94 -21.8 -887.71 Orientation: 0.2384 -0.0862 0.9582 -0.1319 Time: 193781987707070
Position: 170.93 -21.8 -887.72 Orientation: 0.2387 -0.0866 0.9581 -0.1321 Time: 193782053717620
Position: 170.92 -21.8 -887.72 Orientation: 0.2392 -0.0863 0.958 -0.132 Time: 193782152656453
Position: 170.93 -21.79 -887.73 Orientation: 0.2391 -0.0864 0.958 -0.1321 Time: 193782218720611
Position: 170.93 -21.8 -887.72 Orientation: 0.2393 -0.0863 0.958 -0.1319 Time: 193782284744848
Position: 170.94 -21.81 -887.75 Orientation: 0.2384 -0.0861 0.9582 -0.1318 Time: 193782383732157
Position: 170.93 -21.8 -887.72 Orientation: 0.2392 -0.0861 0.9581 -0.1319 Time: 193782449744988
Position: 170.93 -21.8 -887.72 Orientation: 0.2391 -0.0861 0.9581 -0.1319 Time: 193782548716898
Position: 170.93 -21.8 -887.72 Orientation: 0.239 -0.0863 0.958 -0.132 Time: 193782614695511
Position: 170.92 -21.8 -887.77 Orientation: 0.24 -0.0862 0.9578 -0.132 Time: 193782680671842
Position: 170.91 -21.8 -887.77 Orientation: 0.241 -0.0863 0.9576 -0.132 Time: 193782779709338
Position: 170.92 -21.8 -887.74 Orientation: 0.2396 -0.0862 0.9579 -0.1319 Time: 193782845677114
Position: 170.93 -21.8 -887.73 Orientation: 0.2395 -0.0865 0.9579 -0.1321 Time: 193782911752679
Position: 170.92 -21.79 -887.75 Orientation: 0.2395 -0.0863 0.9579 -0.132 Time: 193783010729722
Position: 170.93 -21.8 -887.78 Orientation: 0.2397 -0.0865 0.9579 -0.132 Time: 193783076678108
Position: 170.92 -21.79 -887.76 Orientation: 0.2398 -0.0865 0.9578 -0.1321 Time: 193783142625354
Position: 170.95 -21.8 -887.72 Orientation: 0.2382 -0.0863 0.9583 -0.132 Time: 193783241696498
Position: 170.93 -21.8 -887.72 Orientation: 0.239 -0.0864 0.9581 -0.132 Time: 193783306633163
Position: 170.92 -21.8 -887.72 Orientation: 0.2394 -0.0865 0.9579 -0.132 Time: 193783405689479
Position: 170.93 -21.8 -887.72 Orientation: 0.2392 -0.0863 0.958 -0.1319 Time: 193783471689763
Position: 170.94 -21.81 -887.73 Orientation: 0.2384 -0.0863 0.9582 -0.1319 Time: 193783536659505
Position: 170.94 -21.81 -887.71 Orientation: 0.2384 -0.086 0.9582 -0.1319 Time: 193783635748899
Position: 170.94 -21.8 -887.71 Orientation: 0.2385 -0.0864 0.9582 -0.132 Time: 193783701848416
Position: 170.93 -21.8 -887.74 Orientation: 0.2394 -0.0864 0.9579 -0.132 Time: 193783800732500
Position: 170.93 -21.8 -887.72 Orientation: 0.2391 -0.0863 0.958 -0.132 Time: 193783865746155
Position: 170.92 -21.79 -887.76 Orientation: 0.24 -0.0864 0.9578 -0.132 Time: 193783931696253
Position: 170.92 -21.8 -887.76 Orientation: 0.2397 -0.0862 0.9579 -0.1319 Time: 193783997703951
Position: 170.92 -21.8 -887.74 Orientation: 0.2394 -0.0864 0.9579 -0.132 Time: 193784096634799
Position: 170.92 -21.79 -887.75 Orientation: 0.24 -0.0865 0.9578 -0.1322 Time: 193784162705801
Position: 170.95 -21.8 -887.73 Orientation: 0.238 -0.0865 0.9583 -0.1321 Time: 193784261682274
Position: 170.93 -21.79 -887.73 Orientation: 0.2389 -0.0865 0.9581 -0.1321 Time: 193784326612096
Position: 170.92 -21.8 -887.72 Orientation: 0.2392 -0.0865 0.958 -0.132 Time: 193784391686204
Position: 170.92 -21.8 -887.73 Orientation: 0.2399 -0.0864 0.9578 -0.132 Time: 193784490661536
Position: 170.92 -21.8 -887.75 Orientation: 0.2402 -0.0864 0.9577 -0.1321 Time: 193784555664927
Position: 170.93 -21.8 -887.73 Orientation: 0.2394 -0.0861 0.958 -0.1319 Time: 193784654628283
Position: 170.92 -21.8 -887.75 Orientation: 0.2397 -0.0862 0.9579 -0.1319 Time: 193784719685282
Position: 170.94 -21.8 -887.72 Orientation: 0.238 -0.0866 0.9583 -0.1321 Time: 193784785653629
Position: 170.93 -21.8 -887.72 Orientation: 0.2389 -0.0863 0.9581 -0.132 Time: 193784883658873
Position: 170.93 -21.8 -887.7 Orientation: 0.2388 -0.0861 0.9581 -0.1319 Time: 193784948667396
Position: 170.93 -21.8 -887.76 Orientation: 0.2396 -0.0865 0.9579 -0.132 Time: 193785014708742
Position: 170.93 -21.8 -887.75 Orientation: 0.2394 -0.0864 0.9579 -0.1321 Time: 193785113648145
Position: 170.93 -21.8 -887.71 Orientation: 0.2389 -0.0863 0.9581 -0.132 Time: 193785178695449
Position: 170.92 -21.8 -887.77 Orientation: 0.2402 -0.0863 0.9577 -0.132 Time: 193785277639985
Position: 170.92 -21.79 -887.76 Orientation: 0.2402 -0.0865 0.9577 -0.1321 Time: 193785342661055
Position: 170.92 -21.8 -887.78 Orientation: 0.2402 -0.0867 0.9577 -0.1322 Time: 193785440638354
Position: 170.93 -21.8 -887.77 Orientation: 0.2399 -0.0863 0.9578 -0.132 Time: 193785506636356
Position: 170.93 -21.8 -887.74 Orientation: 0.2393 -0.0863 0.958 -0.132 Time: 193785571679098
Position: 170.93 -21.8 -887.72 Orientation: 0.2386 -0.0865 0.9581 -0.1321 Time: 193785670642454
Position: 170.94 -21.8 -887.72 Orientation: 0.2389 -0.0864 0.9581 -0.132 Time: 193785752668885
Position: 170.93 -21.8 -887.71 Orientation: 0.2386 -0.0865 0.9581 -0.132 Time: 193785817666003
Position: 170.93 -21.8 -887.74 Orientation: 0.2392 -0.0862 0.958 -0.132 Time: 193785882615784
Position: 170.93 -21.8 -887.71 Orientation: 0.2387 -0.0862 0.9581 -0.1319 Time: 193785981637312
Position: 170.92 -21.8 -887.75 Orientation: 0.24 -0.0867 0.9577 -0.1322 Time: 193786079658524
Position: 170.92 -21.8 -887.71 Orientation: 0.239 -0.0862 0.9581 -0.1319 Time: 193786176720482
Position: 170.92 -21.8 -887.76 Orientation: 0.2403 -0.0864 0.9577 -0.132 Time: 193786273637013
Position: 170.93 -21.8 -887.75 Orientation: 0.2394 -0.0864 0.9579 -0.132 Time: 193786371647959
Position: 170.91 -21.8 -887.72 Orientation: 0.2398 -0.0864 0.9578 -0.132 Time: 193786470611886
Position: 170.92 -21.8 -887.7 Orientation: 0.2395 -0.0865 0.9579 -0.1321 Time: 193786569676186
Position: 170.93 -21.8 -887.73 Orientation: 0.2391 -0.0864 0.958 -0.132 Time: 193786634740599
Position: 170.92 -21.8 -887.73 Orientation: 0.2397 -0.0863 0.9579 -0.132 Time: 193786733690838
Position: 170.93 -21.8 -887.72 Orientation: 0.2387 -0.0864 0.9581 -0.132 Time: 193786799697966
Position: 170.93 -21.8 -887.74 Orientation: 0.2397 -0.0861 0.9579 -0.1319 Time: 193786898591745
Position: 170.94 -21.8 -887.72 Orientation: 0.2381 -0.0863 0.9583 -0.132 Time: 193786963620229
Position: 170.92 -21.8 -887.73 Orientation: 0.2392 -0.086 0.958 -0.1319 Time: 193787028648713
Position: 170.93 -21.8 -887.74 Orientation: 0.2391 -0.0862 0.958 -0.132 Time: 193787125586915
Position: 170.91 -21.79 -887.77 Orientation: 0.2407 -0.0866 0.9576 -0.1321 Time: 193787190651328
Position: 170.93 -21.8 -887.71 Orientation: 0.2388 -0.0863 0.9581 -0.132 Time: 193787288605814
Position: 170.94 -21.8 -887.71 Orientation: 0.2384 -0.0863 0.9582 -0.132 Time: 193787353641142
Position: 170.9 -21.79 -887.76 Orientation: 0.2406 -0.0865 0.9576 -0.1321 Time: 193787451593917
Position: 170.93 -21.8 -887.73 Orientation: 0.2391 -0.0863 0.958 -0.132 Time: 193787515655734
Position: 170.92 -21.79 -887.76 Orientation: 0.24 -0.0864 0.9578 -0.132 Time: 193787612562569
Position: 170.93 -21.79 -887.74 Orientation: 0.2394 -0.0867 0.9579 -0.1322 Time: 193787709610840
Position: 170.93 -21.8 -887.75 Orientation: 0.2391 -0.0864 0.958 -0.132 Time: 193787773581408
Position: 170.92 -21.8 -887.77 Orientation: 0.2403 -0.0864 0.9577 -0.132 Time: 193787838722242
Position: 170.92 -21.8 -887.78 Orientation: 0.2397 -0.0864 0.9579 -0.132 Time: 193787935642195
Position: 170.94 -21.8 -887.72 Orientation: 0.2387 -0.0862 0.9581 -0.1319 Time: 193787999588809
Position: 170.92 -21.79 -887.74 Orientation: 0.2397 -0.0865 0.9579 -0.1321 Time: 193788096597159
Position: 170.93 -21.8 -887.7 Orientation: 0.2385 -0.0865 0.9582 -0.1321 Time: 193788160655554
Position: 170.93 -21.8 -887.76 Orientation: 0.239 -0.0864 0.958 -0.1321 Time: 193788256671002
Position: 170.94 -21.8 -887.71 Orientation: 0.2385 -0.0862 0.9582 -0.1319 Time: 193788320646133
Position: 170.95 -21.8 -887.72 Orientation: 0.238 -0.0864 0.9583 -0.132 Time: 193788417635092
Position: 170.92 -21.8 -887.7 Orientation: 0.2391 -0.0863 0.9581 -0.1319 Time: 193788481664401
Position: 170.93 -21.8 -887.72 Orientation: 0.2391 -0.0864 0.958 -0.1321 Time: 193788577594304
Position: 170.93 -21.8 -887.76 Orientation: 0.2395 -0.0863 0.9579 -0.132 Time: 193788641566012
Position: 170.93 -21.8 -887.73 Orientation: 0.2394 -0.0865 0.9579 -0.1321 Time: 193788706765588
Position: 170.93 -21.8 -887.74 Orientation: 0.2387 -0.0866 0.9581 -0.1321 Time: 193788771594465
Position: 170.93 -21.8 -887.7 Orientation: 0.2389 -0.0864 0.9581 -0.132 Time: 193788868634752
Position: 170.93 -21.8 -887.73 Orientation: 0.2387 -0.0864 0.9581 -0.132 Time: 193788932595624
Position: 170.92 -21.8 -887.71 Orientation: 0.2394 -0.0862 0.958 -0.1319 Time: 193789028600807
Position: 170.93 -21.8 -887.73 Orientation: 0.2394 -0.0861 0.958 -0.1319 Time: 193789092602171
Position: 170.92 -21.8 -887.73 Orientation: 0.2397 -0.0866 0.9578 -0.1321 Time: 193789156590418
Position: 170.93 -21.8 -887.7 Orientation: 0.2383 -0.0863 0.9582 -0.132 Time: 193789252598453
Position: 170.94 -21.8 -887.74 Orientation: 0.2388 -0.0862 0.9581 -0.1319 Time: 193789380626274
Position: 170.93 -21.8 -887.74 Orientation: 0.2391 -0.0867 0.958 -0.1321 Time: 193789476581271
Position: 170.93 -21.8 -887.74 Orientation: 0.2395 -0.0863 0.9579 -0.132 Time: 193789572575047
Position: 170.92 -21.8 -887.71 Orientation: 0.2395 -0.0863 0.9579 -0.132 Time: 193789668625284
Position: 170.94 -21.8 -887.73 Orientation: 0.2387 -0.0863 0.9581 -0.132 Time: 193789764581421
Position: 170.94 -21.8 -887.73 Orientation: 0.2388 -0.0861 0.9581 -0.1319 Time: 193789828636964
Position: 170.94 -21.8 -887.72 Orientation: 0.2384 -0.0865 0.9582 -0.1321 Time: 193789924594242
Position: 170.93 -21.8 -887.74 Orientation: 0.2394 -0.0861 0.958 -0.1319 Time: 193789988553973
Position: 170.94 -21.79 -887.74 Orientation: 0.239 -0.0866 0.958 -0.1321 Time: 193790052571306
Position: 170.92 -21.8 -887.77 Orientation: 0.2399 -0.086 0.9579 -0.1319 Time: 193790148570786
Position: 170.93 -21.79 -887.74 Orientation: 0.2392 -0.0865 0.958 -0.1321 Time: 193790212579564
Position: 170.94 -21.8 -887.73 Orientation: 0.239 -0.0863 0.9581 -0.1319 Time: 193790308585317
Position: 170.95 -21.81 -887.74 Orientation: 0.2379 -0.0861 0.9583 -0.1319 Time: 193790372550182
Position: 170.93 -21.8 -887.74 Orientation: 0.2392 -0.0863 0.958 -0.132 Time: 193790436584054
Position: 170.94 -21.8 -887.71 Orientation: 0.2386 -0.0863 0.9582 -0.132 Time: 193790533569591
Position: 170.94 -21.8 -887.73 Orientation: 0.239 -0.0863 0.9581 -0.132 Time: 193790597558979
Position: 170.93 -21.8 -887.75 Orientation: 0.2397 -0.0862 0.9579 -0.132 Time: 193790661544375
Position: 170.94 -21.8 -887.73 Orientation: 0.2388 -0.0862 0.9581 -0.1319 Time: 193790757577503
Position: 170.93 -21.8 -887.72 Orientation: 0.239 -0.0863 0.958 -0.132 Time: 193790821582859
Position: 170.93 -21.8 -887.73 Orientation: 0.2392 -0.0863 0.958 -0.132 Time: 193790885599621
Position: 170.93 -21.79 -887.74 Orientation: 0.2393 -0.0866 0.9579 -0.1321 Time: 193790981554617
Position: 170.92 -21.8 -887.75 Orientation: 0.24 -0.0861 0.9578 -0.1319 Time: 193791045579364
Position: 170.93 -21.8 -887.7 Orientation: 0.2386 -0.0863 0.9582 -0.1319 Time: 193791141552610
Position: 170.93 -21.8 -887.72 Orientation: 0.2394 -0.0862 0.958 -0.1319 Time: 193791205524318
Position: 170.92 -21.8 -887.73 Orientation: 0.2394 -0.0863 0.958 -0.132 Time: 193791269592408
Position: 170.93 -21.8 -887.74 Orientation: 0.2389 -0.0864 0.9581 -0.132 Time: 193791365546834
