Position: 63.39 -80.88 -664.26 Orientation: 0.1964 -0.1239 0.9564 -0.1764 Time: 193145106748592
Position: 63.39 -80.89 -664.2 Orientation: 0.1952 -0.1239 0.9567 -0.1763 Time: 193145170735129
Position: 63.39 -80.88 -664.24 Orientation: 0.1955 -0.1241 0.9566 -0.1764 Time: 193145266788788
Position: 63.38 -80.87 -664.24 Orientation: 0.196 -0.124 0.9565 -0.1764 Time: 193145362848149
Position: 63.39 -80.87 -664.23 Orientation: 0.1958 -0.1241 0.9566 -0.1764 Time: 193145458768927
Position: 63.38 -80.87 -664.26 Orientation: 0.1965 -0.1241 0.9564 -0.1765 Time: 193145555833167
Position: 63.39 -80.88 -664.21 Orientation: 0.1952 -0.124 0.9567 -0.1764 Time: 193145620885604
Position: 63.38 -80.87 -664.22 Orientation: 0.196 -0.124 0.9565 -0.1764 Time: 193145716805811
Position: 63.39 -80.87 -664.21 Orientation: 0.1959 -0.124 0.9565 -0.1764 Time: 193145780758129
Position: 63.38 -80.87 -664.24 Orientation: 0.1965 -0.1239 0.9564 -0.1764 Time: 193145876799812
Position: 63.38 -80.87 -664.25 Orientation: 0.1966 -0.124 0.9564 -0.1765 Time: 193145940741294
Position: 63.38 -80.88 -664.22 Orientation: 0.1958 -0.1241 0.9566 -0.1764 Time: 193146004809384
Position: 63.39 -80.88 -664.23 Orientation: 0.1959 -0.124 0.9565 -0.1764 Time: 193146100762098
Position: 63.39 -80.88 -664.21 Orientation: 0.1954 -0.1241 0.9566 -0.1764 Time: 193146164772017
Position: 63.38 -80.88 -664.24 Orientation: 0.1964 -0.124 0.9565 -0.1764 Time: 193146260685951
Position: 63.38 -80.88 -664.26 Orientation: 0.1966 -0.124 0.9564 -0.1765 Time: 193146324785978
Position: 63.39 -80.88 -664.23 Orientation: 0.1956 -0.124 0.9566 -0.1763 Time: 193146420719303
Position: 63.38 -80.87 -664.26 Orientation: 0.1968 -0.1241 0.9563 -0.1765 Time: 193146484749182
Position: 63.39 -80.88 -664.21 Orientation: 0.1956 -0.1241 0.9566 -0.1764 Time: 193146549766260
Position: 63.37 -80.87 -664.27 Orientation: 0.1972 -0.1241 0.9562 -0.1765 Time: 193146613691203
Position: 63.38 -80.87 -664.23 Orientation: 0.1962 -0.1239 0.9565 -0.1765 Time: 193146709749995
Position: 63.39 -80.88 -664.23 Orientation: 0.1959 -0.124 0.9566 -0.1764 Time: 193146773790140
Position: 63.39 -80.88 -664.21 Orientation: 0.1955 -0.1239 0.9566 -0.1764 Time: 193146837738466
Position: 63.39 -80.88 -664.22 Orientation: 0.1952 -0.1241 0.9567 -0.1764 Time: 193146933723688
Position: 63.38 -80.87 -664.24 Orientation: 0.1966 -0.1239 0.9564 -0.1765 Time: 193146997711935
Position: 63.39 -80.88 -664.22 Orientation: 0.1953 -0.1241 0.9567 -0.1764 Time: 193147061728697
Position: 63.38 -80.88 -664.27 Orientation: 0.197 -0.124 0.9563 -0.1765 Time: 193147157696810
Position: 63.38 -80.87 -664.25 Orientation: 0.1962 -0.1241 0.9565 -0.1765 Time: 193147221726690
Position: 63.39 -80.88 -664.22 Orientation: 0.1956 -0.1239 0.9566 -0.1764 Time: 193147285711515
Position: 63.39 -80.88 -664.23 Orientation: 0.196 -0.124 0.9565 -0.1764 Time: 193147382706178
Position: 63.39 -80.88 -664.23 Orientation: 0.1961 -0.1238 0.9565 -0.1764 Time: 193147446697847
Position: 63.39 -80.88 -664.24 Orientation: 0.1962 -0.124 0.9565 -0.1765 Time: 193147510684953
Position: 63.38 -80.87 -664.23 Orientation: 0.196 -0.1239 0.9565 -0.1764 Time: 193147606711237
Position: 63.39 -80.88 -664.23 Orientation: 0.196 -0.1239 0.9565 -0.1764 Time: 193147670706328
Position: 63.38 -80.88 -664.24 Orientation: 0.1962 -0.124 0.9565 -0.1764 Time: 193147734716247
Position: 63.38 -80.87 -664.25 Orientation: 0.1964 -0.1241 0.9564 -0.1765 Time: 193147830686641
Position: 63.39 -80.88 -664.24 Orientation: 0.1961 -0.1241 0.9565 -0.1764 Time: 193147894727927
Position: 63.39 -80.87 -664.23 Orientation: 0.1961 -0.1239 0.9565 -0.1764 Time: 193147958725299
Position: 63.38 -80.87 -664.24 Orientation: 0.1965 -0.1242 0.9564 -0.1765 Time: 193148022772287
Position: 63.39 -80.87 -664.23 Orientation: 0.196 -0.1239 0.9565 -0.1764 Time: 193148118734697
Position: 63.38 -80.87 -664.23 Orientation: 0.1969 -0.1239 0.9563 -0.1765 Time: 193148183665089
Position: 63.38 -80.87 -664.22 Orientation: 0.1961 -0.1239 0.9565 -0.1764 Time: 193148247750858
Position: 63.39 -80.88 -664.2 Orientation: 0.1956 -0.1238 0.9566 -0.1763 Time: 193148343703573
Position: 63.39 -80.88 -664.25 Orientation: 0.196 -0.1241 0.9565 -0.1764 Time: 193148407703797
Position: 63.38 -80.88 -664.26 Orientation: 0.1966 -0.124 0.9564 -0.1765 Time: 193148471729114
Position: 63.39 -80.88 -664.24 Orientation: 0.1958 -0.1241 0.9566 -0.1764 Time: 193148567665860
Position: 63.38 -80.87 -664.22 Orientation: 0.1961 -0.124 0.9565 -0.1764 Time: 193148631707145
Position: 63.39 -80.88 -664.24 Orientation: 0.1961 -0.1241 0.9565 -0.1765 Time: 193148695686838
Position: 63.38 -80.88 -664.25 Orientation: 0.1962 -0.124 0.9565 -0.1764 Time: 193148759718428
Position: 63.39 -80.88 -664.22 Orientation: 0.1959 -0.1239 0.9566 -0.1764 Time: 193148855733307
Position: 63.38 -80.88 -664.25 Orientation: 0.1962 -0.124 0.9565 -0.1764 Time: 193148919678210
Position: 63.38 -80.88 -664.24 Orientation: 0.1965 -0.1239 0.9564 -0.1764 Time: 193148983689840
Position: 63.39 -80.88 -664.23 Orientation: 0.1961 -0.1238 0.9565 -0.1764 Time: 193149079710421
Position: 63.38 -80.87 -664.24 Orientation: 0.1961 -0.1241 0.9565 -0.1765 Time: 193149143741441
Position: 63.38 -80.88 -664.24 Orientation: 0.1961 -0.1238 0.9565 -0.1764 Time: 193149239669633
Position: 63.38 -80.88 -664.25 Orientation: 0.1964 -0.124 0.9564 -0.1764 Time: 193149303687536
Position: 63.39 -80.88 -664.24 Orientation: 0.1961 -0.1239 0.9565 -0.1764 Time: 193149367749923
Position: 63.38 -80.87 -664.25 Orientation: 0.1962 -0.1241 0.9565 -0.1765 Time: 193149464688696
Position: 63.38 -80.88 -664.25 Orientation: 0.1964 -0.1241 0.9564 -0.1765 Time: 193149528791004
Position: 63.39 -80.88 -664.24 Orientation: 0.196 -0.124 0.9565 -0.1764 Time: 193149625662480
Position: 63.38 -80.88 -664.24 Orientation: 0.1962 -0.124 0.9565 -0.1764 Time: 193149690683550
Position: 63.37 -80.87 -664.27 Orientation: 0.1971 -0.1241 0.9563 -0.1765 Time: 193149789689109
Position: 63.38 -80.88 -664.26 Orientation: 0.1964 -0.1241 0.9564 -0.1765 Time: 193149854706757
Position: 63.39 -80.87 -664.23 Orientation: 0.1957 -0.1241 0.9566 -0.1764 Time: 193149920691643
Position: 63.39 -80.88 -664.25 Orientation: 0.1963 -0.124 0.9565 -0.1765 Time: 193150018698027
Position: 63.38 -80.87 -664.25 Orientation: 0.1966 -0.1241 0.9564 -0.1765 Time: 193150084705725
Position: 63.38 -80.87 -664.25 Orientation: 0.1968 -0.1239 0.9564 -0.1765 Time: 193150150671220
Position: 63.38 -80.87 -664.22 Orientation: 0.1961 -0.1239 0.9565 -0.1764 Time: 193150248687299
Position: 63.38 -80.87 -664.26 Orientation: 0.1967 -0.124 0.9564 -0.1765 Time: 193150314653365
Position: 63.38 -80.87 -664.24 Orientation: 0.1962 -0.124 0.9565 -0.1765 Time: 193150380625134
Position: 63.39 -80.88 -664.23 Orientation: 0.1955 -0.1241 0.9566 -0.1764 Time: 193150478730751
Position: 63.39 -80.87 -664.23 Orientation: 0.196 -0.124 0.9565 -0.1764 Time: 193150543670267
Position: 63.38 -80.87 -664.26 Orientation: 0.1966 -0.124 0.9564 -0.1765 Time: 193150641669808
Position: 63.39 -80.88 -664.24 Orientation: 0.1961 -0.1239 0.9565 -0.1764 Time: 193150706661792
Position: 63.38 -80.88 -664.25 Orientation: 0.1965 -0.1241 0.9564 -0.1765 Time: 193150771760423
Position: 63.39 -80.88 -664.22 Orientation: 0.1961 -0.1242 0.9565 -0.1764 Time: 193150837692271
Position: 63.38 -80.88 -664.25 Orientation: 0.1964 -0.1238 0.9565 -0.1764 Time: 193150935666147
Position: 63.39 -80.88 -664.25 Orientation: 0.196 -0.124 0.9565 -0.1764 Time: 193151001615104
Position: 63.38 -80.87 -664.25 Orientation: 0.1966 -0.124 0.9564 -0.1764 Time: 193151066625908
Position: 63.39 -80.88 -664.24 Orientation: 0.1959 -0.1241 0.9565 -0.1764 Time: 193151165662264
Position: 63.39 -80.88 -664.23 Orientation: 0.196 -0.1241 0.9565 -0.1764 Time: 193151230635428
Position: 63.38 -80.88 -664.24 Orientation: 0.1963 -0.1241 0.9564 -0.1765 Time: 193151328649226
Position: 63.38 -80.88 -664.24 Orientation: 0.1962 -0.1238 0.9565 -0.1764 Time: 193151392636903
Position: 63.39 -80.87 -664.23 Orientation: 0.1957 -0.1241 0.9566 -0.1764 Time: 193151456728375
Position: 63.38 -80.87 -664.24 Orientation: 0.1962 -0.1241 0.9565 -0.1765 Time: 193151554732478
Position: 63.38 -80.88 -664.28 Orientation: 0.1969 -0.1242 0.9563 -0.1765 Time: 193151618797146
Position: 63.38 -80.87 -664.25 Orientation: 0.197 -0.124 0.9563 -0.1765 Time: 193151684714165
Position: 63.39 -80.88 -664.23 Orientation: 0.1958 -0.124 0.9566 -0.1764 Time: 193151781619860
Position: 63.38 -80.88 -664.23 Orientation: 0.196 -0.124 0.9565 -0.1764 Time: 193151845701067
Position: 63.38 -80.87 -664.25 Orientation: 0.1967 -0.124 0.9564 -0.1765 Time: 193151974716087
Position: 63.39 -80.88 -664.26 Orientation: 0.1963 -0.124 0.9565 -0.1764 Time: 193152105760824
Position: 63.38 -80.88 -664.24 Orientation: 0.1963 -0.1239 0.9565 -0.1764 Time: 193152202642566
Position: 63.39 -80.88 -664.21 Orientation: 0.1955 -0.1241 0.9566 -0.1764 Time: 193152330633888
Position: 63.39 -80.88 -664.22 Orientation: 0.1956 -0.1241 0.9566 -0.1764 Time: 193152395617888
Position: 63.39 -80.88 -664.22 Orientation: 0.1957 -0.124 0.9566 -0.1764 Time: 193152492647910
Position: 63.39 -80.88 -664.22 Orientation: 0.1956 -0.124 0.9566 -0.1764 Time: 193152557701487
Position: 63.39 -80.88 -664.24 Orientation: 0.196 -0.1239 0.9565 -0.1764 Time: 193152621717109
Position: 63.38 -80.88 -664.23 Orientation: 0.1962 -0.1241 0.9565 -0.1765 Time: 193152719619697
Position: 63.39 -80.88 -664.22 Orientation: 0.1955 -0.124 0.9566 -0.1764 Time: 193152784613392
Position: 63.39 -80.88 -664.23 Orientation: 0.1964 -0.124 0.9564 -0.1764 Time: 193152848652967
Position: 63.39 -80.87 -664.22 Orientation: 0.1958 -0.1241 0.9565 -0.1765 Time: 193152946635969
Position: 63.38 -80.87 -664.23 Orientation: 0.1964 -0.1241 0.9564 -0.1765 Time: 193153010642465
Position: 63.39 -80.88 -664.22 Orientation: 0.1954 -0.124 0.9567 -0.1764 Time: 193153075615059
Position: 63.39 -80.88 -664.23 Orientation: 0.1961 -0.1238 0.9565 -0.1764 Time: 193153172626261
Position: 63.38 -80.88 -664.24 Orientation: 0.196 -0.1241 0.9565 -0.1764 Time: 193153237635925
Position: 63.38 -80.87 -664.24 Orientation: 0.1967 -0.1239 0.9564 -0.1765 Time: 193153301599649
Position: 63.39 -80.88 -664.24 Orientation: 0.196 -0.124 0.9565 -0.1764 Time: 193153398642217
Position: 63.39 -80.88 -664.24 Orientation: 0.1963 -0.1241 0.9565 -0.1765 Time: 193153462708596
Position: 63.39 -80.88 -664.21 Orientation: 0.1958 -0.1238 0.9566 -0.1763 Time: 193153560628293
Position: 63.38 -80.87 -664.24 Orientation: 0.1961 -0.1241 0.9565 -0.1764 Time: 193153624638782
Position: 63.38 -80.87 -664.26 Orientation: 0.1968 -0.1241 0.9563 -0.1765 Time: 193153688617905
Position: 63.39 -80.88 -664.23 Orientation: 0.1961 -0.1239 0.9565 -0.1764 Time: 193153784609971
Position: 63.39 -80.87 -664.24 Orientation: 0.1964 -0.124 0.9564 -0.1764 Time: 193153848627303
Position: 63.39 -80.88 -664.24 Orientation: 0.1959 -0.124 0.9565 -0.1764 Time: 193153945631091
Position: 63.39 -80.88 -664.23 Orientation: 0.1959 -0.124 0.9566 -0.1764 Time: 193154009605651
Position: 63.38 -80.87 -664.27 Orientation: 0.1968 -0.124 0.9563 -0.1765 Time: 193154075580271
Position: 63.38 -80.87 -664.24 Orientation: 0.196 -0.124 0.9565 -0.1764 Time: 193154172638808
Position: 63.38 -80.88 -664.24 Orientation: 0.1962 -0.124 0.9565 -0.1764 Time: 193154237720900
Position: 63.38 -80.87 -664.23 Orientation: 0.1963 -0.124 0.9565 -0.1764 Time: 193154333643389
Position: 63.39 -80.87 -664.24 Orientation: 0.1962 -0.124 0.9565 -0.1765 Time: 193154397607113
Position: 63.38 -80.87 -664.23 Orientation: 0.1962 -0.1242 0.9565 -0.1765 Time: 193154493636819
Position: 63.39 -80.88 -664.25 Orientation: 0.1959 -0.1239 0.9566 -0.1764 Time: 193154557618793
Position: 63.38 -80.88 -664.24 Orientation: 0.1964 -0.124 0.9564 -0.1765 Time: 193154621631563
Position: 63.39 -80.88 -664.23 Orientation: 0.1959 -0.1241 0.9565 -0.1764 Time: 193154717619066
Position: 63.38 -80.88 -664.26 Orientation: 0.1966 -0.124 0.9564 -0.1764 Time: 193154781597048
Position: 63.38 -80.88 -664.24 Orientation: 0.1961 -0.1238 0.9565 -0.1764 Time: 193154877666675
Position: 63.39 -80.87 -664.22 Orientation: 0.1961 -0.124 0.9565 -0.1764 Time: 193154941665188
Position: 63.38 -80.87 -664.25 Orientation: 0.1968 -0.124 0.9563 -0.1765 Time: 193155005800574
Position: 63.39 -80.88 -664.21 Orientation: 0.1954 -0.1239 0.9567 -0.1764 Time: 193155103590812
Position: 63.38 -80.88 -664.23 Orientation: 0.1962 -0.124 0.9565 -0.1764 Time: 193155167620692
Position: 63.38 -80.87 -664.26 Orientation: 0.1965 -0.1243 0.9564 -0.1765 Time: 193155263605914
Position: 63.38 -80.87 -664.23 Orientation: 0.1964 -0.124 0.9564 -0.1764 Time: 193155327590739
Position: 63.39 -80.88 -664.21 Orientation: 0.1956 -0.1243 0.9566 -0.1764 Time: 193155391686204
Position: 63.38 -80.87 -664.24 Orientation: 0.1963 -0.1239 0.9565 -0.1764 Time: 193155488586196
Position: 63.39 -80.88 -664.25 Orientation: 0.1959 -0.124 0.9565 -0.1764 Time: 193155552553912
Position: 63.39 -80.88 -664.21 Orientation: 0.1959 -0.1241 0.9565 -0.1764 Time: 193155616628845
Position: 63.39 -80.88 -664.23 Orientation: 0.1959 -0.124 0.9565 -0.1764 Time: 193155712608365
Position: 63.39 -80.88 -664.22 Orientation: 0.1956 -0.124 0.9566 -0.1763 Time: 193155808621532
Position: 63.38 -80.88 -664.24 Orientation: 0.1966 -0.1239 0.9564 -0.1764 Time: 193155937626286
Position: 63.38 -80.88 -664.25 Orientation: 0.1962 -0.124 0.9565 -0.1764 Time: 193156033617212
Position: 63.39 -80.87 -664.23 Orientation: 0.1961 -0.1241 0.9565 -0.1764 Time: 193156161591995
Position: 63.39 -80.87 -664.21 Orientation: 0.1956 -0.124 0.9566 -0.1764 Time: 193156225591078
Position: 63.38 -80.87 -664.23 Orientation: 0.1962 -0.124 0.9565 -0.1764 Time: 193156322580038
Position: 63.38 -80.87 -664.25 Orientation: 0.1964 -0.1241 0.9564 -0.1765 Time: 193156386563152
Position: 63.4 -80.88 -664.22 Orientation: 0.1953 -0.124 0.9567 -0.1764 Time: 193156482623655
Position: 63.38 -80.87 -664.23 Orientation: 0.1962 -0.124 0.9565 -0.1765 Time: 193156546675206
Position: 63.38 -80.88 -664.23 Orientation: 0.196 -0.124 0.9565 -0.1764 Time: 193156642603968
Position: 63.38 -80.88 -664.24 Orientation: 0.196 -0.1241 0.9565 -0.1765 Time: 193156706605902
Position: 63.4 -80.88 -664.23 Orientation: 0.1955 -0.124 0.9566 -0.1764 Time: 193156802588273
Position: 63.39 -80.88 -664.24 Orientation: 0.1962 -0.124 0.9565 -0.1765 Time: 193156866624426
Position: 63.4 -80.89 -664.21 Orientation: 0.1952 -0.1239 0.9567 -0.1763 Time: 193156930602978
Position: 63.39 -80.87 -664.22 Orientation: 0.1958 -0.124 0.9566 -0.1764 Time: 193157027593078
Position: 63.39 -80.88 -664.23 Orientation: 0.1956 -0.124 0.9566 -0.1764 Time: 193157091546536
Position: 63.38 -80.88 -664.24 Orientation: 0.1962 -0.124 0.9565 -0.1764 Time: 193157187578523
Position: 63.39 -80.87 -664.22 Orientation: 0.1955 -0.1241 0.9566 -0.1764 Time: 193157251590153
Position: 63.39 -80.88 -664.24 Orientation: 0.1959 -0.124 0.9566 -0.1764 Time: 193157315657673
Position: 63.38 -80.87 -664.23 Orientation: 0.1961 -0.124 0.9565 -0.1764 Time: 193157411576169
Position: 63.38 -80.88 -664.22 Orientation: 0.196 -0.1239 0.9565 -0.1764 Time: 193157475543315
Position: 63.38 -80.88 -664.22 Orientation: 0.196 -0.124 0.9565 -0.1764 Time: 193157571620927
Position: 63.39 -80.87 -664.22 Orientation: 0.1958 -0.124 0.9566 -0.1764 Time: 193157637045773
Position: 63.39 -80.88 -664.24 Orientation: 0.196 -0.124 0.9565 -0.1764 Time: 193157734679177
Position: 63.39 -80.87 -664.25 Orientation: 0.1961 -0.124 0.9565 -0.1764 Time: 193157798924632
Position: 63.39 -80.88 -664.22 Orientation: 0.1959 -0.124 0.9565 -0.1764 Time: 193157895575400
Position: 63.39 -80.87 -664.24 Orientation: 0.1963 -0.124 0.9564 -0.1765 Time: 193157959618397
Position: 63.38 -80.87 -664.24 Orientation: 0.1961 -0.1241 0.9565 -0.1764 Time: 193158055548870
Position: 63.39 -80.88 -664.23 Orientation: 0.1961 -0.124 0.9565 -0.1764 Time: 193158120571651
Position: 63.39 -80.88 -664.21 Orientation: 0.1955 -0.1239 0.9566 -0.1764 Time: 193158216557443
Position: 63.39 -80.87 -664.21 Orientation: 0.1954 -0.1239 0.9567 -0.1764 Time: 193158280641502
Position: 63.39 -80.88 -664.24 Orientation: 0.196 -0.1239 0.9565 -0.1764 Time: 193158376621591
Position: 63.4 -80.88 -664.2 Orientation: 0.1946 -0.1242 0.9568 -0.1764 Time: 193158441611865
Position: 63.39 -80.88 -664.22 Orientation: 0.1957 -0.1239 0.9566 -0.1764 Time: 193158537566290
Position: 63.4 -80.88 -664.22 Orientation: 0.1954 -0.124 0.9567 -0.1764 Time: 193158601634951
Position: 63.38 -80.87 -664.24 Orientation: 0.1963 -0.124 0.9564 -0.1765 Time: 193158697548885
Position: 63.38 -80.88 -664.24 Orientation: 0.1963 -0.124 0.9565 -0.1764 Time: 193158761677997
Position: 63.38 -80.88 -664.25 Orientation: 0.1965 -0.124 0.9564 -0.1764 Time: 193158857583947
Position: 63.38 -80.87 -664.26 Orientation: 0.1964 -0.124 0.9564 -0.1765 Time: 193158923598489
Position: 63.38 -80.87 -664.22 Orientation: 0.1961 -0.1239 0.9565 -0.1764 Time: 193159020586878
Position: 63.37 -80.87 -664.26 Orientation: 0.197 -0.1241 0.9563 -0.1765 Time: 193159116602326
Position: 63.38 -80.87 -664.24 Orientation: 0.1966 -0.1239 0.9564 -0.1765 Time: 193159181514468
Position: 63.38 -80.87 -664.24 Orientation: 0.1964 -0.1239 0.9565 -0.1764 Time: 193159277583525
Position: 63.38 -80.87 -664.25 Orientation: 0.1966 -0.124 0.9564 -0.1765 Time: 193159374547391
Position: 63.38 -80.88 -664.25 Orientation: 0.1965 -0.1239 0.9564 -0.1764 Time: 193159438564153
Position: 63.38 -80.88 -664.25 Orientation: 0.1966 -0.1238 0.9564 -0.1764 Time: 193159535544558
Position: 63.39 -80.88 -664.23 Orientation: 0.1955 -0.1239 0.9567 -0.1763 Time: 193159599541360
Position: 63.4 -80.88 -664.21 Orientation: 0.1951 -0.124 0.9567 -0.1763 Time: 193159695563082
Position: 63.39 -80.88 -664.23 Orientation: 0.1955 -0.1239 0.9567 -0.1763 Time: 193159759558173
Position: 63.38 -80.88 -664.25 Orientation: 0.1965 -0.124 0.9564 -0.1765 Time: 193159856616709
Position: 63.38 -80.88 -664.24 Orientation: 0.1959 -0.124 0.9565 -0.1764 Time: 193159920543364
Position: 63.39 -80.87 -664.24 Orientation: 0.1959 -0.124 0.9565 -0.1764 Time: 193160017556846
Position: 63.39 -80.87 -664.24 Orientation: 0.1963 -0.1239 0.9565 -0.1765 Time: 193160082501495
Position: 63.38 -80.88 -664.24 Orientation: 0.1963 -0.1239 0.9565 -0.1764 Time: 193160178545459
Position: 63.39 -80.87 -664.22 Orientation: 0.1962 -0.124 0.9565 -0.1764 Time: 193160274583719
Position: 63.38 -80.88 -664.25 Orientation: 0.1966 -0.1238 0.9564 -0.1764 Time: 193160338509233
Position: 63.39 -80.88 -664.23 Orientation: 0.1959 -0.124 0.9566 -0.1764 Time: 193160434526963
Position: 63.38 -80.88 -664.24 Orientation: 0.1964 -0.124 0.9565 -0.1764 Time: 193160498623568
Position: 63.37 -80.87 -664.27 Orientation: 0.1972 -0.1242 0.9562 -0.1766 Time: 193160594515260
Position: 63.38 -80.88 -664.23 Orientation: 0.1961 -0.124 0.9565 -0.1764 Time: 193160658488109
Position: 63.39 -80.88 -664.22 Orientation: 0.1955 -0.1239 0.9566 -0.1764 Time: 193160755574591
Position: 63.39 -80.88 -664.22 Orientation: 0.1956 -0.124 0.9566 -0.1764 Time: 193160819539455
Position: 63.38 -80.88 -664.24 Orientation: 0.1963 -0.124 0.9565 -0.1765 Time: 193160917607432
Position: 63.39 -80.88 -664.22 Orientation: 0.1955 -0.1241 0.9566 -0.1764 Time: 193161013500835
Position: 63.38 -80.88 -664.23 Orientation: 0.1961 -0.1239 0.9565 -0.1764 Time: 193161077596300
Position: 63.39 -80.88 -664.24 Orientation: 0.1961 -0.1238 0.9565 -0.1764 Time: 193161173639693
Position: 63.39 -80.88 -664.23 Orientation: 0.1962 -0.1239 0.9565 -0.1764 Time: 193161237493348
Position: 63.38 -80.88 -664.24 Orientation: 0.1963 -0.1239 0.9565 -0.1764 Time: 193161303563210
Position: 63.39 -80.88 -664.22 Orientation: 0.1954 -0.1239 0.9567 -0.1763 Time: 193161399575236
Position: 63.39 -80.88 -664.22 Orientation: 0.1956 -0.124 0.9566 -0.1764 Time: 193161463569757
Position: 63.39 -80.88 -664.23 Orientation: 0.1959 -0.124 0.9565 -0.1764 Time: 193161559492816
Position: 63.39 -80.88 -664.26 Orientation: 0.1963 -0.1241 0.9564 -0.1765 Time: 193161624545823
Position: 63.39 -80.88 -664.24 Orientation: 0.1959 -0.1239 0.9566 -0.1764 Time: 193161720500248
Position: 63.38 -80.88 -664.24 Orientation: 0.1964 -0.124 0.9564 -0.1765 Time: 193161817506317
Position: 63.39 -80.88 -664.23 Orientation: 0.1958 -0.124 0.9566 -0.1764 Time: 193161945501061
Position: 63.38 -80.88 -664.22 Orientation: 0.1961 -0.1238 0.9565 -0.1764 Time: 193162073480977
Position: 63.38 -80.87 -664.24 Orientation: 0.1963 -0.124 0.9565 -0.1765 Time: 193162201543017
Position: 63.39 -80.88 -664.23 Orientation: 0.1956 -0.124 0.9566 -0.1764 Time: 193162298490915
Position: 63.38 -80.88 -664.26 Orientation: 0.1964 -0.1242 0.9564 -0.1765 Time: 193162362767166
Position: 63.39 -80.88 -664.25 Orientation: 0.1961 -0.1241 0.9565 -0.1764 Time: 193162458642890
Position: 63.39 -80.88 -664.24 Orientation: 0.196 -0.1241 0.9565 -0.1764 Time: 193162523538493
Position: 63.38 -80.88 -664.25 Orientation: 0.1963 -0.124 0.9565 -0.1764 Time: 193162620705958
Position: 63.39 -80.88 -664.22 Orientation: 0.1956 -0.1239 0.9566 -0.1764 Time: 193162684642877
Position: 63.38 -80.87 -664.25 Orientation: 0.1966 -0.1241 0.9564 -0.1765 Time: 193162781525760
Position: 63.37 -80.87 -664.27 Orientation: 0.1975 -0.1241 0.9562 -0.1765 Time: 193162877501857
Position: 63.39 -80.88 -664.25 Orientation: 0.196 -0.1242 0.9565 -0.1764 Time: 193162942505818
Position: 63.38 -80.88 -664.23 Orientation: 0.1963 -0.124 0.9564 -0.1765 Time: 193163007532591
Position: 63.38 -80.88 -664.23 Orientation: 0.1962 -0.124 0.9565 -0.1764 Time: 193163103488728
Position: 63.38 -80.88 -664.25 Orientation: 0.1966 -0.124 0.9564 -0.1764 Time: 193163200487382
Position: 63.39 -80.88 -664.23 Orientation: 0.1963 -0.1239 0.9565 -0.1764 Time: 193163264449966
Position: 63.39 -80.88 -664.26 Orientation: 0.1963 -0.1241 0.9564 -0.1765 Time: 193163360521874
Position: 63.39 -80.88 -664.24 Orientation: 0.1964 -0.124 0.9564 -0.1765 Time: 193163424422865
Position: 63.39 -80.87 -664.24 Orientation: 0.1961 -0.124 0.9565 -0.1765 Time: 193163520504469
Position: 63.39 -80.88 -664.22 Orientation: 0.1952 -0.124 0.9567 -0.1764 Time: 193163584510966
Position: 63.38 -80.88 -664.22 Orientation: 0.1961 -0.1239 0.9565 -0.1764 Time: 193163680442579
Position: 63.39 -80.88 -664.24 Orientation: 0.1955 -0.1242 0.9566 -0.1764 Time: 193163744554583
Position: 63.39 -80.88 -664.23 Orientation: 0.1959 -0.1239 0.9566 -0.1764 Time: 193163840428025
Position: 63.39 -80.88 -664.22 Orientation: 0.1954 -0.124 0.9567 -0.1764 Time: 193163904447639
Position: 63.39 -80.88 -664.24 Orientation: 0.1961 -0.124 0.9565 -0.1764 Time: 193164000456814
