Position: 133.85 119.88 -800.57 Orientation: 0.1797 -0.3727 0.8363 -0.3596 Time: 194030541236775
Position: 94.7 -230.59 -738.04 Orientation: 0.2708 0.175 0.9417 0.0957 Time: 194030607146951
Position: 94.71 -230.58 -738.03 Orientation: 0.2698 0.1752 0.942 0.0954 Time: 194030673149516
Position: 94.69 -230.58 -738.01 Orientation: 0.2708 0.1749 0.9417 0.0956 Time: 194030772171043
Position: 94.69 -230.58 -738.05 Orientation: 0.2704 0.1748 0.9419 0.0954 Time: 194030837122536
Position: 94.69 -230.59 -738.05 Orientation: 0.271 0.1748 0.9416 0.0957 Time: 194030935167130
Position: 94.7 -230.59 -738.05 Orientation: 0.2705 0.1752 0.9417 0.0956 Time: 194031000327355
Position: 94.69 -230.59 -738.03 Orientation: 0.2706 0.1751 0.9417 0.0956 Time: 194031099196040
Position: 94.7 -230.58 -738.04 Orientation: 0.2704 0.1752 0.9417 0.0956 Time: 194031197212690
Position: 94.7 -230.58 -738.03 Orientation: 0.2705 0.175 0.9418 0.0956 Time: 194031263151951
Position: 94.69 -230.58 -738.05 Orientation: 0.2706 0.1749 0.9417 0.0956 Time: 194031328217505
Position: 94.7 -230.59 -738.06 Orientation: 0.2709 0.1751 0.9416 0.0957 Time: 194031427214509
Position: 94.71 -230.58 -738.02 Orientation: 0.2698 0.1754 0.9419 0.0955 Time: 194031492284625
Position: 94.71 -230.58 -738.04 Orientation: 0.2697 0.1752 0.942 0.0954 Time: 194031590233408
Position: 94.69 -230.59 -738.05 Orientation: 0.2713 0.175 0.9415 0.0957 Time: 194031688236941
Position: 94.69 -230.58 -738.04 Orientation: 0.2711 0.1746 0.9417 0.0956 Time: 194031754290263
Position: 94.69 -230.59 -738.05 Orientation: 0.2707 0.175 0.9417 0.0956 Time: 194031853142410
Position: 94.7 -230.59 -738.04 Orientation: 0.2703 0.1753 0.9418 0.0956 Time: 194031951240613
Position: 94.69 -230.58 -738.05 Orientation: 0.2712 0.1749 0.9416 0.0957 Time: 194032017186148
Position: 94.69 -230.58 -738.03 Orientation: 0.2704 0.1751 0.9418 0.0956 Time: 194032115136642
Position: 94.7 -230.59 -738.04 Orientation: 0.2705 0.1753 0.9417 0.0957 Time: 194032180179383
Position: 94.69 -230.59 -738.05 Orientation: 0.2711 0.175 0.9416 0.0957 Time: 194032245141712
Position: 94.7 -230.58 -738.04 Orientation: 0.2707 0.1748 0.9417 0.0955 Time: 194032342132952
Position: 94.71 -230.57 -738 Orientation: 0.2697 0.1756 0.9419 0.0955 Time: 194032408127533
Position: 94.71 -230.58 -738.03 Orientation: 0.2698 0.1751 0.942 0.0954 Time: 194032472155702
Position: 94.7 -230.59 -738.05 Orientation: 0.2707 0.1752 0.9417 0.0957 Time: 194032569185153
Position: 94.7 -230.58 -738.03 Orientation: 0.2699 0.1751 0.9419 0.0954 Time: 194032635142094
Position: 94.7 -230.58 -738.02 Orientation: 0.2701 0.1752 0.9419 0.0955 Time: 194032700158601
Position: 94.7 -230.59 -738.07 Orientation: 0.2707 0.175 0.9417 0.0956 Time: 194032797105358
Position: 94.7 -230.58 -738.02 Orientation: 0.27 0.1753 0.9419 0.0955 Time: 194032861154058
Position: 94.69 -230.58 -738.03 Orientation: 0.2708 0.175 0.9417 0.0956 Time: 194032959268229
Position: 94.69 -230.59 -738.04 Orientation: 0.2709 0.1751 0.9416 0.0957 Time: 194033024166113
Position: 94.7 -230.58 -738.03 Orientation: 0.2705 0.1753 0.9417 0.0956 Time: 194033121182448
Position: 94.7 -230.58 -738.02 Orientation: 0.2705 0.1752 0.9417 0.0956 Time: 194033187147373
Position: 94.69 -230.59 -738.07 Orientation: 0.2709 0.175 0.9416 0.0957 Time: 194033285106421
Position: 94.69 -230.59 -738.06 Orientation: 0.2715 0.175 0.9414 0.0959 Time: 194033350209615
Position: 94.7 -230.59 -738.05 Orientation: 0.2705 0.1748 0.9418 0.0955 Time: 194033449183807
Position: 94.69 -230.58 -738.04 Orientation: 0.2708 0.1748 0.9417 0.0955 Time: 194033514129026
Position: 94.69 -230.59 -738.05 Orientation: 0.2707 0.1749 0.9417 0.0956 Time: 194033613136866
Position: 94.69 -230.59 -738.05 Orientation: 0.2712 0.175 0.9415 0.0958 Time: 194033678181889
Position: 94.69 -230.58 -738.03 Orientation: 0.2702 0.1752 0.9418 0.0955 Time: 194033775101271
Position: 94.69 -230.58 -738.04 Orientation: 0.2704 0.1751 0.9418 0.0955 Time: 194033839160807
Position: 94.69 -230.58 -738.03 Orientation: 0.2706 0.1749 0.9417 0.0956 Time: 194033938065992
Position: 94.7 -230.58 -738.04 Orientation: 0.2705 0.1752 0.9417 0.0956 Time: 194034002189401
Position: 94.69 -230.58 -738.04 Orientation: 0.2707 0.175 0.9417 0.0956 Time: 194034099164673
Position: 94.7 -230.59 -738.04 Orientation: 0.2708 0.175 0.9417 0.0956 Time: 194034163126687
Position: 94.7 -230.58 -738.04 Orientation: 0.2706 0.1752 0.9417 0.0956 Time: 194034259118182
Position: 94.69 -230.59 -738.05 Orientation: 0.2708 0.1752 0.9416 0.0957 Time: 194034323171444
Position: 94.69 -230.59 -738.04 Orientation: 0.2707 0.1752 0.9417 0.0957 Time: 194034420087404
Position: 94.69 -230.58 -738.03 Orientation: 0.2707 0.1751 0.9417 0.0957 Time: 194034484124698
Position: 94.69 -230.59 -738.04 Orientation: 0.2708 0.1749 0.9417 0.0957 Time: 194034580168662
Position: 94.7 -230.57 -738.02 Orientation: 0.27 0.1752 0.9419 0.0954 Time: 194034645059132
Position: 94.7 -230.58 -738.03 Orientation: 0.27 0.1752 0.9419 0.0955 Time: 194034741118494
Position: 94.69 -230.58 -738.04 Orientation: 0.2707 0.1749 0.9417 0.0956 Time: 194034805086210
Position: 94.69 -230.58 -738.05 Orientation: 0.2709 0.1751 0.9416 0.0957 Time: 194034902163566
Position: 94.71 -230.57 -738 Orientation: 0.2693 0.1755 0.9421 0.0953 Time: 194034966109041
Position: 94.69 -230.59 -738.06 Orientation: 0.2712 0.1749 0.9416 0.0957 Time: 194035062118216
Position: 94.7 -230.58 -738.03 Orientation: 0.27 0.1749 0.9419 0.0953 Time: 194035158059525
Position: 94.7 -230.58 -738.04 Orientation: 0.2703 0.1752 0.9418 0.0955 Time: 194035222155559
Position: 94.69 -230.59 -738.05 Orientation: 0.2708 0.175 0.9417 0.0956 Time: 194035318101431
Position: 94.7 -230.58 -738.04 Orientation: 0.2705 0.1749 0.9418 0.0955 Time: 194035382132451
Position: 94.69 -230.58 -738.04 Orientation: 0.2706 0.1753 0.9417 0.0957 Time: 194035479123691
Position: 94.68 -230.58 -738.03 Orientation: 0.2707 0.175 0.9417 0.0956 Time: 194035543062322
Position: 94.7 -230.59 -738.04 Orientation: 0.2705 0.1752 0.9417 0.0956 Time: 194035639078911
Position: 94.69 -230.59 -738.08 Orientation: 0.271 0.1749 0.9416 0.0957 Time: 194035735105195
Position: 94.69 -230.57 -737.99 Orientation: 0.2702 0.1754 0.9418 0.0956 Time: 194035832086170
Position: 94.7 -230.58 -738.03 Orientation: 0.2707 0.1751 0.9417 0.0957 Time: 194035960129961
Position: 94.7 -230.58 -738.04 Orientation: 0.2704 0.175 0.9418 0.0955 Time: 194036056108339
Position: 94.69 -230.59 -738.06 Orientation: 0.2714 0.1749 0.9415 0.0958 Time: 194036184127606
Position: 94.7 -230.58 -738.03 Orientation: 0.27 0.1751 0.9419 0.0954 Time: 194036312106952
Position: 94.69 -230.58 -738.05 Orientation: 0.271 0.1748 0.9416 0.0956 Time: 194036376030185
Position: 94.69 -230.59 -738.06 Orientation: 0.2711 0.1749 0.9416 0.0957 Time: 194036472155132
Position: 94.7 -230.59 -738.04 Orientation: 0.27 0.1753 0.9419 0.0955 Time: 194036568208220
Position: 94.7 -230.58 -738.03 Orientation: 0.2703 0.1753 0.9418 0.0956 Time: 194036666153011
Position: 94.7 -230.58 -738.04 Orientation: 0.2705 0.1752 0.9417 0.0956 Time: 194036730021494
Position: 94.7 -230.58 -738.03 Orientation: 0.2705 0.1751 0.9417 0.0956 Time: 194036826109942
Position: 94.69 -230.59 -738.05 Orientation: 0.2707 0.1751 0.9417 0.0957 Time: 194036922129382
Position: 94.7 -230.58 -738.03 Orientation: 0.2705 0.1749 0.9418 0.0955 Time: 194037004016089
Position: 94.7 -230.58 -738.03 Orientation: 0.2705 0.1752 0.9417 0.0956 Time: 194037100064615
Position: 94.7 -230.58 -738.01 Orientation: 0.2699 0.1754 0.9419 0.0955 Time: 194037165025803
Position: 94.69 -230.59 -738.06 Orientation: 0.2713 0.1748 0.9415 0.0957 Time: 194037261062923
Position: 94.69 -230.58 -738.04 Orientation: 0.2707 0.1752 0.9417 0.0957 Time: 194037325059154
Position: 94.7 -230.58 -738.04 Orientation: 0.2702 0.1753 0.9418 0.0955 Time: 194037421014150
Position: 94.69 -230.58 -738.03 Orientation: 0.2705 0.1753 0.9417 0.0956 Time: 194037486097384
Position: 94.69 -230.59 -738.04 Orientation: 0.271 0.1752 0.9416 0.0958 Time: 194037582178988
Position: 94.7 -230.58 -738.02 Orientation: 0.2702 0.175 0.9419 0.0954 Time: 194037646132446
Position: 94.69 -230.59 -738.06 Orientation: 0.2708 0.1749 0.9417 0.0956 Time: 194037742061208
Position: 94.7 -230.58 -738.04 Orientation: 0.2704 0.1754 0.9417 0.0956 Time: 194037839047886
Position: 94.69 -230.58 -738.04 Orientation: 0.2709 0.175 0.9416 0.0957 Time: 194037904078651
Position: 94.7 -230.58 -738.04 Orientation: 0.2704 0.1751 0.9418 0.0956 Time: 194038000096951
Position: 94.69 -230.58 -738.02 Orientation: 0.2704 0.175 0.9418 0.0955 Time: 194038064050410
Position: 94.71 -230.58 -738.04 Orientation: 0.2697 0.1753 0.942 0.0954 Time: 194038128072875
Position: 94.71 -230.57 -738.01 Orientation: 0.2698 0.1753 0.9419 0.0954 Time: 194038224120831
Position: 94.7 -230.58 -738.02 Orientation: 0.2704 0.1751 0.9418 0.0955 Time: 194038288054329
Position: 94.69 -230.59 -738.05 Orientation: 0.271 0.1751 0.9416 0.0958 Time: 194038384022442
Position: 94.69 -230.58 -738.04 Orientation: 0.2707 0.1749 0.9417 0.0956 Time: 194038448010689
Position: 94.69 -230.59 -738.04 Orientation: 0.2706 0.1751 0.9417 0.0956 Time: 194038512035436
Position: 94.7 -230.58 -738.03 Orientation: 0.2703 0.1751 0.9418 0.0955 Time: 194038608055447
Position: 94.68 -230.59 -738.06 Orientation: 0.2715 0.1748 0.9415 0.0958 Time: 194038672004343
Position: 94.71 -230.58 -738.03 Orientation: 0.2702 0.1751 0.9418 0.0955 Time: 194038768053439
Position: 94.69 -230.58 -738.02 Orientation: 0.2707 0.1749 0.9417 0.0956 Time: 194038832074194
Position: 94.71 -230.58 -738.04 Orientation: 0.2698 0.1752 0.9419 0.0954 Time: 194038896094378
Position: 94.69 -230.59 -738.07 Orientation: 0.2711 0.175 0.9416 0.0957 Time: 194038992056788
Position: 94.7 -230.59 -738.05 Orientation: 0.2708 0.1749 0.9417 0.0956 Time: 194039056036481
Position: 94.7 -230.58 -738.04 Orientation: 0.2702 0.175 0.9419 0.0955 Time: 194039120020165
Position: 94.7 -230.59 -738.04 Orientation: 0.2704 0.1753 0.9417 0.0956 Time: 194039216027630
Position: 94.67 -230.59 -738.05 Orientation: 0.2717 0.1745 0.9415 0.0958 Time: 194039312141171
Position: 94.69 -230.59 -738.05 Orientation: 0.2708 0.1752 0.9416 0.0957 Time: 194039440030978
Position: 94.69 -230.59 -738.06 Orientation: 0.2711 0.175 0.9416 0.0957 Time: 194039536084637
Position: 94.7 -230.58 -738.05 Orientation: 0.2705 0.1749 0.9418 0.0955 Time: 194039632055032
Position: 94.69 -230.59 -738.04 Orientation: 0.2711 0.175 0.9416 0.0957 Time: 194039728041965
Position: 94.69 -230.58 -738.03 Orientation: 0.2707 0.1751 0.9417 0.0956 Time: 194039824062546
Position: 94.69 -230.59 -738.06 Orientation: 0.2708 0.1749 0.9417 0.0956 Time: 194039888027411
Position: 94.69 -230.58 -738.03 Orientation: 0.2707 0.1754 0.9416 0.0957 Time: 194039984030312
Position: 94.69 -230.59 -738.06 Orientation: 0.2707 0.175 0.9417 0.0956 Time: 194040047996318
Position: 94.7 -230.58 -738.03 Orientation: 0.2702 0.1754 0.9418 0.0956 Time: 194040112042166
Position: 94.69 -230.58 -738.03 Orientation: 0.271 0.1748 0.9417 0.0956 Time: 194040208037653
Position: 94.69 -230.58 -738.03 Orientation: 0.2706 0.1753 0.9417 0.0957 Time: 194040272025900
Position: 94.71 -230.58 -738.02 Orientation: 0.2696 0.1754 0.942 0.0954 Time: 194040336070608
Position: 94.71 -230.58 -738.03 Orientation: 0.2699 0.1752 0.9419 0.0954 Time: 194040432086056
Position: 94.7 -230.58 -738.03 Orientation: 0.2704 0.1751 0.9418 0.0955 Time: 194040496036663
Position: 94.7 -230.57 -738.01 Orientation: 0.2701 0.1752 0.9419 0.0955 Time: 194040592041276
Position: 94.69 -230.59 -738.06 Orientation: 0.2713 0.1751 0.9415 0.0958 Time: 194040656005570
Position: 94.68 -230.59 -738.06 Orientation: 0.2715 0.1749 0.9415 0.0959 Time: 194040719983552
Position: 94.71 -230.58 -738.03 Orientation: 0.2699 0.1752 0.9419 0.0954 Time: 194040815998430
Position: 94.7 -230.58 -738.03 Orientation: 0.2703 0.1753 0.9418 0.0956 Time: 194040880006068
