Position: -31.89 40.82 -1177.11 Orientation: 0.077 0.0985 0.0404 0.9913 Time: 31787705869638
Position: -31.89 40.82 -1177.08 Orientation: 0.0767 0.0983 0.0403 0.9913 Time: 31787897872020
Position: -31.91 40.85 -1177.12 Orientation: 0.0774 0.1003 0.0409 0.991 Time: 31788118890391
Position: -31.88 40.82 -1177.08 Orientation: 0.0771 0.0976 0.0401 0.9914 Time: 31788341874604
Position: -31.91 40.84 -1177.12 Orientation: 0.0777 0.0992 0.0405 0.9911 Time: 31788529852912
Position: -31.88 40.83 -1177.07 Orientation: 0.0773 0.0975 0.0401 0.9914 Time: 31788750910634
Position: -31.89 40.83 -1177.11 Orientation: 0.077 0.0991 0.0405 0.9912 Time: 31789004961085
Position: -31.88 40.82 -1177.06 Orientation: 0.0776 0.0972 0.0399 0.9914 Time: 31789224824588
Position: -31.9 40.83 -1177.15 Orientation: 0.077 0.099 0.0404 0.9912 Time: 31789443885101
Position: -31.93 40.85 -1177.2 Orientation: 0.0772 0.1009 0.041 0.991 Time: 31789629848521
Position: -31.93 40.84 -1177.15 Orientation: 0.0767 0.1012 0.0411 0.991 Time: 31789846818295
Position: -31.93 40.84 -1177.14 Orientation: 0.0766 0.1014 0.0412 0.991 Time: 31790032867831
Position: -31.91 40.82 -1177.1 Orientation: 0.0766 0.0995 0.0406 0.9912 Time: 31790218824977
Position: -31.91 40.83 -1177.11 Orientation: 0.0771 0.0988 0.0404 0.9912 Time: 31790467799140
Position: -31.9 40.82 -1177.1 Orientation: 0.0768 0.0991 0.0405 0.9912 Time: 31790717841485
Position: -31.91 40.83 -1177.11 Orientation: 0.0769 0.0994 0.0406 0.9912 Time: 31790966878382
Position: -31.9 40.82 -1177.11 Orientation: 0.0772 0.0991 0.0405 0.9912 Time: 31791217841200
Position: -31.91 40.83 -1177.12 Orientation: 0.0769 0.0999 0.0407 0.9911 Time: 31791465861243
Position: -31.95 40.85 -1177.18 Orientation: 0.0768 0.1031 0.0417 0.9908 Time: 31791715877925
Position: -31.92 40.82 -1177.09 Orientation: 0.0767 0.1011 0.0411 0.991 Time: 31791996814274
Position: -31.93 40.84 -1177.13 Orientation: 0.0771 0.1008 0.041 0.991 Time: 31792244793826
Position: -31.9 40.81 -1177.1 Orientation: 0.077 0.0992 0.0405 0.9912 Time: 31792493795364
Position: -31.91 40.82 -1177.09 Orientation: 0.0768 0.0998 0.0407 0.9911 Time: 31792711812789
Position: -31.9 40.82 -1177.12 Orientation: 0.0769 0.1003 0.0408 0.9911 Time: 31792960782960
Position: -31.9 40.81 -1177.08 Orientation: 0.0765 0.0994 0.0406 0.9912 Time: 31793177813757
Position: -31.91 40.79 -1177.07 Orientation: 0.0764 0.1 0.0407 0.9912 Time: 31793427778541
Position: -31.92 40.84 -1177.16 Orientation: 0.0773 0.1012 0.0411 0.9909 Time: 31793647754394
Position: -31.9 40.82 -1177.09 Orientation: 0.0773 0.0986 0.0404 0.9912 Time: 31793895797249
Position: -31.9 40.82 -1177.1 Orientation: 0.0774 0.0986 0.0404 0.9912 Time: 31794113781597
Position: -31.9 40.82 -1177.08 Orientation: 0.077 0.0991 0.0405 0.9912 Time: 31794362787127
Position: -31.91 40.81 -1177.1 Orientation: 0.0764 0.1004 0.0408 0.9911 Time: 31794581763805
Position: -31.88 40.8 -1177.05 Orientation: 0.0767 0.0977 0.0401 0.9914 Time: 31794829847722
Position: -31.91 40.82 -1177.15 Orientation: 0.0773 0.0994 0.0406 0.9911 Time: 31795047742532
Position: -31.92 40.83 -1177.18 Orientation: 0.0771 0.1007 0.041 0.991 Time: 31795264765345
Position: -31.91 40.82 -1177.09 Orientation: 0.0769 0.1001 0.0408 0.9911 Time: 31795482719466
Position: -31.92 40.82 -1177.12 Orientation: 0.0767 0.1007 0.0409 0.991 Time: 31795731752371
Position: -31.9 40.81 -1177.11 Orientation: 0.0769 0.099 0.0405 0.9912 Time: 31795948771191
Position: -31.92 40.82 -1177.15 Orientation: 0.0767 0.1007 0.0409 0.9911 Time: 31796166726453
Position: -31.91 40.82 -1177.13 Orientation: 0.0767 0.1003 0.0408 0.9911 Time: 31796383761813
Position: -31.87 40.8 -1177.08 Orientation: 0.0771 0.0972 0.04 0.9914 Time: 31796600742423
Position: -31.9 40.82 -1177.09 Orientation: 0.077 0.0996 0.0407 0.9912 Time: 31796849750805
Position: -31.91 40.84 -1177.16 Orientation: 0.0777 0.0995 0.0406 0.9911 Time: 31797098724968
Position: -31.91 40.82 -1177.1 Orientation: 0.0769 0.1006 0.0409 0.991 Time: 31797315712992
Position: -31.9 40.82 -1177.11 Orientation: 0.0773 0.0989 0.0404 0.9912 Time: 31797565226664
Position: -31.88 40.8 -1177.07 Orientation: 0.0772 0.0975 0.04 0.9914 Time: 31797782816931
Position: -31.93 40.82 -1177.12 Orientation: 0.0766 0.1008 0.0409 0.991 Time: 31798000699194
Position: -31.91 40.82 -1177.12 Orientation: 0.0769 0.1001 0.0408 0.9911 Time: 31798217725999
Position: -31.91 40.82 -1177.13 Orientation: 0.077 0.1 0.0407 0.9911 Time: 31798434748811
Position: -31.92 40.83 -1177.19 Orientation: 0.0771 0.1009 0.041 0.991 Time: 31798653726060
Position: -31.9 40.81 -1177.09 Orientation: 0.0769 0.0992 0.0406 0.9912 Time: 31798871717822
Position: -31.88 40.8 -1177.06 Orientation: 0.0773 0.0977 0.0401 0.9913 Time: 31799089682208
Position: -31.91 40.83 -1177.15 Orientation: 0.0772 0.0997 0.0406 0.9911 Time: 31799307664845
Position: -31.91 40.81 -1177.15 Orientation: 0.0769 0.0998 0.0406 0.9911 Time: 31799527681190
Position: -31.92 40.82 -1177.12 Orientation: 0.077 0.1002 0.0407 0.9911 Time: 31799745666678
Position: -31.9 40.8 -1177.03 Orientation: 0.0766 0.0989 0.0404 0.9913 Time: 31799996730440
Position: -31.91 40.81 -1177.09 Orientation: 0.0769 0.0997 0.0406 0.9912 Time: 31800217698624
Position: -31.9 40.82 -1177.11 Orientation: 0.0771 0.0996 0.0406 0.9911 Time: 31800438702167
Position: -31.91 40.82 -1177.15 Orientation: 0.0767 0.1006 0.041 0.9911 Time: 31800660696901
Position: -31.91 40.82 -1177.11 Orientation: 0.0771 0.0993 0.0405 0.9912 Time: 31800885684026
Position: -31.92 40.82 -1177.17 Orientation: 0.0765 0.1011 0.041 0.991 Time: 31801109636618
Position: -31.88 40.8 -1177.04 Orientation: 0.0768 0.098 0.0401 0.9913 Time: 31801333650803
Position: -31.94 40.83 -1177.18 Orientation: 0.0767 0.102 0.0413 0.9909 Time: 31801558645912
Position: -31.9 40.81 -1177.1 Orientation: 0.0774 0.0987 0.0403 0.9912 Time: 31801753694294
Position: -31.9 40.81 -1177.13 Orientation: 0.0766 0.1001 0.0408 0.9911 Time: 31802013666794
Position: -31.9 40.81 -1177.1 Orientation: 0.0771 0.0989 0.0404 0.9912 Time: 31802237710635
Position: -31.9 40.82 -1177.13 Orientation: 0.0772 0.0992 0.0405 0.9912 Time: 31802462647573
Position: -31.93 40.83 -1177.16 Orientation: 0.0769 0.1017 0.0413 0.9909 Time: 31802686707952
Position: -31.92 40.83 -1177.17 Orientation: 0.0772 0.1004 0.0409 0.991 Time: 31802910637732
Position: -31.93 40.83 -1177.17 Orientation: 0.0767 0.1017 0.0412 0.9909 Time: 31803135741200
Position: -31.88 40.8 -1177.14 Orientation: 0.0774 0.0971 0.04 0.9914 Time: 31803328642952
Position: -31.91 40.81 -1177.11 Orientation: 0.0766 0.0997 0.0406 0.9912 Time: 31803552633184
Position: -31.88 40.8 -1177.1 Orientation: 0.0768 0.0983 0.0403 0.9913 Time: 31803776617713
Position: -31.88 40.81 -1177.1 Orientation: 0.0774 0.0976 0.0401 0.9913 Time: 31804000652429
Position: -31.89 40.8 -1177.11 Orientation: 0.0769 0.0978 0.0401 0.9914 Time: 31804224639239
Position: -31.93 40.83 -1177.17 Orientation: 0.0772 0.1008 0.0409 0.991 Time: 31804448657986
Position: -31.93 40.83 -1177.15 Orientation: 0.0768 0.1014 0.0412 0.991 Time: 31804672641944
Position: -31.9 40.8 -1177.11 Orientation: 0.0767 0.0989 0.0404 0.9913 Time: 31804896639020
Position: -31.9 40.81 -1177.17 Orientation: 0.0774 0.099 0.0405 0.9912 Time: 31805121632418
Position: -31.92 40.81 -1177.11 Orientation: 0.0762 0.1007 0.0409 0.9911 Time: 31805377745663
Position: -31.93 40.82 -1177.17 Orientation: 0.0764 0.1017 0.0412 0.991 Time: 31805667808037
Position: -31.91 40.81 -1177.11 Orientation: 0.0769 0.0997 0.0406 0.9912 Time: 31805887599682
Position: -31.91 40.82 -1177.12 Orientation: 0.077 0.0999 0.0407 0.9911 Time: 31806107621730
Position: -31.92 40.83 -1177.17 Orientation: 0.0768 0.1012 0.0411 0.991 Time: 31806347587922
Position: -31.92 40.83 -1177.19 Orientation: 0.0774 0.1005 0.0409 0.991 Time: 31806569632843
Position: -31.93 40.81 -1177.15 Orientation: 0.076 0.1021 0.0413 0.991 Time: 31806822556370
Position: -31.87 40.8 -1177.05 Orientation: 0.0771 0.097 0.0399 0.9914 Time: 31807072616395
Position: -31.9 40.82 -1177.14 Orientation: 0.0773 0.099 0.0405 0.9912 Time: 31807326696501
Position: -31.92 40.82 -1177.11 Orientation: 0.0768 0.1001 0.0407 0.9911 Time: 31807577633655
Position: -31.91 40.81 -1177.14 Orientation: 0.0767 0.0996 0.0406 0.9912 Time: 31807889662476
Position: -31.87 40.81 -1177.1 Orientation: 0.0774 0.0971 0.0399 0.9914 Time: 31808170581717
Position: -31.9 40.8 -1177.11 Orientation: 0.077 0.0995 0.0405 0.9912 Time: 31808419588958
Position: -31.93 40.82 -1177.17 Orientation: 0.0766 0.1016 0.0412 0.991 Time: 31808636554740
Position: -31.91 40.82 -1177.13 Orientation: 0.0768 0.0998 0.0407 0.9911 Time: 31808886526367
Position: -31.91 40.81 -1177.09 Orientation: 0.0767 0.1 0.0407 0.9911 Time: 31809104562042
Position: -31.91 40.81 -1177.11 Orientation: 0.077 0.0996 0.0406 0.9912 Time: 31809322576616
Position: -31.9 40.8 -1177.11 Orientation: 0.0765 0.0997 0.0406 0.9912 Time: 31809540594041
Position: -31.92 40.82 -1177.13 Orientation: 0.0769 0.1 0.0407 0.9911 Time: 31809758584091
Position: -31.9 40.8 -1177.11 Orientation: 0.0769 0.0992 0.0405 0.9912 Time: 31810006513456
Position: -31.93 40.81 -1177.17 Orientation: 0.0769 0.1006 0.0408 0.9911 Time: 31810223549956
Position: -31.9 40.8 -1177.09 Orientation: 0.0766 0.0997 0.0406 0.9912 Time: 31810440583604
