Position: -84.18 -65.04 -1297.84 Orientation: -0.1666 0.0977 -0.0667 0.9788 Time: 31225557955273
Position: -84.19 -65.04 -1297.84 Orientation: -0.1669 0.0987 -0.0666 0.9787 Time: 31225781852545
Position: -84.16 -65.03 -1297.73 Orientation: -0.1668 0.0965 -0.0668 0.9789 Time: 31225974883757
Position: -84.15 -65.03 -1297.75 Orientation: -0.1668 0.0953 -0.0668 0.979 Time: 31226232961703
Position: -84.15 -65.03 -1297.76 Orientation: -0.1666 0.0954 -0.0668 0.9791 Time: 31226520112669
Position: -84.17 -65.04 -1297.84 Orientation: -0.1677 0.0963 -0.0668 0.9788 Time: 31226741872437
Position: -84.16 -65.03 -1297.82 Orientation: -0.1662 0.0953 -0.0668 0.9791 Time: 31226929871276
Position: -84.15 -65.04 -1297.79 Orientation: -0.1663 0.095 -0.0668 0.9791 Time: 31227134848102
Position: -84.16 -65.04 -1297.84 Orientation: -0.1669 0.0947 -0.0668 0.9791 Time: 31227351827001
Position: -84.2 -65.04 -1297.9 Orientation: -0.1663 0.0989 -0.0666 0.9788 Time: 31227540105289
Position: -84.17 -65.03 -1297.83 Orientation: -0.1674 0.0964 -0.0667 0.9788 Time: 31227951870230
Position: -84.21 -65.04 -1297.88 Orientation: -0.1673 0.0997 -0.0666 0.9785 Time: 31228265862042
Position: -84.18 -65.04 -1297.9 Orientation: -0.1669 0.0963 -0.0668 0.9789 Time: 31228547805551
Position: -84.17 -65.04 -1297.86 Orientation: -0.166 0.0957 -0.0668 0.9791 Time: 31228829800957
Position: -84.17 -65.04 -1297.81 Orientation: -0.1671 0.0965 -0.0667 0.9789 Time: 31229079780569
Position: -84.17 -65.04 -1297.8 Orientation: -0.1668 0.0959 -0.0668 0.979 Time: 31229328775834
Position: -84.19 -65.04 -1297.87 Orientation: -0.1673 0.0979 -0.0668 0.9787 Time: 31229577772239
Position: -84.17 -65.04 -1297.87 Orientation: -0.1671 0.0957 -0.0668 0.9789 Time: 31229857853701
Position: -84.17 -65.04 -1297.85 Orientation: -0.1666 0.0965 -0.0667 0.979 Time: 31230106888317
Position: -84.19 -65.04 -1297.93 Orientation: -0.1672 0.0981 -0.0667 0.9787 Time: 31230356859374
Position: -84.17 -65.04 -1297.8 Orientation: -0.1668 0.0961 -0.0668 0.9789 Time: 31230574783840
Position: -84.19 -65.04 -1297.89 Orientation: -0.1671 0.0979 -0.0666 0.9787 Time: 31230889799919
Position: -84.2 -65.05 -1297.92 Orientation: -0.1674 0.0986 -0.0666 0.9786 Time: 31231169807812
Position: -84.18 -65.04 -1297.91 Orientation: -0.1671 0.0967 -0.0667 0.9789 Time: 31231420758083
Position: -84.2 -65.05 -1297.95 Orientation: -0.1673 0.0985 -0.0666 0.9786 Time: 31231702874395
Position: -84.19 -65.04 -1297.95 Orientation: -0.1666 0.0979 -0.0667 0.9788 Time: 31231921764957
Position: -84.2 -65.05 -1297.88 Orientation: -0.1673 0.0982 -0.0668 0.9787 Time: 31232170784745
Position: -84.18 -65.04 -1297.89 Orientation: -0.1676 0.096 -0.0668 0.9788 Time: 31232418795663
Position: -84.19 -65.05 -1297.92 Orientation: -0.167 0.0981 -0.0667 0.9787 Time: 31232636778300
Position: -84.17 -65.04 -1297.93 Orientation: -0.1677 0.0955 -0.0668 0.9789 Time: 31232884754999
Position: -84.16 -65.03 -1297.87 Orientation: -0.1675 0.0953 -0.0668 0.9789 Time: 31233133743420
Position: -84.2 -65.04 -1297.97 Orientation: -0.1671 0.0985 -0.0666 0.9787 Time: 31233381798252
Position: -84.2 -65.04 -1297.93 Orientation: -0.167 0.0981 -0.0667 0.9787 Time: 31233603336171
Position: -84.2 -65.04 -1298 Orientation: -0.1669 0.0986 -0.0667 0.9787 Time: 31233852855546
Position: -84.2 -65.05 -1297.97 Orientation: -0.1669 0.098 -0.0667 0.9788 Time: 31234070108762
Position: -84.2 -65.04 -1297.95 Orientation: -0.1668 0.0978 -0.0667 0.9788 Time: 31234287803965
Position: -84.16 -65.04 -1297.9 Orientation: -0.1664 0.0952 -0.0667 0.9791 Time: 31234535768688
Position: -84.18 -65.05 -1297.94 Orientation: -0.1669 0.0974 -0.0667 0.9788 Time: 31234783773903
Position: -84.22 -65.05 -1298.09 Orientation: -0.1664 0.0987 -0.0667 0.9788 Time: 31235067580599
Position: -84.21 -65.04 -1298.01 Orientation: -0.1659 0.0991 -0.0665 0.9788 Time: 31235350686390
Position: -84.16 -65.04 -1297.93 Orientation: -0.1668 0.095 -0.0668 0.9791 Time: 31235570490011
Position: -84.15 -65.04 -1297.88 Orientation: -0.1673 0.0937 -0.0669 0.9791 Time: 31235852748899
Position: -84.19 -65.04 -1297.98 Orientation: -0.1663 0.0965 -0.0668 0.979 Time: 31236133714335
Position: -84.2 -65.05 -1297.99 Orientation: -0.1673 0.098 -0.0667 0.9787 Time: 31236350721179
Position: -84.14 -65.03 -1297.87 Orientation: -0.1665 0.093 -0.0669 0.9793 Time: 31236600675127
Position: -84.19 -65.05 -1297.9 Orientation: -0.1669 0.097 -0.0668 0.9788 Time: 31236851719498
Position: -84.22 -65.06 -1297.99 Orientation: -0.167 0.1002 -0.0666 0.9785 Time: 31237070061997
Position: -84.15 -65.04 -1297.91 Orientation: -0.1669 0.0928 -0.067 0.9792 Time: 31237389675308
Position: -84.18 -65.04 -1297.9 Orientation: -0.1674 0.0957 -0.0669 0.9789 Time: 31237638657455
Position: -84.18 -65.05 -1298 Orientation: -0.167 0.0966 -0.0667 0.9789 Time: 31237859663280
Position: -84.21 -65.05 -1297.99 Orientation: -0.1671 0.0991 -0.0667 0.9786 Time: 31238109721023
Position: -84.22 -65.04 -1298.02 Orientation: -0.1669 0.099 -0.0667 0.9787 Time: 31238364702212
Position: -84.19 -65.04 -1297.99 Orientation: -0.1667 0.0969 -0.0668 0.9789 Time: 31238656794302
Position: -84.21 -65.05 -1298.07 Orientation: -0.1663 0.0989 -0.0666 0.9788 Time: 31238911683101
Position: -84.22 -65.05 -1298.03 Orientation: -0.167 0.0992 -0.0666 0.9786 Time: 31239137695636
Position: -84.2 -65.04 -1298.02 Orientation: -0.1667 0.0974 -0.0668 0.9789 Time: 31239361708680
Position: -84.19 -65.04 -1297.94 Orientation: -0.1677 0.0979 -0.0666 0.9786 Time: 31239618734412
Position: -84.2 -65.05 -1298.08 Orientation: -0.1667 0.0979 -0.0667 0.9788 Time: 31239940667154
Position: -84.18 -65.05 -1298.06 Orientation: -0.1668 0.0948 -0.0669 0.9791 Time: 31240197672926
Position: -84.21 -65.05 -1298.08 Orientation: -0.1669 0.098 -0.0667 0.9788 Time: 31240422656059
Position: -84.16 -65.04 -1298.01 Orientation: -0.1668 0.0933 -0.0669 0.9792 Time: 31240678619313
Position: -84.2 -65.05 -1298.03 Orientation: -0.167 0.0975 -0.0668 0.9788 Time: 31240937651380
Position: -84.19 -65.04 -1298.01 Orientation: -0.1664 0.0964 -0.0668 0.979 Time: 31241161632487
Position: -84.18 -65.04 -1298.04 Orientation: -0.1673 0.0961 -0.0668 0.9789 Time: 31241385642109
Position: -84.2 -65.05 -1298.03 Orientation: -0.1668 0.0977 -0.0667 0.9788 Time: 31241641611636
Position: -84.2 -65.05 -1298.05 Orientation: -0.1667 0.098 -0.0667 0.9788 Time: 31241899597763
Position: -84.2 -65.04 -1298.07 Orientation: -0.1671 0.0968 -0.0668 0.9788 Time: 31242155606071
Position: -84.18 -65.04 -1298 Orientation: -0.1669 0.0956 -0.0668 0.979 Time: 31242379647631
Position: -84.2 -65.04 -1298.08 Orientation: -0.1669 0.0978 -0.0666 0.9788 Time: 31242603681206
Position: -84.21 -65.04 -1298.01 Orientation: -0.1671 0.0978 -0.0667 0.9787 Time: 31242828615863
Position: -84.18 -65.04 -1298.04 Orientation: -0.1664 0.0958 -0.0668 0.979 Time: 31243228685554
Position: -84.22 -65.05 -1298.16 Orientation: -0.1665 0.0985 -0.0667 0.9788 Time: 31243452621607
Position: -84.19 -65.04 -1298.04 Orientation: -0.1667 0.0965 -0.0668 0.9789 Time: 31243706624152
Position: -84.17 -65.04 -1298.04 Orientation: -0.1669 0.0958 -0.0667 0.979 Time: 31243929626615
Position: -84.19 -65.04 -1298.09 Orientation: -0.1664 0.0969 -0.0667 0.979 Time: 31244151638458
Position: -84.2 -65.05 -1298.14 Orientation: -0.1669 0.0978 -0.0667 0.9788 Time: 31244404593922
Position: -84.21 -65.05 -1298.14 Orientation: -0.1672 0.0984 -0.0666 0.9787 Time: 31244622668948
Position: -84.22 -65.05 -1298.11 Orientation: -0.1666 0.0993 -0.0666 0.9787 Time: 31244841607987
Position: -84.18 -65.04 -1298.02 Orientation: -0.1672 0.0961 -0.0667 0.9789 Time: 31245091722190
Position: -84.19 -65.05 -1298.07 Orientation: -0.1672 0.0966 -0.0668 0.9788 Time: 31245342612009
Position: -84.18 -65.04 -1298.02 Orientation: -0.1675 0.0965 -0.0667 0.9788 Time: 31245592584206
Position: -84.16 -65.04 -1298.02 Orientation: -0.1669 0.0938 -0.0668 0.9792 Time: 31245810583952
Position: -84.19 -65.04 -1298.1 Orientation: -0.1663 0.0962 -0.0668 0.979 Time: 31246059570092
Position: -84.18 -65.04 -1297.97 Orientation: -0.1672 0.0957 -0.0668 0.9789 Time: 31246307522839
Position: -84.18 -65.05 -1298.08 Orientation: -0.1676 0.0958 -0.0668 0.9789 Time: 31246527613323
Position: -84.23 -65.05 -1298.17 Orientation: -0.1674 0.0996 -0.0666 0.9785 Time: 31246775590023
Position: -84.19 -65.05 -1298.15 Orientation: -0.1667 0.0962 -0.0668 0.979 Time: 31246993548707
Position: -84.21 -65.05 -1298.12 Orientation: -0.1666 0.0976 -0.0668 0.9788 Time: 31247242543971
Position: -84.18 -65.05 -1298.17 Orientation: -0.1662 0.0947 -0.0669 0.9792 Time: 31247459598721
Position: -84.18 -65.05 -1298.06 Orientation: -0.1667 0.0958 -0.0668 0.979 Time: 31247711545316
Position: -84.19 -65.05 -1298.13 Orientation: -0.1668 0.0963 -0.0668 0.9789 Time: 31248027615890
Position: -84.21 -65.05 -1298.16 Orientation: -0.1668 0.097 -0.0667 0.9789 Time: 31248276565530
Position: -84.21 -65.05 -1298.16 Orientation: -0.1671 0.0986 -0.0667 0.9787 Time: 31248529542666
Position: -84.19 -65.04 -1298.12 Orientation: -0.1666 0.096 -0.0668 0.979 Time: 31248778540782
Position: -84.2 -65.05 -1298.15 Orientation: -0.1668 0.097 -0.0668 0.9789 Time: 31249027534906
Position: -84.19 -65.04 -1298.08 Orientation: -0.1668 0.0965 -0.0668 0.9789 Time: 31249275523582
Position: -84.21 -65.05 -1298.14 Orientation: -0.1672 0.0971 -0.0668 0.9788 Time: 31249523536211
Position: -84.2 -65.05 -1298.14 Orientation: -0.1671 0.0965 -0.0668 0.9789 Time: 31249741555347
Position: -84.23 -65.05 -1298.2 Orientation: -0.1667 0.0996 -0.0666 0.9786 Time: 31249991526404
Position: -84.2 -65.06 -1298.14 Orientation: -0.1673 0.0965 -0.0668 0.9788 Time: 31250240522810
