Position: -29.8 223.61 -1167.69 Orientation: -0.085 0.1062 -0.0424 0.9897 Time: 31725808765819
Position: -29.81 223.61 -1167.75 Orientation: -0.0851 0.1061 -0.0425 0.9897 Time: 31726025768101
Position: -29.81 223.61 -1167.72 Orientation: -0.0847 0.1071 -0.0423 0.9897 Time: 31726242751563
Position: -29.83 223.61 -1167.77 Orientation: -0.0847 0.1081 -0.0422 0.9896 Time: 31726428834176
Position: -29.79 223.6 -1167.7 Orientation: -0.0847 0.104 -0.0428 0.99 Time: 31726647714473
Position: -29.82 223.61 -1167.73 Orientation: -0.0843 0.1072 -0.0423 0.9897 Time: 31726897773357
Position: -29.79 223.58 -1167.74 Orientation: -0.0847 0.1053 -0.0426 0.9898 Time: 31727145736369
Position: -29.81 223.62 -1167.76 Orientation: -0.0846 0.107 -0.0424 0.9897 Time: 31727363700185
Position: -29.8 223.62 -1167.73 Orientation: -0.0851 0.1058 -0.0425 0.9898 Time: 31727580730983
Position: -29.81 223.59 -1167.74 Orientation: -0.0848 0.1066 -0.0425 0.9897 Time: 31727797696765
Position: -29.81 223.6 -1167.69 Orientation: -0.0848 0.1054 -0.0426 0.9898 Time: 31727983694403
Position: -29.81 223.6 -1167.73 Orientation: -0.0852 0.1057 -0.0426 0.9898 Time: 31728169712001
Position: -29.79 223.6 -1167.75 Orientation: -0.0849 0.1053 -0.0426 0.9898 Time: 31728386726259
Position: -29.81 223.59 -1167.74 Orientation: -0.0848 0.1066 -0.0424 0.9897 Time: 31728634696686
Position: -29.81 223.6 -1167.76 Orientation: -0.0843 0.1064 -0.0425 0.9898 Time: 31728884689984
Position: -29.82 223.59 -1167.78 Orientation: -0.0843 0.1069 -0.0424 0.9897 Time: 31729133753116
Position: -29.8 223.59 -1167.71 Orientation: -0.0846 0.1056 -0.0425 0.9898 Time: 31729382726138
Position: -29.81 223.58 -1167.73 Orientation: -0.0848 0.1058 -0.0426 0.9898 Time: 31729633665574
Position: -29.81 223.58 -1167.7 Orientation: -0.0847 0.1061 -0.0425 0.9898 Time: 31729854661133
Position: -29.81 223.57 -1167.71 Orientation: -0.0848 0.1068 -0.0424 0.9897 Time: 31730108717286
Position: -29.81 223.58 -1167.75 Orientation: -0.0848 0.106 -0.0426 0.9898 Time: 31730363720716
Position: -29.83 223.59 -1167.79 Orientation: -0.0845 0.1077 -0.0424 0.9896 Time: 31730619670283
Position: -29.79 223.57 -1167.67 Orientation: -0.0852 0.105 -0.0427 0.9898 Time: 31730843686179
Position: -29.79 223.57 -1167.66 Orientation: -0.0848 0.1049 -0.0427 0.9899 Time: 31731100726169
Position: -29.84 223.61 -1167.86 Orientation: -0.0843 0.1094 -0.042 0.9895 Time: 31731325696756
Position: -29.8 223.58 -1167.7 Orientation: -0.0848 0.1058 -0.0426 0.9898 Time: 31731583686304
Position: -29.82 223.58 -1167.76 Orientation: -0.0843 0.1075 -0.0423 0.9897 Time: 31731807645169
Position: -29.8 223.56 -1167.67 Orientation: -0.0855 0.1053 -0.0426 0.9898 Time: 31732031649088
Position: -29.77 223.55 -1167.64 Orientation: -0.0849 0.1026 -0.0431 0.9901 Time: 31732288690219
Position: -29.81 223.59 -1167.7 Orientation: -0.0849 0.1061 -0.0425 0.9898 Time: 31732513612900
Position: -29.8 223.57 -1167.7 Orientation: -0.0847 0.1052 -0.0426 0.9899 Time: 31732705646649
Position: -29.8 223.57 -1167.68 Orientation: -0.0845 0.1058 -0.0425 0.9898 Time: 31732930689094
Position: -29.82 223.58 -1167.79 Orientation: -0.085 0.1073 -0.0423 0.9896 Time: 31733154675904
Position: -29.81 223.55 -1167.68 Orientation: -0.085 0.1065 -0.0425 0.9897 Time: 31733410628892
Position: -29.83 223.58 -1167.75 Orientation: -0.0849 0.1088 -0.0422 0.9895 Time: 31733602609602
Position: -29.8 223.57 -1167.7 Orientation: -0.0851 0.1055 -0.0427 0.9898 Time: 31733827621821
Position: -29.8 223.56 -1167.77 Orientation: -0.0849 0.106 -0.0426 0.9898 Time: 31734051657677
Position: -29.8 223.55 -1167.71 Orientation: -0.0847 0.1051 -0.0428 0.9899 Time: 31734275658745
Position: -29.79 223.56 -1167.67 Orientation: -0.0853 0.1045 -0.0428 0.9899 Time: 31734500625909
Position: -29.8 223.55 -1167.7 Orientation: -0.0841 0.1053 -0.0427 0.9899 Time: 31734724656063
Position: -29.81 223.57 -1167.74 Orientation: -0.0851 0.106 -0.0426 0.9897 Time: 31734949660867
Position: -29.78 223.56 -1167.64 Orientation: -0.085 0.1037 -0.0429 0.99 Time: 31735172622839
Position: -29.82 223.56 -1167.73 Orientation: -0.0846 0.1064 -0.0426 0.9897 Time: 31735395572264
Position: -29.79 223.57 -1167.72 Orientation: -0.0845 0.1049 -0.0427 0.9899 Time: 31735617618325
Position: -29.82 223.57 -1167.74 Orientation: -0.0846 0.1075 -0.0423 0.9896 Time: 31735840629343
Position: -29.8 223.57 -1167.73 Orientation: -0.0843 0.1052 -0.0427 0.9899 Time: 31736059608873
Position: -29.78 223.56 -1167.68 Orientation: -0.0849 0.1034 -0.043 0.99 Time: 31736279620085
Position: -29.82 223.58 -1167.77 Orientation: -0.0847 0.1073 -0.0424 0.9896 Time: 31736498633263
Position: -29.8 223.56 -1167.68 Orientation: -0.0848 0.1053 -0.0427 0.9898 Time: 31736716638141
Position: -29.81 223.57 -1167.75 Orientation: -0.0844 0.106 -0.0425 0.9898 Time: 31736967656849
Position: -29.82 223.56 -1167.71 Orientation: -0.0845 0.1069 -0.0425 0.9897 Time: 31737217592547
Position: -29.8 223.56 -1167.7 Orientation: -0.0848 0.1058 -0.0426 0.9898 Time: 31737434604524
Position: -29.79 223.57 -1167.72 Orientation: -0.0842 0.1052 -0.0427 0.9899 Time: 31737651592548
Position: -29.82 223.56 -1167.74 Orientation: -0.0852 0.108 -0.0423 0.9895 Time: 31737868595971
Position: -29.82 223.54 -1167.67 Orientation: -0.0849 0.1073 -0.0424 0.9896 Time: 31738087584055
Position: -29.78 223.56 -1167.7 Orientation: -0.0848 0.1039 -0.0429 0.99 Time: 31738304634243
Position: -29.82 223.58 -1167.73 Orientation: -0.0846 0.1069 -0.0424 0.9897 Time: 31738521598314
Position: -29.78 223.56 -1167.65 Orientation: -0.0845 0.1038 -0.0429 0.99 Time: 31738769533952
Position: -29.81 223.58 -1167.76 Orientation: -0.0844 0.1061 -0.0425 0.9898 Time: 31738986547640
Position: -29.8 223.57 -1167.7 Orientation: -0.0849 0.1054 -0.0426 0.9898 Time: 31739203538515
Position: -29.8 223.58 -1167.74 Orientation: -0.0845 0.1058 -0.0425 0.9898 Time: 31739420543078
Position: -29.81 223.55 -1167.72 Orientation: -0.0846 0.1062 -0.0426 0.9898 Time: 31739637552774
Position: -29.79 223.57 -1167.73 Orientation: -0.0842 0.1048 -0.0427 0.9899 Time: 31739886591952
Position: -29.82 223.55 -1167.72 Orientation: -0.0848 0.107 -0.0425 0.9897 Time: 31740103591953
Position: -29.82 223.56 -1167.71 Orientation: -0.0846 0.1068 -0.0425 0.9897 Time: 31740321553488
Position: -29.81 223.55 -1167.72 Orientation: -0.0844 0.1057 -0.0426 0.9898 Time: 31740538554059
Position: -29.8 223.57 -1167.74 Orientation: -0.0848 0.1053 -0.0426 0.9898 Time: 31740787531074
Position: -29.82 223.56 -1167.76 Orientation: -0.0844 0.1064 -0.0425 0.9898 Time: 31741004562441
Position: -29.8 223.56 -1167.71 Orientation: -0.0849 0.1053 -0.0427 0.9898 Time: 31741222579296
Position: -29.81 223.55 -1167.71 Orientation: -0.085 0.1059 -0.0426 0.9898 Time: 31741440522011
Position: -29.79 223.55 -1167.67 Orientation: -0.0846 0.1045 -0.0428 0.9899 Time: 31741657523723
Position: -29.8 223.55 -1167.69 Orientation: -0.0849 0.1054 -0.0427 0.9898 Time: 31741874538551
Position: -29.8 223.53 -1167.67 Orientation: -0.0849 0.1051 -0.0427 0.9899 Time: 31742123529254
Position: -29.8 223.56 -1167.71 Orientation: -0.0842 0.1049 -0.0427 0.9899 Time: 31742340532106
Position: -29.8 223.55 -1167.67 Orientation: -0.0851 0.1055 -0.0426 0.9898 Time: 31742557531536
Position: -29.81 223.56 -1167.71 Orientation: -0.0847 0.1059 -0.0426 0.9898 Time: 31742774487053
Position: -29.8 223.56 -1167.73 Orientation: -0.0847 0.1053 -0.0427 0.9898 Time: 31742993558402
Position: -29.79 223.54 -1167.67 Orientation: -0.0847 0.1043 -0.0428 0.99 Time: 31743242570205
Position: -29.81 223.55 -1167.74 Orientation: -0.0842 0.1053 -0.0427 0.9899 Time: 31743460553983
Position: -29.79 223.55 -1167.67 Orientation: -0.0845 0.1053 -0.0426 0.9899 Time: 31743677508359
Position: -29.82 223.56 -1167.77 Orientation: -0.0844 0.1063 -0.0425 0.9898 Time: 31743895479019
Position: -29.8 223.55 -1167.67 Orientation: -0.0848 0.1051 -0.0428 0.9899 Time: 31744114512158
Position: -29.8 223.56 -1167.76 Orientation: -0.0846 0.1055 -0.0427 0.9898 Time: 31744331522994
Position: -29.78 223.55 -1167.64 Orientation: -0.0847 0.1035 -0.0429 0.99 Time: 31744548510448
Position: -29.81 223.55 -1167.7 Orientation: -0.0848 0.1061 -0.0426 0.9898 Time: 31744797504002
Position: -29.82 223.55 -1167.74 Orientation: -0.0849 0.107 -0.0425 0.9897 Time: 31745014510846
Position: -29.8 223.55 -1167.66 Orientation: -0.0849 0.1048 -0.0428 0.9899 Time: 31745232451280
Position: -29.8 223.55 -1167.71 Orientation: -0.0844 0.1057 -0.0426 0.9898 Time: 31745449510022
Position: -29.81 223.56 -1167.76 Orientation: -0.0845 0.1066 -0.0425 0.9897 Time: 31745699564343
Position: -29.79 223.56 -1167.69 Orientation: -0.0845 0.1047 -0.0428 0.9899 Time: 31745947458349
Position: -29.81 223.55 -1167.7 Orientation: -0.0846 0.1046 -0.0428 0.9899 Time: 31746166512018
Position: -29.82 223.56 -1167.77 Orientation: -0.0842 0.1054 -0.0427 0.9899 Time: 31746415478198
Position: -29.83 223.57 -1167.76 Orientation: -0.0844 0.1075 -0.0424 0.9896 Time: 31746667440190
Position: -29.84 223.55 -1167.73 Orientation: -0.0846 0.1082 -0.0423 0.9896 Time: 31746949504034
Position: -29.83 223.55 -1167.74 Orientation: -0.0844 0.1079 -0.0423 0.9896 Time: 31747170444273
Position: -29.81 223.54 -1167.71 Orientation: -0.085 0.1063 -0.0426 0.9897 Time: 31747393426205
Position: -29.83 223.55 -1167.75 Orientation: -0.0849 0.1074 -0.0424 0.9896 Time: 31747612486148
Position: -29.79 223.55 -1167.67 Orientation: -0.085 0.1046 -0.0428 0.9899 Time: 31747832614843
Position: -29.8 223.55 -1167.7 Orientation: -0.0844 0.1051 -0.0426 0.9899 Time: 31748055443363
Position: -29.81 223.56 -1167.76 Orientation: -0.0848 0.1059 -0.0426 0.9898 Time: 31748279490055
