Position: -39.05 -108.05 -1170.22 Orientation: -0.1496 0.1054 -0.0726 0.9804 Time: 31668593578249
Position: -39.11 -108.06 -1170.34 Orientation: -0.1492 0.1104 -0.0722 0.9799 Time: 31668779577027
Position: -39.09 -108.06 -1170.24 Orientation: -0.1504 0.108 -0.0725 0.98 Time: 31668965600328
Position: -39.1 -108.06 -1170.26 Orientation: -0.1493 0.109 -0.0724 0.98 Time: 31669213542810
Position: -39.1 -108.06 -1170.27 Orientation: -0.1488 0.1088 -0.0723 0.9801 Time: 31669399566111
Position: -39.09 -108.06 -1170.25 Orientation: -0.1493 0.1084 -0.0724 0.9801 Time: 31669648550540
Position: -39.08 -108.06 -1170.27 Orientation: -0.1494 0.107 -0.0725 0.9802 Time: 31669865626962
Position: -39.08 -108.07 -1170.27 Orientation: -0.149 0.1078 -0.0724 0.9802 Time: 31670113520967
Position: -39.08 -108.06 -1170.28 Orientation: -0.1494 0.1079 -0.0724 0.9801 Time: 31670299554534
Position: -39.07 -108.07 -1170.25 Orientation: -0.1497 0.1061 -0.0726 0.9803 Time: 31670516533433
Position: -39.08 -108.07 -1170.27 Orientation: -0.1492 0.107 -0.0725 0.9803 Time: 31670733581340
Position: -39.06 -108.06 -1170.24 Orientation: -0.1492 0.1059 -0.0726 0.9804 Time: 31670919552743
Position: -39.07 -108.07 -1170.27 Orientation: -0.1494 0.1067 -0.0725 0.9803 Time: 31671167583622
Position: -39.09 -108.07 -1170.3 Orientation: -0.1487 0.1078 -0.0725 0.9802 Time: 31671415631039
Position: -39.08 -108.07 -1170.28 Orientation: -0.1491 0.1072 -0.0725 0.9802 Time: 31671694481783
Position: -39.07 -108.07 -1170.23 Orientation: -0.1491 0.107 -0.0724 0.9803 Time: 31671942565130
Position: -39.07 -108.09 -1170.2 Orientation: -0.1492 0.1064 -0.0725 0.9803 Time: 31672191515911
Position: -39.12 -108.1 -1170.33 Orientation: -0.1492 0.1096 -0.0724 0.98 Time: 31672439512571
Position: -39.09 -108.08 -1170.3 Orientation: -0.1487 0.1082 -0.0724 0.9802 Time: 31672720520209
Position: -39.07 -108.06 -1170.26 Orientation: -0.149 0.1062 -0.0725 0.9804 Time: 31672969466998
Position: -39.08 -108.07 -1170.27 Orientation: -0.1483 0.1075 -0.0725 0.9803 Time: 31673217580000
Position: -39.12 -108.09 -1170.33 Orientation: -0.1495 0.11 -0.0723 0.9799 Time: 31673466684764
Position: -39.08 -108.08 -1170.21 Orientation: -0.1495 0.1072 -0.0725 0.9802 Time: 31673717826658
Position: -39.07 -108.08 -1170.28 Orientation: -0.1495 0.1064 -0.0725 0.9803 Time: 31673966576121
Position: -39.06 -108.07 -1170.2 Orientation: -0.1495 0.1048 -0.0727 0.9804 Time: 31674218517012
Position: -39.09 -108.07 -1170.23 Orientation: -0.149 0.1081 -0.0724 0.9802 Time: 31674500583707
Position: -39.07 -108.07 -1170.22 Orientation: -0.1493 0.1071 -0.0725 0.9802 Time: 31674752456162
Position: -39.07 -108.07 -1170.25 Orientation: -0.1489 0.1071 -0.0725 0.9803 Time: 31675001466254
Position: -39.09 -108.08 -1170.23 Orientation: -0.1496 0.1083 -0.0725 0.9801 Time: 31675218437740
Position: -39.11 -108.08 -1170.3 Orientation: -0.1491 0.1095 -0.0724 0.98 Time: 31675470497825
Position: -39.08 -108.08 -1170.27 Orientation: -0.1495 0.108 -0.0725 0.9801 Time: 31675719473699
Position: -39.1 -108.08 -1170.27 Orientation: -0.149 0.1089 -0.0724 0.9801 Time: 31675936477121
Position: -39.12 -108.09 -1170.32 Orientation: -0.1496 0.1106 -0.0723 0.9798 Time: 31676154539030
Position: -39.07 -108.08 -1170.17 Orientation: -0.1499 0.1058 -0.0727 0.9803 Time: 31676371529906
Position: -39.09 -108.08 -1170.29 Orientation: -0.1489 0.1083 -0.0725 0.9802 Time: 31676589494863
Position: -39.08 -108.07 -1170.24 Orientation: -0.1496 0.107 -0.0725 0.9802 Time: 31676838500393
Position: -39.09 -108.08 -1170.27 Orientation: -0.1495 0.1079 -0.0725 0.9801 Time: 31677087501361
Position: -39.09 -108.08 -1170.28 Orientation: -0.149 0.1072 -0.0724 0.9803 Time: 31677307479496
Position: -39.08 -108.09 -1170.25 Orientation: -0.1495 0.1071 -0.0725 0.9802 Time: 31677566295987
Position: -39.09 -108.09 -1170.26 Orientation: -0.1492 0.1077 -0.0725 0.9802 Time: 31677821433439
Position: -39.06 -108.08 -1170.2 Orientation: -0.1494 0.1058 -0.0726 0.9803 Time: 31678045455608
Position: -39.09 -108.09 -1170.23 Orientation: -0.1496 0.108 -0.0725 0.9801 Time: 31678270467827
Position: -39.1 -108.09 -1170.24 Orientation: -0.1493 0.1091 -0.0724 0.98 Time: 31678494394184
Position: -39.09 -108.08 -1170.22 Orientation: -0.1497 0.1084 -0.0724 0.98 Time: 31678750473781
Position: -39.06 -108.08 -1170.24 Orientation: -0.1493 0.1045 -0.0727 0.9805 Time: 31678974380748
Position: -39.06 -108.08 -1170.26 Orientation: -0.1489 0.1057 -0.0726 0.9804 Time: 31679198430291
Position: -39.08 -108.08 -1170.23 Orientation: -0.1489 0.1071 -0.0725 0.9803 Time: 31679422390297
Position: -39.09 -108.08 -1170.28 Orientation: -0.1489 0.1083 -0.0724 0.9802 Time: 31679647392821
Position: -39.1 -108.09 -1170.26 Orientation: -0.1492 0.109 -0.0724 0.98 Time: 31679871422403
Position: -39.1 -108.09 -1170.24 Orientation: -0.1494 0.1093 -0.0724 0.98 Time: 31680095405221
Position: -39.08 -108.08 -1170.25 Orientation: -0.1497 0.1072 -0.0725 0.9802 Time: 31680353483738
Position: -39.11 -108.09 -1170.31 Orientation: -0.149 0.109 -0.0724 0.9801 Time: 31680642398658
Position: -39.08 -108.08 -1170.19 Orientation: -0.1497 0.1068 -0.0725 0.9802 Time: 31680866589637
Position: -39.11 -108.09 -1170.32 Orientation: -0.1491 0.1089 -0.0725 0.9801 Time: 31681090389387
Position: -39.1 -108.09 -1170.32 Orientation: -0.149 0.1087 -0.0724 0.9801 Time: 31681346437046
Position: -39.09 -108.08 -1170.27 Orientation: -0.1492 0.1078 -0.0724 0.9802 Time: 31681570371958
Position: -39.09 -108.09 -1170.26 Orientation: -0.1495 0.1079 -0.0724 0.9801 Time: 31681861370774
Position: -39.09 -108.08 -1170.26 Orientation: -0.1494 0.1085 -0.0724 0.9801 Time: 31682149492399
Position: -39.09 -108.08 -1170.26 Orientation: -0.1487 0.1079 -0.0725 0.9802 Time: 31682472433441
Position: -39.1 -108.08 -1170.29 Orientation: -0.149 0.1082 -0.0725 0.9802 Time: 31682694315824
Position: -39.09 -108.08 -1170.24 Orientation: -0.1495 0.1082 -0.0724 0.9801 Time: 31682917396990
Position: -39.08 -108.08 -1170.23 Orientation: -0.1488 0.1074 -0.0725 0.9803 Time: 31683139351232
Position: -39.11 -108.08 -1170.22 Orientation: -0.1495 0.1096 -0.0724 0.9799 Time: 31683393316136
Position: -39.07 -108.08 -1170.15 Orientation: -0.1495 0.1061 -0.0726 0.9803 Time: 31683615334253
Position: -39.09 -108.08 -1170.23 Orientation: -0.1492 0.108 -0.0725 0.9802 Time: 31683833401865
Position: -39.08 -108.08 -1170.24 Orientation: -0.1492 0.1073 -0.0725 0.9802 Time: 31684052411621
Position: -39.08 -108.09 -1170.24 Orientation: -0.1494 0.1062 -0.0726 0.9803 Time: 31684271352940
Position: -39.09 -108.09 -1170.27 Orientation: -0.1492 0.1081 -0.0724 0.9801 Time: 31684519327929
Position: -39.09 -108.08 -1170.26 Orientation: -0.1489 0.1072 -0.0725 0.9803 Time: 31684736331351
Position: -39.09 -108.09 -1170.3 Orientation: -0.1489 0.1079 -0.0725 0.9802 Time: 31684954308855
Position: -39.09 -108.08 -1170.27 Orientation: -0.1489 0.1076 -0.0725 0.9802 Time: 31685171374441
Position: -39.1 -108.08 -1170.25 Orientation: -0.149 0.1081 -0.0725 0.9802 Time: 31685420336628
Position: -39.07 -108.1 -1170.24 Orientation: -0.1494 0.1058 -0.0726 0.9803 Time: 31685637314387
Position: -39.08 -108.09 -1170.27 Orientation: -0.1493 0.1067 -0.0725 0.9803 Time: 31685854333207
Position: -39.08 -108.09 -1170.24 Orientation: -0.1492 0.1072 -0.0725 0.9802 Time: 31686102281962
Position: -39.1 -108.09 -1170.24 Orientation: -0.1497 0.1083 -0.0725 0.98 Time: 31686350375004
Position: -39.09 -108.1 -1170.25 Orientation: -0.1493 0.1078 -0.0725 0.9801 Time: 31686567306568
Position: -39.11 -108.09 -1170.3 Orientation: -0.149 0.109 -0.0724 0.9801 Time: 31686816160967
Position: -39.08 -108.08 -1170.29 Orientation: -0.1489 0.1063 -0.0725 0.9804 Time: 31687033292138
Position: -39.1 -108.08 -1170.32 Orientation: -0.1489 0.1079 -0.0724 0.9802 Time: 31687251299868
Position: -39.09 -108.09 -1170.25 Orientation: -0.1495 0.1084 -0.0724 0.9801 Time: 31687531255863
Position: -39.11 -108.09 -1170.3 Orientation: -0.149 0.1088 -0.0723 0.9801 Time: 31687749541332
Position: -39.08 -108.09 -1170.25 Orientation: -0.1492 0.1069 -0.0726 0.9803 Time: 31687967362001
Position: -39.11 -108.09 -1170.3 Orientation: -0.1492 0.1086 -0.0724 0.9801 Time: 31688184340330
Position: -39.08 -108.09 -1170.26 Orientation: -0.1491 0.1076 -0.0724 0.9802 Time: 31688432355811
Position: -39.08 -108.09 -1170.26 Orientation: -0.1497 0.1071 -0.0725 0.9802 Time: 31688680266355
Position: -39.08 -108.09 -1170.24 Orientation: -0.1495 0.1067 -0.0726 0.9802 Time: 31688898233023
Position: -39.1 -108.09 -1170.3 Orientation: -0.1493 0.1083 -0.0724 0.9801 Time: 31689115244429
Position: -39.08 -108.09 -1170.27 Orientation: -0.1489 0.1069 -0.0726 0.9803 Time: 31689332402975
Position: -39.1 -108.09 -1170.32 Orientation: -0.1491 0.1087 -0.0725 0.9801 Time: 31689580300972
Position: -39.11 -108.09 -1170.29 Orientation: -0.1495 0.1096 -0.0724 0.9799 Time: 31689797266184
Position: -39.08 -108.08 -1170.24 Orientation: -0.149 0.1065 -0.0726 0.9803 Time: 31690046240348
Position: -39.12 -108.1 -1170.33 Orientation: -0.1494 0.1103 -0.0723 0.9799 Time: 31690330207870
Position: -39.09 -108.09 -1170.22 Orientation: -0.1494 0.1073 -0.0725 0.9802 Time: 31690547267182
Position: -39.08 -108.09 -1170.24 Orientation: -0.1495 0.1065 -0.0726 0.9803 Time: 31690767311472
Position: -39.09 -108.09 -1170.25 Orientation: -0.1491 0.1068 -0.0726 0.9803 Time: 31691017346403
Position: -39.09 -108.1 -1170.32 Orientation: -0.149 0.1076 -0.0725 0.9802 Time: 31691235299954
Position: -39.09 -108.09 -1170.24 Orientation: -0.1493 0.107 -0.0726 0.9802 Time: 31691483318857
Position: -39.1 -108.09 -1170.27 Orientation: -0.1494 0.1077 -0.0725 0.9801 Time: 31691700333685
Position: -39.1 -108.1 -1170.34 Orientation: -0.1494 0.1087 -0.0724 0.98 Time: 31691989866246
