Position: 7.52 37.69 -1281.13 Orientation: -0.0488 0.0995 -0.0236 0.9935 Time: 31614265364735
Position: 7.51 37.69 -1281.12 Orientation: -0.0493 0.1001 -0.0235 0.9934 Time: 31614482337932
Position: 7.5 37.69 -1281.12 Orientation: -0.0494 0.1005 -0.0235 0.9934 Time: 31614700286350
Position: 7.5 37.7 -1281.16 Orientation: -0.0488 0.1009 -0.0234 0.9934 Time: 31614887443988
Position: 7.49 37.7 -1281.18 Orientation: -0.049 0.1019 -0.0232 0.9933 Time: 31615137330640
Position: 7.52 37.68 -1281.04 Orientation: -0.0491 0.0988 -0.0238 0.9936 Time: 31615324383913
Position: 7.49 37.69 -1281.14 Orientation: -0.0493 0.1021 -0.0232 0.9932 Time: 31615605369309
Position: 7.51 37.7 -1281.18 Orientation: -0.049 0.1006 -0.0234 0.9934 Time: 31615822307717
Position: 7.49 37.7 -1281.17 Orientation: -0.0489 0.1018 -0.0232 0.9933 Time: 31616008336151
Position: 7.52 37.69 -1281.1 Orientation: -0.0486 0.0993 -0.0236 0.9935 Time: 31616257286362
Position: 7.5 37.7 -1281.19 Orientation: -0.0492 0.101 -0.0234 0.9933 Time: 31616474310885
Position: 7.52 37.68 -1281.09 Orientation: -0.0492 0.1 -0.0235 0.9934 Time: 31616663298634
Position: 7.5 37.69 -1281.13 Orientation: -0.0489 0.1008 -0.0234 0.9934 Time: 31617107332585
Position: 7.51 37.7 -1281.13 Orientation: -0.0486 0.0999 -0.0235 0.9935 Time: 31617418284099
Position: 7.54 37.69 -1281.07 Orientation: -0.049 0.0975 -0.0239 0.9937 Time: 31617668333858
Position: 7.49 37.69 -1281.2 Orientation: -0.049 0.1022 -0.0232 0.9932 Time: 31617947259882
Position: 7.5 37.69 -1281.14 Orientation: -0.0494 0.1009 -0.0234 0.9933 Time: 31618257314307
Position: 7.5 37.69 -1281.12 Orientation: -0.0492 0.1003 -0.0236 0.9934 Time: 31618506329532
Position: 7.52 37.69 -1281.08 Orientation: -0.049 0.0998 -0.0235 0.9935 Time: 31618785269814
Position: 7.5 37.7 -1281.21 Orientation: -0.0488 0.1005 -0.0234 0.9934 Time: 31619064270548
Position: 7.49 37.7 -1281.19 Orientation: -0.0487 0.1019 -0.0231 0.9933 Time: 31619374314706
Position: 7.5 37.68 -1281.09 Orientation: -0.0496 0.1011 -0.0234 0.9933 Time: 31619653271527
Position: 7.5 37.69 -1281.15 Orientation: -0.0491 0.1013 -0.0233 0.9933 Time: 31619901280734
Position: 7.5 37.7 -1281.15 Orientation: -0.0489 0.1014 -0.0233 0.9933 Time: 31620149398299
Position: 7.51 37.69 -1281.15 Orientation: -0.0495 0.1003 -0.0235 0.9934 Time: 31620398292620
Position: 7.53 37.69 -1281.02 Orientation: -0.0485 0.0986 -0.0237 0.9936 Time: 31620743245732
Position: 7.53 37.69 -1281.09 Orientation: -0.0489 0.0989 -0.0237 0.9936 Time: 31621022285817
Position: 7.52 37.69 -1281.07 Orientation: -0.0491 0.0995 -0.0236 0.9935 Time: 31621270286470
Position: 7.53 37.69 -1281.08 Orientation: -0.0483 0.0982 -0.0237 0.9937 Time: 31621518301950
Position: 7.49 37.7 -1281.18 Orientation: -0.0491 0.1015 -0.0233 0.9933 Time: 31621768259890
Position: 7.54 37.68 -1281.03 Orientation: -0.0493 0.0977 -0.0239 0.9936 Time: 31621985189743
Position: 7.52 37.68 -1281.12 Orientation: -0.049 0.0988 -0.0237 0.9936 Time: 31622233238871
Position: 7.51 37.7 -1281.13 Orientation: -0.0483 0.1 -0.0235 0.9935 Time: 31622450253129
Position: 7.52 37.69 -1281.08 Orientation: -0.049 0.0991 -0.0236 0.9935 Time: 31622667210927
Position: 7.52 37.69 -1281.08 Orientation: -0.0492 0.0991 -0.0237 0.9935 Time: 31622915265189
Position: 7.51 37.7 -1281.12 Orientation: -0.0487 0.0996 -0.0236 0.9935 Time: 31623132261197
Position: 7.49 37.69 -1281.14 Orientation: -0.0492 0.1008 -0.0235 0.9933 Time: 31623381206275
Position: 7.51 37.69 -1281.13 Orientation: -0.0489 0.0998 -0.0235 0.9935 Time: 31623598191448
Position: 7.49 37.68 -1281.12 Orientation: -0.0495 0.1018 -0.0233 0.9932 Time: 31623815166355
Position: 7.5 37.7 -1281.17 Orientation: -0.0489 0.1005 -0.0234 0.9934 Time: 31624064177588
Position: 7.51 37.69 -1281.09 Orientation: -0.0488 0.0994 -0.0236 0.9935 Time: 31624283278023
Position: 7.5 37.69 -1281.11 Orientation: -0.0489 0.0996 -0.0236 0.9935 Time: 31624534263082
Position: 7.5 37.7 -1281.18 Orientation: -0.0485 0.1008 -0.0234 0.9934 Time: 31624756205918
Position: 7.48 37.69 -1281.18 Orientation: -0.0488 0.1018 -0.0232 0.9933 Time: 31624979211233
Position: 7.51 37.69 -1281.14 Orientation: -0.0489 0.1002 -0.0235 0.9934 Time: 31625203163255
Position: 7.52 37.7 -1281.12 Orientation: -0.0487 0.0989 -0.0237 0.9936 Time: 31625427245876
Position: 7.48 37.69 -1281.17 Orientation: -0.0491 0.1016 -0.0233 0.9933 Time: 31625651260631
Position: 7.49 37.69 -1281.1 Orientation: -0.0496 0.1011 -0.0234 0.9933 Time: 31625907199932
Position: 7.5 37.69 -1281.1 Orientation: -0.049 0.1012 -0.0233 0.9933 Time: 31626131218109
Position: 7.47 37.7 -1281.2 Orientation: -0.0491 0.1032 -0.023 0.9931 Time: 31626355205489
Position: 7.52 37.7 -1281.13 Orientation: -0.0484 0.0994 -0.0235 0.9935 Time: 31626579148956
Position: 7.48 37.7 -1281.2 Orientation: -0.0491 0.1022 -0.0232 0.9932 Time: 31626803176828
Position: 7.49 37.7 -1281.15 Orientation: -0.0483 0.1013 -0.0233 0.9934 Time: 31627027283972
Position: 7.49 37.69 -1281.13 Orientation: -0.049 0.1021 -0.0232 0.9932 Time: 31627251144745
Position: 7.51 37.7 -1281.11 Orientation: -0.0484 0.0997 -0.0236 0.9935 Time: 31627476140425
Position: 7.5 37.69 -1281.11 Orientation: -0.0492 0.1003 -0.0235 0.9934 Time: 31627734244605
Position: 7.52 37.68 -1281.05 Orientation: -0.0495 0.0987 -0.0238 0.9935 Time: 31627926159729
Position: 7.51 37.7 -1281.17 Orientation: -0.0483 0.1005 -0.0234 0.9934 Time: 31628150188172
Position: 7.46 37.7 -1281.16 Orientation: -0.0492 0.1038 -0.0229 0.9931 Time: 31628406130325
Position: 7.47 37.71 -1281.21 Orientation: -0.0485 0.1032 -0.023 0.9932 Time: 31628630106869
Position: 7.5 37.68 -1281.1 Orientation: -0.0494 0.1011 -0.0234 0.9933 Time: 31628854130749
Position: 7.52 37.68 -1281.09 Orientation: -0.0495 0.0988 -0.0238 0.9935 Time: 31629078099879
Position: 7.51 37.69 -1281.04 Orientation: -0.0489 0.0997 -0.0236 0.9935 Time: 31629302177938
Position: 7.5 37.69 -1281.09 Orientation: -0.0487 0.1003 -0.0235 0.9934 Time: 31629526144217
Position: 7.53 37.69 -1281.1 Orientation: -0.0485 0.0976 -0.0238 0.9937 Time: 31629782093784
Position: 7.49 37.69 -1281.18 Orientation: -0.049 0.1006 -0.0235 0.9934 Time: 31630006100555
Position: 7.52 37.68 -1281.1 Orientation: -0.0493 0.0993 -0.0237 0.9935 Time: 31630229123549
Position: 7.5 37.69 -1281.12 Orientation: -0.049 0.0999 -0.0235 0.9934 Time: 31630450079186
Position: 7.51 37.69 -1281.09 Orientation: -0.049 0.099 -0.0237 0.9935 Time: 31630702074257
Position: 7.51 37.69 -1281.09 Orientation: -0.0489 0.0994 -0.0237 0.9935 Time: 31630923154221
Position: 7.49 37.69 -1281.13 Orientation: -0.0492 0.101 -0.0234 0.9933 Time: 31631143155738
Position: 7.48 37.7 -1281.15 Orientation: -0.0487 0.1024 -0.0232 0.9932 Time: 31631362054285
Position: 7.51 37.69 -1281.07 Orientation: -0.0491 0.0988 -0.0237 0.9936 Time: 31631580083686
Position: 7.49 37.69 -1281.08 Orientation: -0.0491 0.1013 -0.0233 0.9933 Time: 31631829131989
Position: 7.47 37.7 -1281.17 Orientation: -0.0488 0.1023 -0.0232 0.9932 Time: 31632046108037
Position: 7.49 37.69 -1281.17 Orientation: -0.0488 0.1008 -0.0235 0.9934 Time: 31632294110971
Position: 7.5 37.68 -1281.1 Orientation: -0.0492 0.1005 -0.0235 0.9934 Time: 31632542056303
Position: 7.49 37.69 -1281.14 Orientation: -0.0493 0.1009 -0.0234 0.9933 Time: 31632760111369
Position: 7.52 37.69 -1281.1 Orientation: -0.0486 0.0981 -0.0239 0.9936 Time: 31632978067201
Position: 7.47 37.69 -1281.17 Orientation: -0.049 0.1023 -0.0232 0.9932 Time: 31633195111685
Position: 7.5 37.69 -1281.15 Orientation: -0.0484 0.1006 -0.0235 0.9934 Time: 31633443044471
Position: 7.49 37.68 -1281.09 Orientation: -0.0494 0.1011 -0.0234 0.9933 Time: 31633660038199
Position: 7.5 37.69 -1281.13 Orientation: -0.0489 0.1001 -0.0236 0.9934 Time: 31633908108428
Position: 7.51 37.68 -1281.06 Orientation: -0.0496 0.0988 -0.0238 0.9935 Time: 31634125012618
Position: 7.5 37.69 -1281.12 Orientation: -0.0488 0.1001 -0.0235 0.9934 Time: 31634342118125
Position: 7.52 37.68 -1281.07 Orientation: -0.049 0.0981 -0.0239 0.9936 Time: 31634591040961
Position: 7.49 37.68 -1281.11 Orientation: -0.049 0.1004 -0.0235 0.9934 Time: 31634808042672
Position: 7.53 37.69 -1281.11 Orientation: -0.0489 0.0982 -0.0238 0.9936 Time: 31635025002751
Position: 7.51 37.7 -1281.11 Orientation: -0.0488 0.0994 -0.0236 0.9935 Time: 31635273066137
Position: 7.49 37.69 -1281.12 Orientation: -0.049 0.1015 -0.0233 0.9933 Time: 31635490025646
Position: 7.49 37.7 -1281.19 Orientation: -0.0485 0.1009 -0.0234 0.9934 Time: 31635738033713
Position: 7.48 37.7 -1281.15 Orientation: -0.0487 0.1014 -0.0233 0.9933 Time: 31635955035994
Position: 7.51 37.69 -1281.11 Orientation: -0.049 0.0996 -0.0236 0.9935 Time: 31636203011553
Position: 7.48 37.69 -1281.14 Orientation: -0.0493 0.1018 -0.0233 0.9933 Time: 31636420025241
Position: 7.51 37.69 -1281.08 Orientation: -0.049 0.099 -0.0238 0.9935 Time: 31636637062312
Position: 7.49 37.7 -1281.17 Orientation: -0.0488 0.101 -0.0234 0.9933 Time: 31636854042922
Position: 7.49 37.7 -1281.17 Orientation: -0.0487 0.101 -0.0234 0.9934 Time: 31637102008786
Position: 7.49 37.7 -1281.08 Orientation: -0.0486 0.1017 -0.0232 0.9933 Time: 31637349996891
Position: 7.48 37.68 -1281.16 Orientation: -0.0495 0.1016 -0.0233 0.9933 Time: 31637567009439
Position: 7.47 37.69 -1281.18 Orientation: -0.0492 0.1024 -0.0232 0.9932 Time: 31637814996974
