Position: -152.57 5.5 -1110.35 Orientation: -0.0024 0.1028 0.0121 0.9946 Time: 31474775310003
Position: -152.57 5.5 -1110.32 Orientation: -0.0028 0.1028 0.0122 0.9946 Time: 31474992340230
Position: -152.58 5.51 -1110.32 Orientation: -0.0024 0.1034 0.0123 0.9945 Time: 31475178317337
Position: -152.57 5.5 -1110.28 Orientation: -0.0026 0.1035 0.0122 0.9945 Time: 31475427316594
Position: -152.58 5.51 -1110.3 Orientation: -0.0026 0.1044 0.0125 0.9944 Time: 31475709409523
Position: -152.54 5.5 -1110.24 Orientation: -0.0023 0.1013 0.0118 0.9947 Time: 31475926337665
Position: -152.56 5.5 -1110.3 Orientation: -0.0026 0.103 0.0122 0.9945 Time: 31476143294322
Position: -152.57 5.49 -1110.29 Orientation: -0.0031 0.1033 0.0123 0.9945 Time: 31476330326494
Position: -152.55 5.5 -1110.29 Orientation: -0.0019 0.1015 0.0119 0.9947 Time: 31476547325354
Position: -152.54 5.5 -1110.26 Orientation: -0.0019 0.101 0.0117 0.9948 Time: 31476733303601
Position: -152.57 5.5 -1110.32 Orientation: -0.0027 0.1032 0.0122 0.9945 Time: 31476981349307
Position: -152.58 5.51 -1110.32 Orientation: -0.0022 0.1036 0.0123 0.9945 Time: 31477261303592
Position: -152.57 5.51 -1110.32 Orientation: -0.0025 0.1038 0.0125 0.9945 Time: 31477542276441
Position: -152.56 5.5 -1110.27 Orientation: -0.0025 0.1022 0.012 0.9946 Time: 31477823290923
Position: -152.57 5.5 -1110.31 Orientation: -0.0025 0.1032 0.0122 0.9945 Time: 31478135332861
Position: -152.54 5.5 -1110.22 Orientation: -0.0022 0.1021 0.0119 0.9946 Time: 31478383268499
Position: -152.59 5.51 -1110.35 Orientation: -0.0027 0.1048 0.0126 0.9943 Time: 31478631310213
Position: -152.56 5.5 -1110.26 Orientation: -0.0026 0.1027 0.0121 0.9946 Time: 31478879276077
Position: -152.56 5.5 -1110.28 Orientation: -0.0023 0.1021 0.012 0.9946 Time: 31479127231675
Position: -152.55 5.51 -1110.26 Orientation: -0.0019 0.1009 0.0117 0.9948 Time: 31479375374334
Position: -152.56 5.5 -1110.3 Orientation: -0.0025 0.1025 0.0121 0.9946 Time: 31479623269480
Position: -152.58 5.51 -1110.33 Orientation: -0.0021 0.104 0.0124 0.9944 Time: 31479871259296
Position: -152.57 5.5 -1110.27 Orientation: -0.0027 0.1033 0.0123 0.9945 Time: 31480119278198
Position: -152.58 5.52 -1110.33 Orientation: -0.0023 0.1041 0.0124 0.9944 Time: 31480367238359
Position: -152.55 5.5 -1110.23 Orientation: -0.003 0.1028 0.0122 0.9946 Time: 31480584313640
Position: -152.57 5.51 -1110.29 Orientation: -0.0024 0.1034 0.0123 0.9945 Time: 31480801247485
Position: -152.58 5.51 -1110.35 Orientation: -0.0027 0.1033 0.0123 0.9945 Time: 31481019205028
Position: -152.57 5.51 -1110.32 Orientation: -0.0022 0.103 0.0122 0.9945 Time: 31481268245917
Position: -152.59 5.51 -1110.35 Orientation: -0.0027 0.1041 0.0124 0.9944 Time: 31481516238015
Position: -152.55 5.51 -1110.26 Orientation: -0.0021 0.1015 0.0119 0.9947 Time: 31481733199235
Position: -152.56 5.5 -1110.28 Orientation: -0.0028 0.1031 0.0122 0.9945 Time: 31481950296758
Position: -152.56 5.5 -1110.31 Orientation: -0.0021 0.1011 0.0118 0.9948 Time: 31482198278020
Position: -152.58 5.5 -1110.32 Orientation: -0.0025 0.1037 0.0123 0.9945 Time: 31482415234677
Position: -152.56 5.5 -1110.29 Orientation: -0.0029 0.1021 0.0121 0.9946 Time: 31482663274681
Position: -152.57 5.51 -1110.31 Orientation: -0.0025 0.103 0.0122 0.9945 Time: 31482911236552
Position: -152.55 5.5 -1110.26 Orientation: -0.0027 0.1029 0.0122 0.9946 Time: 31483128272482
Position: -152.57 5.52 -1110.29 Orientation: -0.0024 0.1035 0.0123 0.9945 Time: 31483378158564
Position: -152.59 5.51 -1110.34 Orientation: -0.0022 0.1042 0.0124 0.9944 Time: 31483628214026
Position: -152.57 5.5 -1110.31 Orientation: -0.0027 0.1031 0.0122 0.9945 Time: 31483847231766
Position: -152.56 5.51 -1110.32 Orientation: -0.0019 0.1019 0.012 0.9947 Time: 31484067301150
Position: -152.56 5.51 -1110.29 Orientation: -0.0028 0.1031 0.0123 0.9945 Time: 31484287223965
Position: -152.59 5.51 -1110.38 Orientation: -0.0027 0.1049 0.0126 0.9943 Time: 31484508195001
Position: -152.59 5.52 -1110.36 Orientation: -0.0028 0.1049 0.0127 0.9943 Time: 31484732212037
Position: -152.56 5.5 -1110.29 Orientation: -0.0029 0.1026 0.0122 0.9946 Time: 31484956134972
Position: -152.59 5.51 -1110.35 Orientation: -0.003 0.1046 0.0125 0.9944 Time: 31485180214742
Position: -152.58 5.51 -1110.33 Orientation: -0.0023 0.1042 0.0125 0.9944 Time: 31485404156498
Position: -152.56 5.5 -1110.3 Orientation: -0.0024 0.1025 0.0121 0.9946 Time: 31485628144449
Position: -152.57 5.5 -1110.32 Orientation: -0.0025 0.1025 0.0121 0.9946 Time: 31485884174999
Position: -152.55 5.5 -1110.3 Orientation: -0.0028 0.1012 0.0119 0.9947 Time: 31486108161809
Position: -152.57 5.49 -1110.33 Orientation: -0.0028 0.1025 0.0121 0.9946 Time: 31486365147620
Position: -152.53 5.49 -1110.26 Orientation: -0.0021 0.1003 0.0116 0.9948 Time: 31486589144125
Position: -152.58 5.51 -1110.33 Orientation: -0.0021 0.1037 0.0123 0.9945 Time: 31486845244823
Position: -152.57 5.51 -1110.31 Orientation: -0.0025 0.1035 0.0124 0.9945 Time: 31487069131830
Position: -152.57 5.51 -1110.32 Orientation: -0.0021 0.1028 0.0122 0.9946 Time: 31487293110655
Position: -152.58 5.51 -1110.31 Orientation: -0.0023 0.1035 0.0123 0.9945 Time: 31487517189284
Position: -152.55 5.5 -1110.23 Orientation: -0.0025 0.1023 0.012 0.9946 Time: 31487741170391
Position: -152.56 5.5 -1110.33 Orientation: -0.0022 0.1021 0.012 0.9946 Time: 31487965168607
Position: -152.54 5.5 -1110.25 Orientation: -0.0026 0.1014 0.0119 0.9947 Time: 31488190159155
Position: -152.58 5.51 -1110.33 Orientation: -0.0022 0.104 0.0124 0.9944 Time: 31488414196722
Position: -152.57 5.51 -1110.33 Orientation: -0.0027 0.1037 0.0124 0.9945 Time: 31488670212444
Position: -152.56 5.5 -1110.31 Orientation: -0.0028 0.1027 0.0122 0.9946 Time: 31488894103443
Position: -152.57 5.51 -1110.33 Orientation: -0.0024 0.103 0.0122 0.9946 Time: 31489118212868
Position: -152.57 5.51 -1110.32 Orientation: -0.0026 0.1028 0.0122 0.9946 Time: 31489342111281
Position: -152.55 5.5 -1110.28 Orientation: -0.0025 0.1016 0.0119 0.9947 Time: 31489567152585
Position: -152.57 5.52 -1110.37 Orientation: -0.0021 0.103 0.0122 0.9946 Time: 31489889123537
Position: -152.59 5.51 -1110.39 Orientation: -0.003 0.1048 0.0126 0.9944 Time: 31490109113078
Position: -152.59 5.52 -1110.36 Orientation: -0.0025 0.1048 0.0126 0.9944 Time: 31490360087302
Position: -152.57 5.51 -1110.34 Orientation: -0.0022 0.103 0.0122 0.9945 Time: 31490611105439
Position: -152.58 5.51 -1110.33 Orientation: -0.0028 0.104 0.0125 0.9944 Time: 31490829171911
Position: -152.55 5.49 -1110.27 Orientation: -0.0031 0.1022 0.0121 0.9946 Time: 31491082127945
Position: -152.56 5.49 -1110.3 Orientation: -0.0026 0.102 0.012 0.9947 Time: 31491332078471
Position: -152.58 5.5 -1110.34 Orientation: -0.0023 0.1034 0.0122 0.9945 Time: 31491580093381
Position: -152.56 5.5 -1110.3 Orientation: -0.0028 0.1018 0.012 0.9947 Time: 31491799220620
Position: -152.57 5.5 -1110.29 Orientation: -0.0023 0.1026 0.0121 0.9946 Time: 31492049084460
Position: -152.57 5.51 -1110.37 Orientation: -0.0022 0.1027 0.0122 0.9946 Time: 31492266038836
Position: -152.59 5.52 -1110.4 Orientation: -0.0024 0.1043 0.0124 0.9944 Time: 31492483099289
Position: -152.58 5.51 -1110.36 Orientation: -0.0025 0.1036 0.0124 0.9945 Time: 31492731126746
Position: -152.55 5.5 -1110.3 Orientation: -0.0024 0.1012 0.0118 0.9947 Time: 31492980063839
Position: -152.58 5.5 -1110.36 Orientation: -0.003 0.1043 0.0125 0.9944 Time: 31493197081519
Position: -152.55 5.5 -1110.32 Orientation: -0.0024 0.1008 0.0117 0.9948 Time: 31493414076958
Position: -152.57 5.51 -1110.39 Orientation: -0.0024 0.1027 0.0121 0.9946 Time: 31493662119813
Position: -152.6 5.51 -1110.38 Orientation: -0.0029 0.1052 0.0127 0.9943 Time: 31493879178555
Position: -152.58 5.5 -1110.35 Orientation: -0.0028 0.1032 0.0123 0.9945 Time: 31494127015529
Position: -152.58 5.52 -1110.4 Orientation: -0.0019 0.1028 0.0121 0.9946 Time: 31494376062122
Position: -152.57 5.49 -1110.34 Orientation: -0.0028 0.1032 0.0122 0.9945 Time: 31494593042732
Position: -152.56 5.5 -1110.32 Orientation: -0.0029 0.1025 0.0122 0.9946 Time: 31494810099763
Position: -152.57 5.51 -1110.33 Orientation: -0.0021 0.1028 0.0121 0.9946 Time: 31495026999960
Position: -152.56 5.5 -1110.34 Orientation: -0.0024 0.102 0.012 0.9947 Time: 31495275092432
Position: -152.57 5.51 -1110.36 Orientation: -0.0028 0.1031 0.0123 0.9945 Time: 31495492020004
Position: -152.55 5.5 -1110.27 Orientation: -0.0025 0.1011 0.0119 0.9947 Time: 31495709040535
Position: -152.57 5.52 -1110.37 Orientation: -0.0019 0.1029 0.0122 0.9946 Time: 31495958002722
Position: -152.58 5.51 -1110.35 Orientation: -0.0027 0.1038 0.0124 0.9945 Time: 31496206039874
Position: -152.6 5.5 -1110.35 Orientation: -0.0032 0.1051 0.0126 0.9943 Time: 31496422989688
Position: -152.56 5.51 -1110.3 Orientation: -0.0025 0.1021 0.012 0.9946 Time: 31496640011360
Position: -152.6 5.52 -1110.37 Orientation: -0.0027 0.1055 0.0128 0.9943 Time: 31496857041587
Position: -152.59 5.51 -1110.38 Orientation: -0.0024 0.1044 0.0124 0.9944 Time: 31497105039388
Position: -152.55 5.5 -1110.27 Orientation: -0.0026 0.1011 0.0118 0.9947 Time: 31497322026271
Position: -152.58 5.51 -1110.35 Orientation: -0.0024 0.1036 0.0123 0.9945 Time: 31497571014122
Position: -152.58 5.51 -1110.35 Orientation: -0.0027 0.1035 0.0123 0.9945 Time: 31497819025610
Position: -152.57 5.52 -1110.37 Orientation: -0.0021 0.103 0.0122 0.9945 Time: 31498035993103
