Position: -77.77 158.34 -1297.38 Orientation: -0.0099 0.0959 0.01 0.9952 Time: 31390906491043
Position: -77.8 158.35 -1297.42 Orientation: -0.0098 0.0977 0.0103 0.9951 Time: 31391092512633
Position: -77.78 158.33 -1297.34 Orientation: -0.0101 0.0977 0.0103 0.9951 Time: 31391309526891
Position: -77.78 158.33 -1297.39 Orientation: -0.0109 0.097 0.0102 0.9951 Time: 31391557512146
Position: -77.79 158.32 -1297.34 Orientation: -0.0101 0.0977 0.0103 0.9951 Time: 31391746518143
Position: -77.79 158.33 -1297.43 Orientation: -0.0104 0.0988 0.0106 0.9949 Time: 31391964523592
Position: -77.8 158.33 -1297.4 Orientation: -0.0103 0.098 0.0104 0.995 Time: 31392244533196
Position: -77.8 158.34 -1297.44 Orientation: -0.0103 0.0986 0.0105 0.995 Time: 31392430473803
Position: -77.78 158.33 -1297.4 Orientation: -0.0099 0.0974 0.0103 0.9951 Time: 31392647483499
Position: -77.79 158.33 -1297.37 Orientation: -0.0101 0.0979 0.0104 0.995 Time: 31392833462317
Position: -77.79 158.33 -1297.38 Orientation: -0.0107 0.097 0.0102 0.9951 Time: 31393050477145
Position: -77.8 158.33 -1297.39 Orientation: -0.0105 0.0986 0.0105 0.995 Time: 31393236466229
Position: -77.8 158.34 -1297.38 Orientation: -0.0097 0.099 0.0107 0.9949 Time: 31393484549575
Position: -77.8 158.33 -1297.38 Orientation: -0.0105 0.098 0.0104 0.995 Time: 31393763525216
Position: -77.8 158.35 -1297.46 Orientation: -0.0095 0.0968 0.0101 0.9952 Time: 31394012463450
Position: -77.79 158.34 -1297.42 Orientation: -0.0097 0.0975 0.0103 0.9951 Time: 31394260419048
Position: -77.81 158.33 -1297.38 Orientation: -0.0104 0.0991 0.0106 0.9949 Time: 31394508476731
Position: -77.81 158.34 -1297.47 Orientation: -0.0102 0.0994 0.0107 0.9949 Time: 31394756441455
Position: -77.8 158.32 -1297.45 Orientation: -0.0106 0.0991 0.0106 0.9949 Time: 31395007470998
Position: -77.77 158.32 -1297.32 Orientation: -0.01 0.0957 0.0099 0.9953 Time: 31395290469572
Position: -77.77 158.34 -1297.39 Orientation: -0.0095 0.0955 0.0099 0.9953 Time: 31395541437522
Position: -77.78 158.33 -1297.39 Orientation: -0.0097 0.0968 0.0101 0.9952 Time: 31395790461302
Position: -77.75 158.33 -1297.36 Orientation: -0.0098 0.0949 0.0098 0.9953 Time: 31396010498749
Position: -77.78 158.33 -1297.38 Orientation: -0.0101 0.0972 0.0103 0.9951 Time: 31396260438439
Position: -77.82 158.36 -1297.5 Orientation: -0.0096 0.1008 0.011 0.9947 Time: 31396481451107
Position: -77.79 158.33 -1297.36 Orientation: -0.0102 0.0979 0.0104 0.995 Time: 31396737421205
Position: -77.79 158.32 -1297.34 Orientation: -0.0105 0.0976 0.0104 0.9951 Time: 31396993496239
Position: -77.81 158.34 -1297.42 Orientation: -0.0097 0.0993 0.0107 0.9949 Time: 31397218809008
Position: -77.78 158.32 -1297.29 Orientation: -0.0103 0.097 0.0103 0.9951 Time: 31397442460479
Position: -77.82 158.35 -1297.4 Orientation: -0.0098 0.1001 0.0108 0.9948 Time: 31397634438908
Position: -77.82 158.34 -1297.46 Orientation: -0.01 0.1003 0.0108 0.9948 Time: 31397892392527
Position: -77.8 158.34 -1297.46 Orientation: -0.0105 0.0985 0.0105 0.995 Time: 31398117461776
Position: -77.79 158.34 -1297.39 Orientation: -0.0101 0.099 0.0106 0.9949 Time: 31398309425947
Position: -77.8 158.34 -1297.41 Orientation: -0.0102 0.0984 0.0105 0.995 Time: 31398535428786
Position: -77.81 158.35 -1297.44 Orientation: -0.0101 0.0987 0.0105 0.995 Time: 31398792391786
Position: -77.79 158.35 -1297.43 Orientation: -0.0093 0.0974 0.0103 0.9951 Time: 31399017437652
Position: -77.79 158.33 -1297.39 Orientation: -0.0103 0.0981 0.0105 0.995 Time: 31399209394409
Position: -77.81 158.34 -1297.47 Orientation: -0.0103 0.0994 0.0107 0.9949 Time: 31399434388949
Position: -77.76 158.33 -1297.31 Orientation: -0.0098 0.0948 0.0097 0.9953 Time: 31399658374048
Position: -77.81 158.34 -1297.45 Orientation: -0.0099 0.0997 0.0108 0.9949 Time: 31399914445660
Position: -77.79 158.35 -1297.43 Orientation: -0.0098 0.0981 0.0105 0.995 Time: 31400138446728
Position: -77.8 158.34 -1297.43 Orientation: -0.0095 0.098 0.0104 0.995 Time: 31400330652138
Position: -77.78 158.33 -1297.37 Orientation: -0.0101 0.0967 0.0102 0.9952 Time: 31400586418637
Position: -77.78 158.33 -1297.38 Orientation: -0.0105 0.0971 0.0102 0.9951 Time: 31400778361136
Position: -77.78 158.35 -1297.44 Orientation: -0.0092 0.0968 0.0102 0.9951 Time: 31401003350543
Position: -77.8 158.34 -1297.42 Orientation: -0.0104 0.0989 0.0106 0.9949 Time: 31401227376133
Position: -77.82 158.34 -1297.47 Orientation: -0.0101 0.0999 0.0108 0.9948 Time: 31401483358208
Position: -77.8 158.35 -1297.47 Orientation: -0.01 0.0986 0.0105 0.995 Time: 31401705354652
Position: -77.79 158.35 -1297.5 Orientation: -0.01 0.0974 0.0103 0.9951 Time: 31401896377250
Position: -77.81 158.35 -1297.48 Orientation: -0.0099 0.0991 0.0107 0.9949 Time: 31402117342582
Position: -77.79 158.34 -1297.36 Orientation: -0.0093 0.0972 0.0103 0.9951 Time: 31402337331553
Position: -77.8 158.33 -1297.4 Orientation: -0.0101 0.0994 0.0107 0.9949 Time: 31402591324973
Position: -77.78 158.33 -1297.33 Orientation: -0.01 0.0978 0.0104 0.995 Time: 31402814345685
Position: -77.81 158.34 -1297.46 Orientation: -0.0099 0.0984 0.0105 0.995 Time: 31403033351450
Position: -77.77 158.33 -1297.37 Orientation: -0.0098 0.0969 0.0102 0.9951 Time: 31403281378336
Position: -77.81 158.36 -1297.47 Orientation: -0.0095 0.0994 0.0107 0.9949 Time: 31403500329351
Position: -77.75 158.31 -1297.28 Orientation: -0.0105 0.0942 0.0097 0.9954 Time: 31403717284297
Position: -77.81 158.35 -1297.46 Orientation: -0.009 0.0989 0.0106 0.9949 Time: 31403936340818
Position: -77.8 158.34 -1297.42 Orientation: -0.0099 0.0985 0.0105 0.995 Time: 31404154357673
Position: -77.81 158.35 -1297.46 Orientation: -0.0099 0.099 0.0106 0.9949 Time: 31404403368336
Position: -77.82 158.34 -1297.43 Orientation: -0.0109 0.1009 0.011 0.9947 Time: 31404620349517
Position: -77.79 158.33 -1297.38 Orientation: -0.01 0.0977 0.0104 0.9951 Time: 31404838315614
Position: -77.77 158.33 -1297.35 Orientation: -0.0096 0.0954 0.0099 0.9953 Time: 31405056343875
Position: -77.78 158.33 -1297.37 Orientation: -0.0101 0.097 0.0102 0.9951 Time: 31405274266059
Position: -77.81 158.34 -1297.44 Orientation: -0.01 0.0991 0.0106 0.9949 Time: 31405524353459
Position: -77.79 158.33 -1297.39 Orientation: -0.01 0.0969 0.0102 0.9951 Time: 31405711365099
Position: -77.8 158.33 -1297.37 Orientation: -0.0099 0.0981 0.0104 0.995 Time: 31405960281092
Position: -77.8 158.34 -1297.42 Orientation: -0.0101 0.0981 0.0104 0.995 Time: 31406178302509
Position: -77.78 158.33 -1297.33 Orientation: -0.0101 0.0974 0.0103 0.9951 Time: 31406395287111
Position: -77.8 158.34 -1297.37 Orientation: -0.0096 0.0984 0.0105 0.995 Time: 31406612304221
Position: -77.8 158.34 -1297.42 Orientation: -0.0099 0.0987 0.0106 0.995 Time: 31406860234155
Position: -77.79 158.34 -1297.42 Orientation: -0.0101 0.0983 0.0105 0.995 Time: 31407077266663
Position: -77.79 158.34 -1297.39 Orientation: -0.0101 0.0978 0.0104 0.995 Time: 31407294262102
Position: -77.8 158.35 -1297.42 Orientation: -0.0094 0.0987 0.0106 0.995 Time: 31407512270972
Position: -77.79 158.35 -1297.41 Orientation: -0.0092 0.0977 0.0104 0.9951 Time: 31407760277328
Position: -77.78 158.34 -1297.39 Orientation: -0.0097 0.0964 0.0101 0.9952 Time: 31407978228027
Position: -77.8 158.35 -1297.42 Orientation: -0.0098 0.0987 0.0106 0.995 Time: 31408196290506
Position: -77.76 158.32 -1297.32 Orientation: -0.0103 0.0943 0.0096 0.9954 Time: 31408448298693
Position: -77.8 158.33 -1297.41 Orientation: -0.0107 0.0986 0.0106 0.995 Time: 31408665262194
Position: -77.76 158.32 -1297.37 Orientation: -0.0101 0.0952 0.0098 0.9953 Time: 31408914270576
Position: -77.82 158.35 -1297.4 Orientation: -0.0098 0.0998 0.0108 0.9948 Time: 31409131313350
Position: -77.77 158.32 -1297.3 Orientation: -0.0101 0.0968 0.0102 0.9951 Time: 31409380256146
Position: -77.8 158.33 -1297.42 Orientation: -0.0102 0.0982 0.0104 0.995 Time: 31409628236268
Position: -77.8 158.34 -1297.41 Orientation: -0.0099 0.098 0.0104 0.995 Time: 31409877273735
Position: -77.8 158.35 -1297.45 Orientation: -0.0098 0.0991 0.0106 0.9949 Time: 31410130234332
Position: -77.8 158.35 -1297.34 Orientation: -0.0096 0.0982 0.0105 0.995 Time: 31410347229770
Position: -77.78 158.33 -1297.36 Orientation: -0.0096 0.0968 0.0101 0.9952 Time: 31410566253784
Position: -77.79 158.33 -1297.36 Orientation: -0.0106 0.0975 0.0103 0.9951 Time: 31410814231054
Position: -77.77 158.33 -1297.4 Orientation: -0.0104 0.0968 0.0102 0.9951 Time: 31411064228345
Position: -77.78 158.33 -1297.38 Orientation: -0.0103 0.097 0.0102 0.9951 Time: 31411282200146
Position: -77.77 158.34 -1297.37 Orientation: -0.0097 0.0959 0.0099 0.9952 Time: 31411500169665
Position: -77.82 158.35 -1297.44 Orientation: -0.0103 0.1 0.0108 0.9948 Time: 31411718258949
Position: -77.82 158.34 -1297.48 Orientation: -0.0107 0.0994 0.0106 0.9949 Time: 31411966217969
Position: -77.8 158.35 -1297.49 Orientation: -0.0095 0.0976 0.0103 0.9951 Time: 31412184182926
Position: -77.8 158.34 -1297.42 Orientation: -0.0102 0.0985 0.0105 0.995 Time: 31412401754372
Position: -77.82 158.35 -1297.41 Orientation: -0.0099 0.0993 0.0107 0.9949 Time: 31412649221789
Position: -77.8 158.34 -1297.45 Orientation: -0.0102 0.0988 0.0105 0.9949 Time: 31412867145685
Position: -77.75 158.34 -1297.36 Orientation: -0.0091 0.0939 0.0096 0.9954 Time: 31413085204172
Position: -77.78 158.34 -1297.36 Orientation: -0.0101 0.0979 0.0105 0.995 Time: 31413303162285
Position: -77.79 158.34 -1297.42 Orientation: -0.0101 0.0969 0.0102 0.9951 Time: 31413552175800
