Position: -145.63 164.13 -1114.91 Orientation: -0.1949 0.1138 -0.0756 0.9712 Time: 31295033883544
Position: -145.62 164.12 -1114.92 Orientation: -0.1947 0.1133 -0.0756 0.9713 Time: 31295289884439
Position: -145.64 164.12 -1114.91 Orientation: -0.1948 0.1152 -0.0756 0.971 Time: 31295482883714
Position: -145.62 164.13 -1114.84 Orientation: -0.1948 0.1128 -0.0757 0.9713 Time: 31295674885525
Position: -145.64 164.11 -1114.93 Orientation: -0.1948 0.1153 -0.0756 0.971 Time: 31295898864921
Position: -145.64 164.13 -1114.93 Orientation: -0.1948 0.115 -0.0756 0.9711 Time: 31296092311315
Position: -145.63 164.12 -1114.9 Orientation: -0.1951 0.1132 -0.0756 0.9712 Time: 31296381949953
Position: -145.66 164.13 -1114.99 Orientation: -0.1943 0.116 -0.0755 0.9711 Time: 31296603880813
Position: -145.66 164.12 -1114.96 Orientation: -0.1945 0.1155 -0.0756 0.9711 Time: 31296824868958
Position: -145.63 164.13 -1114.87 Orientation: -0.1948 0.1135 -0.0756 0.9712 Time: 31297045886759
Position: -145.65 164.1 -1114.97 Orientation: -0.1943 0.1151 -0.0756 0.9712 Time: 31297233824004
Position: -145.66 164.11 -1114.97 Orientation: -0.1944 0.1165 -0.0755 0.971 Time: 31297420865301
Position: -145.64 164.11 -1114.97 Orientation: -0.1946 0.1147 -0.0756 0.9712 Time: 31297670820960
Position: -145.63 164.14 -1114.86 Orientation: -0.1949 0.1136 -0.0756 0.9712 Time: 31297954945886
Position: -145.64 164.15 -1114.91 Orientation: -0.1951 0.1137 -0.0756 0.9712 Time: 31298235929571
Position: -145.63 164.12 -1114.95 Orientation: -0.1949 0.114 -0.0756 0.9712 Time: 31298517792667
Position: -145.62 164.13 -1114.87 Orientation: -0.195 0.113 -0.0756 0.9713 Time: 31298786077366
Position: -145.66 164.13 -1114.93 Orientation: -0.1945 0.1159 -0.0756 0.971 Time: 31299034827970
Position: -145.63 164.14 -1114.85 Orientation: -0.1947 0.1135 -0.0756 0.9713 Time: 31299284815566
Position: -145.64 164.13 -1114.92 Orientation: -0.195 0.1148 -0.0756 0.971 Time: 31299535926093
Position: -145.61 164.11 -1114.89 Orientation: -0.1948 0.1128 -0.0756 0.9713 Time: 31299784858624
Position: -145.64 164.14 -1114.93 Orientation: -0.195 0.1143 -0.0755 0.9711 Time: 31300064859673
Position: -145.65 164.14 -1114.94 Orientation: -0.1947 0.1145 -0.0756 0.9712 Time: 31300317786622
Position: -145.64 164.13 -1114.93 Orientation: -0.1948 0.1146 -0.0756 0.9711 Time: 31300566768200
Position: -145.61 164.13 -1114.88 Orientation: -0.1949 0.1123 -0.0757 0.9714 Time: 31300845824823
Position: -145.64 164.13 -1114.91 Orientation: -0.1948 0.1146 -0.0756 0.9711 Time: 31301093768445
Position: -145.64 164.14 -1114.92 Orientation: -0.1946 0.1138 -0.0756 0.9713 Time: 31301342763710
Position: -145.65 164.13 -1114.93 Orientation: -0.1951 0.1155 -0.0755 0.971 Time: 31301591756123
Position: -145.64 164.12 -1114.95 Orientation: -0.1946 0.1146 -0.0756 0.9712 Time: 31301841767102
Position: -145.63 164.12 -1114.91 Orientation: -0.195 0.1138 -0.0756 0.9712 Time: 31302058791625
Position: -145.65 164.12 -1114.97 Orientation: -0.1944 0.1152 -0.0756 0.9711 Time: 31302306836762
Position: -145.62 164.13 -1114.9 Orientation: -0.1954 0.1135 -0.0755 0.9711 Time: 31302523783153
Position: -145.63 164.12 -1114.91 Orientation: -0.1945 0.1145 -0.0756 0.9712 Time: 31302741789172
Position: -145.62 164.14 -1114.9 Orientation: -0.1954 0.1127 -0.0756 0.9712 Time: 31302991719738
Position: -145.63 164.13 -1114.88 Orientation: -0.1949 0.1133 -0.0756 0.9713 Time: 31303209747999
Position: -145.63 164.14 -1114.91 Orientation: -0.1952 0.1133 -0.0756 0.9712 Time: 31303457731542
Position: -145.66 164.13 -1114.98 Orientation: -0.1947 0.1157 -0.0755 0.971 Time: 31303674766331
Position: -145.63 164.13 -1114.92 Orientation: -0.1947 0.1143 -0.0756 0.9712 Time: 31303922756718
Position: -145.63 164.14 -1114.94 Orientation: -0.1947 0.1128 -0.0757 0.9713 Time: 31304140942383
Position: -145.65 164.13 -1114.96 Orientation: -0.1949 0.1151 -0.0756 0.971 Time: 31304388742859
Position: -145.64 164.13 -1114.98 Orientation: -0.1949 0.1146 -0.0756 0.9711 Time: 31304606750018
Position: -145.66 164.13 -1114.98 Orientation: -0.1948 0.1154 -0.0756 0.971 Time: 31304823748878
Position: -145.66 164.13 -1114.98 Orientation: -0.1941 0.1156 -0.0756 0.9711 Time: 31305102826603
Position: -145.63 164.14 -1114.93 Orientation: -0.195 0.1129 -0.0757 0.9713 Time: 31305319727941
Position: -145.64 164.14 -1114.94 Orientation: -0.1948 0.1138 -0.0756 0.9712 Time: 31305539661592
Position: -145.64 164.13 -1114.92 Orientation: -0.1947 0.1143 -0.0756 0.9712 Time: 31305788757230
Position: -145.66 164.14 -1115 Orientation: -0.1948 0.116 -0.0755 0.971 Time: 31306005711036
Position: -145.66 164.13 -1114.96 Orientation: -0.1948 0.116 -0.0755 0.971 Time: 31306223725610
Position: -145.63 164.12 -1114.88 Orientation: -0.1948 0.114 -0.0756 0.9712 Time: 31306472753952
Position: -145.65 164.12 -1114.94 Orientation: -0.1948 0.1149 -0.0756 0.9711 Time: 31306691732342
Position: -145.65 164.13 -1114.97 Orientation: -0.1947 0.1149 -0.0756 0.9711 Time: 31306941689711
Position: -145.64 164.13 -1114.93 Orientation: -0.1946 0.1142 -0.0756 0.9712 Time: 31307159677480
Position: -145.64 164.14 -1114.92 Orientation: -0.1946 0.1138 -0.0756 0.9712 Time: 31307408766275
Position: -145.64 164.14 -1114.91 Orientation: -0.1954 0.1145 -0.0755 0.971 Time: 31307626730662
Position: -145.65 164.14 -1114.92 Orientation: -0.195 0.1148 -0.0756 0.971 Time: 31307876795819
Position: -145.64 164.14 -1114.95 Orientation: -0.1948 0.1143 -0.0756 0.9712 Time: 31308127702747
Position: -145.61 164.14 -1114.9 Orientation: -0.1951 0.1117 -0.0757 0.9714 Time: 31308346666879
Position: -145.65 164.13 -1114.94 Orientation: -0.1947 0.1154 -0.0755 0.9711 Time: 31308662666165
Position: -145.66 164.13 -1114.94 Orientation: -0.1952 0.1162 -0.0755 0.9709 Time: 31308919739233
Position: -145.64 164.14 -1114.94 Orientation: -0.195 0.1137 -0.0756 0.9712 Time: 31309143706653
Position: -145.65 164.13 -1114.98 Orientation: -0.1948 0.1147 -0.0756 0.9711 Time: 31309404694296
Position: -145.65 164.13 -1114.95 Orientation: -0.1953 0.1149 -0.0755 0.971 Time: 31309628645177
Position: -145.63 164.13 -1114.9 Orientation: -0.1951 0.1138 -0.0756 0.9712 Time: 31309853711574
Position: -145.64 164.13 -1114.93 Orientation: -0.1946 0.1137 -0.0757 0.9712 Time: 31310206708842
Position: -145.64 164.14 -1114.94 Orientation: -0.195 0.1136 -0.0756 0.9712 Time: 31310432161907
Position: -145.63 164.14 -1114.93 Orientation: -0.1951 0.1134 -0.0756 0.9712 Time: 31310656650585
Position: -145.66 164.13 -1114.98 Orientation: -0.1952 0.1156 -0.0755 0.9709 Time: 31310912700526
Position: -145.64 164.13 -1114.94 Orientation: -0.1949 0.1147 -0.0756 0.9711 Time: 31311136797975
Position: -145.66 164.13 -1114.98 Orientation: -0.1949 0.1161 -0.0755 0.9709 Time: 31311360611983
Position: -145.64 164.13 -1114.95 Orientation: -0.1947 0.1146 -0.0756 0.9711 Time: 31311616710399
Position: -145.64 164.14 -1114.96 Orientation: -0.1948 0.1135 -0.0756 0.9712 Time: 31311840595124
Position: -145.65 164.14 -1114.98 Orientation: -0.1947 0.1138 -0.0756 0.9712 Time: 31312064687441
Position: -145.63 164.14 -1114.93 Orientation: -0.1949 0.1137 -0.0756 0.9712 Time: 31312288612658
Position: -145.65 164.14 -1114.97 Orientation: -0.1946 0.1139 -0.0756 0.9712 Time: 31312513662517
Position: -145.65 164.13 -1114.95 Orientation: -0.195 0.1151 -0.0755 0.971 Time: 31312770582173
Position: -145.66 164.13 -1114.98 Orientation: -0.1947 0.1152 -0.0756 0.9711 Time: 31312994629435
Position: -145.66 164.14 -1115 Orientation: -0.1949 0.115 -0.0756 0.9711 Time: 31313251645473
Position: -145.65 164.13 -1114.96 Orientation: -0.1946 0.115 -0.0756 0.9711 Time: 31313475684751
Position: -145.65 164.13 -1114.98 Orientation: -0.1948 0.115 -0.0756 0.9711 Time: 31313767644531
Position: -145.64 164.12 -1114.91 Orientation: -0.1948 0.1149 -0.0755 0.9711 Time: 31314023629456
Position: -145.63 164.13 -1114.91 Orientation: -0.1947 0.1135 -0.0756 0.9713 Time: 31314278599239
Position: -145.66 164.12 -1114.96 Orientation: -0.195 0.1157 -0.0755 0.971 Time: 31314500598535
Position: -145.65 164.14 -1114.99 Orientation: -0.1949 0.115 -0.0756 0.9711 Time: 31314724630969
Position: -145.65 164.13 -1114.95 Orientation: -0.1946 0.1144 -0.0756 0.9712 Time: 31314981658413
Position: -145.63 164.13 -1114.91 Orientation: -0.1952 0.1131 -0.0756 0.9712 Time: 31315233591890
Position: -145.63 164.13 -1114.9 Orientation: -0.1948 0.1134 -0.0756 0.9713 Time: 31315453596829
Position: -145.64 164.14 -1114.96 Orientation: -0.1949 0.114 -0.0756 0.9712 Time: 31315702612625
Position: -145.66 164.12 -1114.97 Orientation: -0.1943 0.1159 -0.0756 0.9711 Time: 31315920584425
Position: -145.65 164.13 -1114.98 Orientation: -0.1942 0.1148 -0.0756 0.9712 Time: 31316168631843
Position: -145.6 164.14 -1114.88 Orientation: -0.195 0.1113 -0.0756 0.9715 Time: 31316387572592
Position: -145.64 164.14 -1114.95 Orientation: -0.1948 0.1141 -0.0755 0.9712 Time: 31316635593776
Position: -145.65 164.14 -1115.02 Orientation: -0.1942 0.1143 -0.0756 0.9713 Time: 31316852684455
Position: -145.66 164.13 -1114.98 Orientation: -0.1946 0.1153 -0.0756 0.9711 Time: 31317131580253
Position: -145.63 164.14 -1114.92 Orientation: -0.1951 0.1131 -0.0756 0.9712 Time: 31317348515238
Position: -145.64 164.15 -1114.97 Orientation: -0.1947 0.1133 -0.0757 0.9713 Time: 31317596631663
Position: -145.66 164.13 -1114.96 Orientation: -0.1948 0.1157 -0.0755 0.971 Time: 31317879595448
Position: -145.66 164.14 -1115.02 Orientation: -0.195 0.1162 -0.0754 0.9709 Time: 31318129649199
Position: -145.67 164.1 -1115 Orientation: -0.1949 0.1156 -0.0755 0.971 Time: 31318347574805
Position: -145.67 164.08 -1114.98 Orientation: -0.1946 0.114 -0.0757 0.9712 Time: 31318595547512
Position: -145.69 164.11 -1114.91 Orientation: -0.1952 0.1137 -0.0757 0.9711 Time: 31318812532115
