Position: -90.69 74.91 -1017.89 Orientation: -0.0291 0.1076 -0.0118 0.9936 Time: 31556323165171
Position: -90.67 74.91 -1017.88 Orientation: -0.029 0.1063 -0.012 0.9938 Time: 31556547187910
Position: -90.69 74.91 -1017.88 Orientation: -0.0294 0.1075 -0.0118 0.9936 Time: 31556771165025
Position: -90.69 74.91 -1017.9 Orientation: -0.0293 0.1072 -0.0119 0.9937 Time: 31556963230140
Position: -90.71 74.9 -1017.93 Orientation: -0.0294 0.1082 -0.0117 0.9936 Time: 31557187189575
Position: -90.67 74.9 -1017.83 Orientation: -0.0289 0.1052 -0.0122 0.9939 Time: 31557414165925
Position: -90.7 74.91 -1017.91 Orientation: -0.0292 0.1078 -0.0118 0.9936 Time: 31557638170985
Position: -90.66 74.9 -1017.84 Orientation: -0.0292 0.1046 -0.0123 0.994 Time: 31557895095203
Position: -90.71 74.9 -1017.88 Orientation: -0.0295 0.1091 -0.0115 0.9935 Time: 31558119225730
Position: -90.7 74.9 -1017.87 Orientation: -0.0299 0.1083 -0.0117 0.9935 Time: 31558311136293
Position: -90.7 74.9 -1017.89 Orientation: -0.0295 0.1078 -0.0118 0.9936 Time: 31558504137279
Position: -90.68 74.9 -1017.89 Orientation: -0.0294 0.1065 -0.0119 0.9937 Time: 31558696104872
Position: -90.69 74.92 -1017.93 Orientation: -0.0286 0.1064 -0.012 0.9938 Time: 31558888124933
Position: -90.71 74.92 -1017.93 Orientation: -0.0292 0.1087 -0.0115 0.9935 Time: 31559145107893
Position: -90.69 74.91 -1017.91 Orientation: -0.0289 0.1062 -0.0121 0.9938 Time: 31559466115029
Position: -90.67 74.9 -1017.84 Orientation: -0.0292 0.1046 -0.0123 0.994 Time: 31559723152168
Position: -90.71 74.89 -1017.89 Orientation: -0.0292 0.1075 -0.0119 0.9936 Time: 31560046184458
Position: -90.71 74.91 -1017.89 Orientation: -0.029 0.1081 -0.0117 0.9936 Time: 31560331109523
Position: -90.67 74.9 -1017.83 Orientation: -0.0291 0.105 -0.0123 0.9939 Time: 31560584383788
Position: -90.71 74.91 -1017.91 Orientation: -0.0288 0.1074 -0.0119 0.9937 Time: 31560869112097
Position: -90.71 74.91 -1017.9 Orientation: -0.0291 0.1083 -0.0116 0.9936 Time: 31561086120082
Position: -90.72 74.91 -1017.92 Orientation: -0.0293 0.1084 -0.0117 0.9935 Time: 31561335117628
Position: -90.7 74.89 -1017.88 Orientation: -0.0293 0.1073 -0.0119 0.9937 Time: 31561615054803
Position: -90.69 74.91 -1017.84 Orientation: -0.0297 0.107 -0.0118 0.9937 Time: 31561833379623
Position: -90.69 74.91 -1017.85 Orientation: -0.0294 0.1061 -0.012 0.9938 Time: 31562083196127
Position: -90.69 74.9 -1017.84 Orientation: -0.0298 0.1066 -0.012 0.9937 Time: 31562331055344
Position: -90.7 74.91 -1017.88 Orientation: -0.0293 0.1065 -0.012 0.9938 Time: 31562579112456
Position: -90.68 74.9 -1017.83 Orientation: -0.0295 0.106 -0.0121 0.9938 Time: 31562827092578
Position: -90.71 74.9 -1017.91 Orientation: -0.0293 0.1077 -0.0118 0.9936 Time: 31563076045640
Position: -90.7 74.88 -1017.86 Orientation: -0.0296 0.1066 -0.012 0.9937 Time: 31563293044500
Position: -90.71 74.89 -1017.86 Orientation: -0.0294 0.1076 -0.0118 0.9936 Time: 31563541074808
Position: -90.68 74.89 -1017.82 Orientation: -0.0295 0.105 -0.0123 0.9939 Time: 31563758076520
Position: -90.71 74.9 -1017.91 Orientation: -0.0293 0.1083 -0.0117 0.9936 Time: 31563976058586
Position: -90.71 74.89 -1017.89 Orientation: -0.0298 0.1074 -0.0119 0.9936 Time: 31564224051824
Position: -90.68 74.88 -1017.79 Orientation: -0.0295 0.1049 -0.0123 0.9939 Time: 31564441048403
Position: -90.72 74.9 -1017.9 Orientation: -0.0292 0.1082 -0.0117 0.9936 Time: 31564689017689
Position: -90.72 74.9 -1017.91 Orientation: -0.0289 0.1077 -0.0118 0.9936 Time: 31564906047915
Position: -90.71 74.89 -1017.86 Orientation: -0.0293 0.1071 -0.0119 0.9937 Time: 31565154070239
Position: -90.7 74.89 -1017.88 Orientation: -0.0293 0.1067 -0.012 0.9937 Time: 31565402070322
Position: -90.68 74.89 -1017.85 Orientation: -0.0291 0.1049 -0.0123 0.9939 Time: 31565619032682
Position: -90.71 74.89 -1017.87 Orientation: -0.0293 0.1072 -0.0119 0.9937 Time: 31565867032764
Position: -90.71 74.9 -1017.89 Orientation: -0.0289 0.1071 -0.0119 0.9937 Time: 31566084136560
Position: -90.7 74.89 -1017.85 Orientation: -0.0294 0.1064 -0.0121 0.9938 Time: 31566332031136
Position: -90.71 74.89 -1017.91 Orientation: -0.0292 0.107 -0.0119 0.9937 Time: 31566549064784
Position: -90.71 74.88 -1017.91 Orientation: -0.0298 0.1068 -0.012 0.9937 Time: 31566796996430
Position: -90.71 74.89 -1017.87 Orientation: -0.0293 0.1068 -0.012 0.9937 Time: 31567044996512
Position: -90.7 74.85 -1017.88 Orientation: -0.0293 0.1064 -0.0122 0.9938 Time: 31567261973700
Position: -90.7 74.92 -1017.86 Orientation: -0.0293 0.1064 -0.012 0.9938 Time: 31567481016534
Position: -90.71 74.89 -1017.85 Orientation: -0.0293 0.1081 -0.0118 0.9936 Time: 31567791043584
Position: -90.73 74.91 -1017.92 Orientation: -0.029 0.1081 -0.0117 0.9936 Time: 31568038991198
Position: -90.7 74.91 -1017.83 Orientation: -0.0293 0.1066 -0.012 0.9937 Time: 31568257006912
Position: -90.7 74.89 -1017.84 Orientation: -0.0295 0.1062 -0.012 0.9938 Time: 31568505966248
Position: -90.7 74.91 -1017.89 Orientation: -0.0291 0.1062 -0.0121 0.9938 Time: 31568725002238
Position: -90.72 74.9 -1017.88 Orientation: -0.0294 0.1079 -0.0117 0.9936 Time: 31569007025019
Position: -90.72 74.9 -1017.9 Orientation: -0.0291 0.1071 -0.0119 0.9937 Time: 31569254989743
Position: -90.72 74.91 -1017.91 Orientation: -0.029 0.1076 -0.0118 0.9936 Time: 31569472937020
Position: -90.71 74.89 -1017.87 Orientation: -0.0293 0.107 -0.0119 0.9937 Time: 31569725031894
Position: -90.7 74.89 -1017.86 Orientation: -0.0297 0.1063 -0.012 0.9938 Time: 31569973998643
Position: -90.7 74.89 -1017.83 Orientation: -0.0289 0.1061 -0.0121 0.9938 Time: 31570221957093
Position: -90.71 74.91 -1017.91 Orientation: -0.0288 0.1063 -0.012 0.9938 Time: 31570439008992
Position: -90.71 74.9 -1017.89 Orientation: -0.0292 0.1068 -0.0119 0.9937 Time: 31570688982330
Position: -90.71 74.9 -1017.87 Orientation: -0.0293 0.1071 -0.0119 0.9937 Time: 31570907974406
Position: -90.72 74.9 -1017.89 Orientation: -0.0293 0.1071 -0.0119 0.9937 Time: 31571126028331
Position: -90.71 74.9 -1017.86 Orientation: -0.0293 0.1068 -0.0119 0.9937 Time: 31571442978316
Position: -90.72 74.89 -1017.89 Orientation: -0.0294 0.1076 -0.0118 0.9936 Time: 31571692947092
Position: -90.71 74.89 -1017.88 Orientation: -0.0296 0.1069 -0.0119 0.9937 Time: 31571911930044
Position: -90.72 74.89 -1017.86 Orientation: -0.0297 0.1074 -0.0119 0.9936 Time: 31572133943027
Position: -90.72 74.9 -1017.89 Orientation: -0.029 0.1073 -0.0118 0.9937 Time: 31572356908991
Position: -90.71 74.89 -1017.84 Orientation: -0.0295 0.1067 -0.012 0.9937 Time: 31572648015024
Position: -90.7 74.89 -1017.83 Orientation: -0.0295 0.1067 -0.012 0.9937 Time: 31572873207459
Position: -90.7 74.89 -1017.87 Orientation: -0.0294 0.106 -0.0121 0.9938 Time: 31573129019582
Position: -90.71 74.89 -1017.84 Orientation: -0.0296 0.1066 -0.012 0.9937 Time: 31573321921905
Position: -90.72 74.9 -1017.89 Orientation: -0.0291 0.1073 -0.0119 0.9937 Time: 31573545924684
Position: -90.69 74.89 -1017.83 Orientation: -0.0291 0.1046 -0.0124 0.994 Time: 31573804901431
Position: -90.72 74.89 -1017.89 Orientation: -0.0292 0.1069 -0.012 0.9937 Time: 31574028959529
Position: -90.72 74.89 -1017.86 Orientation: -0.0298 0.1077 -0.0118 0.9936 Time: 31574354909501
Position: -90.72 74.9 -1017.88 Orientation: -0.0289 0.1074 -0.0119 0.9937 Time: 31574579014364
Position: -90.71 74.89 -1017.86 Orientation: -0.0293 0.1067 -0.012 0.9937 Time: 31574802914487
Position: -90.71 74.89 -1017.86 Orientation: -0.0292 0.1059 -0.0121 0.9938 Time: 31575027080943
Position: -90.7 74.89 -1017.86 Orientation: -0.0292 0.1058 -0.0122 0.9938 Time: 31575316969945
Position: -90.72 74.89 -1017.86 Orientation: -0.0295 0.1068 -0.012 0.9937 Time: 31575572896129
Position: -90.71 74.89 -1017.84 Orientation: -0.0292 0.1059 -0.0121 0.9938 Time: 31575828922687
Position: -90.73 74.9 -1017.88 Orientation: -0.0294 0.1081 -0.0117 0.9936 Time: 31576122850590
Position: -90.72 74.89 -1017.85 Orientation: -0.0296 0.1071 -0.0119 0.9937 Time: 31576347830872
Position: -90.7 74.89 -1017.81 Orientation: -0.0293 0.1053 -0.0123 0.9939 Time: 31576571862166
Position: -90.72 74.89 -1017.88 Orientation: -0.0294 0.1076 -0.0118 0.9936 Time: 31576795892319
Position: -90.71 74.89 -1017.88 Orientation: -0.0291 0.1071 -0.0119 0.9937 Time: 31577019895098
Position: -90.72 74.9 -1017.85 Orientation: -0.0289 0.1075 -0.0119 0.9937 Time: 31577273854299
Position: -90.72 74.89 -1017.88 Orientation: -0.0291 0.107 -0.012 0.9937 Time: 31577496892691
Position: -90.69 74.9 -1017.8 Orientation: -0.0293 0.1055 -0.0121 0.9939 Time: 31577718901683
Position: -90.73 74.9 -1017.88 Orientation: -0.0295 0.1085 -0.0116 0.9935 Time: 31577940816574
Position: -90.71 74.89 -1017.86 Orientation: -0.0289 0.1063 -0.0121 0.9938 Time: 31578262861666
Position: -90.7 74.88 -1017.82 Orientation: -0.0292 0.1056 -0.0122 0.9939 Time: 31578482878581
Position: -90.71 74.89 -1017.84 Orientation: -0.0295 0.1068 -0.012 0.9937 Time: 31578701892900
Position: -90.7 74.89 -1017.86 Orientation: -0.0288 0.1055 -0.0122 0.9939 Time: 31578951848558
Position: -90.74 74.9 -1017.9 Orientation: -0.0293 0.1081 -0.0117 0.9936 Time: 31579206840583
Position: -90.72 74.9 -1017.88 Orientation: -0.0292 0.1068 -0.0119 0.9937 Time: 31579455852957
Position: -90.73 74.9 -1017.91 Orientation: -0.0292 0.1079 -0.0117 0.9936 Time: 31579704866471
Position: -90.72 74.88 -1017.85 Orientation: -0.0292 0.1066 -0.012 0.9937 Time: 31579922869068
Position: -90.72 74.88 -1017.86 Orientation: -0.029 0.1078 -0.0117 0.9936 Time: 31580238824441
