Position: -102.077 -21.9767 -1180.85 Orientation: -0.246349 0.0985396 -0.115674 0.957195 Time: 1789867734947
Position: -102.067 -21.97 -1180.8 Orientation: -0.246484 0.0969069 -0.115608 0.957335 Time: 1789915392037
Position: -102.083 -21.9767 -1180.83 Orientation: -0.246318 0.098474 -0.115709 0.957205 Time: 1790034374999
Position: -102.067 -21.97 -1180.78 Orientation: -0.246291 0.097043 -0.115678 0.957362 Time: 1789987345594
Position: -102.083 -21.9767 -1180.85 Orientation: -0.245877 0.0989377 -0.115672 0.957275 Time: 1790154944893
Position: -102.09 -21.98 -1180.86 Orientation: -0.245808 0.0995032 -0.115704 0.957231 Time: 1790107734723
Position: -102.067 -21.97 -1180.81 Orientation: -0.246152 0.0977073 -0.115609 0.957339 Time: 1790322211671
Position: -102.06 -21.97 -1180.79 Orientation: -0.246218 0.096907 -0.115608 0.957403 Time: 1790273878730
Position: -102.083 -21.9733 -1180.82 Orientation: -0.246147 0.0981055 -0.115707 0.957287 Time: 1790518666806
Position: -102.077 -21.97 -1180.8 Orientation: -0.246549 0.0977063 -0.115674 0.957229 Time: 1790566076352
Position: -102.07 -21.97 -1180.8 Orientation: -0.246625 0.0978764 -0.115645 0.957195 Time: 1790764896628
Position: -102.063 -21.97 -1180.79 Orientation: -0.246823 0.0974757 -0.115611 0.957189 Time: 1790226560867
Position: -102.077 -21.9733 -1180.82 Orientation: -0.246316 0.0983062 -0.115674 0.957227 Time: 1790397991135
Position: -102.063 -21.9667 -1180.83 Orientation: -0.245883 0.0967733 -0.115641 0.957499 Time: 1790447047959
Position: -102.083 -21.9767 -1180.84 Orientation: -0.246351 0.0987739 -0.115675 0.95717 Time: 1790642125390
Position: -102.077 -21.97 -1180.84 Orientation: -0.246481 0.0983391 -0.115607 0.957189 Time: 1790717252128
Position: -102.077 -21.9767 -1180.82 Orientation: -0.246074 0.0978698 -0.115704 0.95733 Time: 1790837569416
Position: -102.08 -21.98 -1180.82 Orientation: -0.246276 0.0986038 -0.115704 0.957203 Time: 1790885064761
Position: -102.07 -21.9733 -1180.84 Orientation: -0.245924 0.0977095 -0.115645 0.957393 Time: 1790957866589
Position: -102.087 -21.9767 -1180.86 Orientation: -0.245954 0.0993082 -0.11571 0.957213 Time: 1791005216335
Position: -102.08 -21.97 -1180.81 Orientation: -0.246551 0.0986405 -0.115642 0.957136 Time: 1791076510872
Position: -102.073 -21.9767 -1180.8 Orientation: -0.246278 0.0982379 -0.115672 0.957244 Time: 1791125239007
Position: -102.09 -21.98 -1180.87 Orientation: -0.246247 0.0988054 -0.11574 0.957186 Time: 1791198579848
Position: -102.087 -21.98 -1180.87 Orientation: -0.245853 0.0985746 -0.115743 0.95731 Time: 1791247765165
Position: -102.067 -21.9667 -1180.8 Orientation: -0.246448 0.0968393 -0.11554 0.957359 Time: 1791317766838
Position: -102.067 -21.97 -1180.78 Orientation: -0.246483 0.0973066 -0.115575 0.957298 Time: 1791364191821
Position: -102.083 -21.9867 -1180.82 Orientation: -0.245852 0.0993075 -0.115709 0.957239 Time: 1791442529232
Position: -102.08 -21.98 -1180.85 Orientation: -0.245512 0.0991049 -0.115706 0.957347 Time: 1791490926899
Position: -102.067 -21.9733 -1180.8 Orientation: -0.246021 0.0969084 -0.115643 0.957449 Time: 1791565817315
Position: -102.08 -21.98 -1180.86 Orientation: -0.245789 0.0980091 -0.115711 0.957389 Time: 1791614954190
Position: -102.073 -21.9767 -1180.84 Orientation: -0.245882 0.0981061 -0.115674 0.957359 Time: 1791663857480
Position: -102.067 -21.9767 -1180.8 Orientation: -0.246617 0.0975734 -0.115608 0.957233 Time: 1791740191693
Position: -102.063 -21.98 -1180.79 Orientation: -0.246273 0.0974691 -0.11567 0.957324 Time: 1791787455231
Position: -102.073 -21.98 -1180.82 Orientation: -0.245847 0.0985388 -0.115706 0.95732 Time: 1791859366504
Position: -102.083 -21.98 -1180.85 Orientation: -0.246113 0.0985386 -0.115706 0.957252 Time: 1791906766608
Position: -102.077 -21.98 -1180.81 Orientation: -0.246515 0.0975393 -0.11564 0.957258 Time: 1791984046521
Position: -102.07 -21.9733 -1180.8 Orientation: -0.246578 0.0975711 -0.115605 0.957243 Time: 1792032228255
Position: -102.083 -21.9767 -1180.84 Orientation: -0.246187 0.0984415 -0.115676 0.957246 Time: 1792103186849
Position: -102.05 -21.97 -1180.75 Orientation: -0.246418 0.0964069 -0.115608 0.957402 Time: 1792151153060
Position: -102.077 -21.9767 -1180.81 Orientation: -0.246346 0.0986717 -0.115673 0.957182 Time: 1792223930394
Position: -102.083 -21.9733 -1180.84 Orientation: -0.246018 0.0985741 -0.115709 0.957272 Time: 1792270831443
Position: -102.077 -21.98 -1180.82 Orientation: -0.246651 0.0990405 -0.115642 0.957069 Time: 1792342295524
Position: -102.09 -21.98 -1180.86 Orientation: -0.24632 0.099708 -0.115709 0.957077 Time: 1792388830116
Position: -102.093 -21.99 -1180.88 Orientation: -0.245913 0.100005 -0.115706 0.957151 Time: 1792459403643
Position: -102.087 -21.9833 -1180.87 Orientation: -0.246192 0.0995435 -0.115678 0.957131 Time: 1792506126800
Position: -102.073 -21.9767 -1180.81 Orientation: -0.246124 0.0978764 -0.115611 0.957328 Time: 1792578956133
Position: -102.087 -21.98 -1180.85 Orientation: -0.245889 0.0987758 -0.115677 0.957288 Time: 1792628365456
Position: -102.067 -21.9767 -1180.81 Orientation: -0.24598 0.0973718 -0.115606 0.957417 Time: 1792703980575
Position: -102.06 -21.9733 -1180.81 Orientation: -0.246139 0.0969021 -0.115636 0.957421 Time: 1792751147231
Position: -102.08 -21.98 -1180.87 Orientation: -0.246086 0.0983744 -0.115709 0.957275 Time: 1792822150435
Position: -102.07 -21.9733 -1180.85 Orientation: -0.246421 0.0976415 -0.115576 0.95728 Time: 1792870023458
Position: -102.077 -21.9833 -1180.8 Orientation: -0.245959 0.0981438 -0.115679 0.957335 Time: 1792942125350
Position: -102.073 -21.9733 -1180.79 Orientation: -0.246095 0.0974444 -0.115646 0.957376 Time: 1793014108054
Position: -102.083 -21.98 -1180.81 Orientation: -0.245959 0.0987769 -0.115712 0.957266 Time: 1793062962492
Position: -102.063 -21.9733 -1180.79 Orientation: -0.246555 0.0968419 -0.115644 0.957318 Time: 1793132790790
Position: -102.09 -21.9833 -1180.84 Orientation: -0.246322 0.0993422 -0.115677 0.957118 Time: 1793179037059
Position: -102.093 -21.9867 -1180.86 Orientation: -0.246027 0.0991777 -0.115713 0.957207 Time: 1793250292323
Position: -102.08 -21.9733 -1180.82 Orientation: -0.246416 0.0987066 -0.115641 0.957164 Time: 1793319809858
Position: -102.073 -21.97 -1180.83 Orientation: -0.246253 0.0976743 -0.115676 0.957308 Time: 1793365728806
Position: -102.063 -21.9767 -1180.82 Orientation: -0.246061 0.0971442 -0.115713 0.957407 Time: 1793437059879
Position: -102.08 -21.98 -1180.83 Orientation: -0.246281 0.0990392 -0.115707 0.957157 Time: 1793484770336
Position: -102.077 -21.9767 -1180.84 Orientation: -0.246081 0.0982722 -0.115707 0.957287 Time: 1793558167144
Position: -102.063 -21.97 -1180.81 Orientation: -0.246279 0.097238 -0.115672 0.957346 Time: 1793606576168
Position: -102.057 -21.97 -1180.82 Orientation: -0.246293 0.0967104 -0.115612 0.957403 Time: 1793676613967
Position: -102.06 -21.97 -1180.81 Orientation: -0.24622 0.0964746 -0.11561 0.957446 Time: 1793722840532
Position: -102.077 -21.9733 -1180.85 Orientation: -0.246029 0.0979448 -0.115614 0.957345 Time: 1793800877854
Position: -102.077 -21.9767 -1180.81 Orientation: -0.246455 0.0981088 -0.11561 0.957219 Time: 1793847991415
Position: -102.057 -21.9733 -1180.78 Orientation: -0.247012 0.0967713 -0.115606 0.957213 Time: 1793895605400
Position: -102.077 -21.98 -1180.81 Orientation: -0.246355 0.0986418 -0.115677 0.957182 Time: 1793966880779
Position: -102.073 -21.97 -1180.8 Orientation: -0.246244 0.0973709 -0.115672 0.957342 Time: 1794041412811
Position: -102.07 -21.9733 -1180.8 Orientation: -0.246188 0.0981086 -0.115643 0.957284 Time: 1794089623965
Position: -102.087 -21.98 -1180.83 Orientation: -0.246152 0.0992075 -0.115709 0.957172 Time: 1794161111719
Position: -102.083 -21.9833 -1180.83 Orientation: -0.245882 0.0990395 -0.115707 0.957259 Time: 1794209284421
Position: -102.077 -21.9767 -1180.79 Orientation: -0.245955 0.0980419 -0.115643 0.957351 Time: 1794282386613
Position: -102.077 -21.9767 -1180.8 Orientation: -0.246061 0.0975109 -0.11568 0.957373 Time: 1794330762932
Position: -102.08 -21.98 -1180.81 Orientation: -0.245883 0.0984397 -0.115641 0.957329 Time: 1794402819941
Position: -102.08 -21.98 -1180.81 Orientation: -0.245608 0.0987032 -0.115704 0.957365 Time: 1794450055016
Position: -102.073 -21.9733 -1180.8 Orientation: -0.246353 0.0977744 -0.115643 0.957276 Time: 1794522260769
Position: -102.063 -21.9767 -1180.82 Orientation: -0.246191 0.0973096 -0.115678 0.957361 Time: 1794573459548
Position: -102.067 -21.9667 -1180.84 Orientation: -0.246009 0.0971034 -0.115637 0.957433 Time: 1794648155924
Position: -102.083 -21.9833 -1180.84 Orientation: -0.246043 0.0994374 -0.115738 0.957173 Time: 1794695424388
Position: -102.077 -21.9767 -1180.79 Orientation: -0.246323 0.0983094 -0.115678 0.957224 Time: 1794772474684
Position: -102.063 -21.97 -1180.79 Orientation: -0.246223 0.0972757 -0.115677 0.957356 Time: 1794819745064
Position: -102.08 -21.9767 -1180.82 Orientation: -0.246188 0.0990754 -0.115644 0.957184 Time: 1794867038980
Position: -102.057 -21.97 -1180.77 Orientation: -0.246248 0.0963057 -0.115607 0.957456 Time: 1794939699042
Position: -102.083 -21.9767 -1180.84 Orientation: -0.246113 0.098572 -0.115673 0.957252 Time: 1795018391006
Position: -102.07 -21.9733 -1180.8 Orientation: -0.246243 0.0977706 -0.115638 0.957305 Time: 1795066368163
Position: -102.073 -21.9767 -1180.79 Orientation: -0.246416 0.0981065 -0.115608 0.95723 Time: 1795113940685
Position: -102.067 -21.9733 -1180.77 Orientation: -0.246416 0.0974729 -0.115607 0.957295 Time: 1795184998900
Position: -102.097 -21.9867 -1180.85 Orientation: -0.246157 0.10061 -0.115711 0.957024 Time: 1795256732282
Position: -102.083 -21.98 -1180.85 Orientation: -0.246354 0.0989417 -0.11571 0.957148 Time: 1795303527280
Position: -102.09 -21.98 -1180.87 Orientation: -0.246014 0.0993388 -0.115773 0.957186 Time: 1795374213016
Position: -102.053 -21.9667 -1180.78 Orientation: -0.24651 0.0968039 -0.115605 0.957339 Time: 1795421270746
Position: -102.077 -21.9733 -1180.83 Orientation: -0.246177 0.0985708 -0.115638 0.95724 Time: 1795498354157
Position: -102.09 -21.98 -1180.86 Orientation: -0.245945 0.0990378 -0.115705 0.957243 Time: 1795545908069
Position: -102.077 -21.9733 -1180.79 Orientation: -0.246223 0.097909 -0.115711 0.957288 Time: 1795615677526
Position: -102.07 -21.97 -1180.77 Orientation: -0.246529 0.0976116 -0.115647 0.957247 Time: 1795662458292
Position: -102.063 -21.97 -1180.8 Orientation: -0.246356 0.0967088 -0.115611 0.957387 Time: 1795734078781
Position: -102.067 -21.97 -1180.8 Orientation: -0.246481 0.0976725 -0.115607 0.957258 Time: 1795781078629
Position: -102.07 -21.97 -1180.79 Orientation: -0.24595 0.0975067 -0.115708 0.957399 Time: 1795852962809
Position: -102.067 -21.97 -1180.79 Orientation: -0.246184 0.0975737 -0.115675 0.957336 Time: 1795900893167
