Position: -144.883 -112.093 -1077.17 Orientation: -0.108536 0.0801684 -0.0437676 0.989888 Time: 2741696820292
Position: -144.867 -112.08 -1077.19 Orientation: -0.108537 0.0796357 -0.0438013 0.989929 Time: 2741789842676
Position: -144.877 -112.083 -1077.22 Orientation: -0.108671 0.08017 -0.0437351 0.989874 Time: 2741863419018
Position: -144.89 -112.09 -1077.2 Orientation: -0.108641 0.080239 -0.0437698 0.98987 Time: 2741910562410
Position: -144.883 -112.083 -1077.22 Orientation: -0.108609 0.080173 -0.0438034 0.989878 Time: 2741962545144
Position: -144.887 -112.077 -1077.21 Orientation: -0.108576 0.0801401 -0.0438037 0.989884 Time: 2742116305005
Position: -144.873 -112.08 -1077.22 Orientation: -0.108708 0.0797391 -0.0437365 0.989905 Time: 2742236851500
Position: -144.873 -112.083 -1077.21 Orientation: -0.108739 0.0799707 -0.0437355 0.989883 Time: 2742481462779
Position: -144.887 -112.087 -1077.23 Orientation: -0.108539 0.0792709 -0.0439024 0.989954 Time: 2742737705038
Position: -144.877 -112.097 -1077.2 Orientation: -0.108742 0.0791395 -0.0438701 0.989943 Time: 2742356750605
Position: -144.89 -112.08 -1077.24 Orientation: -0.108644 0.0808076 -0.0437041 0.989827 Time: 2742614854297
Position: -144.873 -112.07 -1077.23 Orientation: -0.108576 0.0801404 -0.0437372 0.989887 Time: 2742044240744
Position: -144.88 -112.087 -1077.22 Orientation: -0.108343 0.0795738 -0.0438039 0.989955 Time: 2742284899814
Position: -144.89 -112.093 -1077.21 Orientation: -0.108609 0.0805402 -0.043737 0.989851 Time: 2742531206539
Position: -144.877 -112.08 -1077.19 Orientation: -0.108738 0.0796034 -0.0438019 0.989909 Time: 2742163268453
Position: -144.873 -112.09 -1077.22 Orientation: -0.108605 0.0793036 -0.0438687 0.989945 Time: 2742405711231
Position: -144.89 -112.073 -1077.22 Orientation: -0.108573 0.0805377 -0.043769 0.989854 Time: 2742661043231
Position: -144.887 -112.08 -1077.27 Orientation: -0.108442 0.0803731 -0.0438035 0.98988 Time: 2742797930734
Position: -144.88 -112.087 -1077.21 Orientation: -0.108704 0.0796366 -0.0438685 0.989908 Time: 2742878754800
Position: -144.883 -112.09 -1077.21 Orientation: -0.108609 0.07924 -0.0438703 0.98995 Time: 2742925899287
Position: -144.863 -112.087 -1077.19 Orientation: -0.109075 0.0786395 -0.0439035 0.989945 Time: 2743011883859
Position: -144.877 -112.087 -1077.22 Orientation: -0.109137 0.0791692 -0.0438348 0.989899 Time: 2743060250600
Position: -144.877 -112.093 -1077.18 Orientation: -0.108905 0.0784038 -0.0439354 0.989981 Time: 2743134376490
Position: -144.86 -112.09 -1077.15 Orientation: -0.108805 0.0777035 -0.044002 0.990044 Time: 2743182632665
Position: -144.86 -112.083 -1077.19 Orientation: -0.108674 0.0784389 -0.0439364 0.990003 Time: 2743235361724
Position: -144.887 -112.087 -1077.21 Orientation: -0.10844 0.0806052 -0.0437362 0.989864 Time: 2743324230059
Position: -144.883 -112.083 -1077.21 Orientation: -0.108607 0.080372 -0.0437029 0.989866 Time: 2743372876364
Position: -144.88 -112.08 -1077.21 Orientation: -0.10831 0.0795408 -0.0438375 0.98996 Time: 2743419229643
Position: -144.88 -112.08 -1077.2 Orientation: -0.108577 0.0804741 -0.0437707 0.989858 Time: 2743486649148
Position: -144.887 -112.09 -1077.21 Orientation: -0.108809 0.0802402 -0.0437704 0.989852 Time: 2743552828336
Position: -144.893 -112.09 -1077.22 Orientation: -0.108777 0.080641 -0.0436708 0.989827 Time: 2743623991096
Position: -144.877 -112.08 -1077.21 Orientation: -0.10861 0.0791406 -0.0438707 0.989958 Time: 2743695796593
Position: -144.89 -112.08 -1077.23 Orientation: -0.108741 0.0801056 -0.043803 0.989869 Time: 2743744268290
Position: -144.897 -112.087 -1077.23 Orientation: -0.108804 0.081303 -0.0436683 0.98977 Time: 2743817048908
Position: -144.883 -112.077 -1077.24 Orientation: -0.108673 0.0808048 -0.0436692 0.989825 Time: 2743890612249
Position: -144.89 -112.077 -1077.24 Orientation: -0.108808 0.0804723 -0.0437031 0.989836 Time: 2743938917412
Position: -144.89 -112.087 -1077.22 Orientation: -0.108772 0.0794042 -0.043869 0.989919 Time: 2743988524607
Position: -144.877 -112.08 -1077.22 Orientation: -0.108774 0.0792717 -0.0438694 0.989929 Time: 2744066074778
Position: -144.873 -112.083 -1077.17 Orientation: -0.108905 0.0789367 -0.0438685 0.989942 Time: 2744138918754
Position: -144.877 -112.087 -1077.19 Orientation: -0.108743 0.0785733 -0.0439704 0.989984 Time: 2744187730635
Position: -144.877 -112.08 -1077.21 Orientation: -0.10907 0.0797689 -0.0437679 0.989861 Time: 2744260273425
Position: -144.873 -112.073 -1077.18 Orientation: -0.109003 0.0794025 -0.043768 0.989898 Time: 2744310234213
Position: -144.893 -112.087 -1077.17 Orientation: -0.108843 0.0806404 -0.0436705 0.98982 Time: 2744384433176
Position: -144.89 -112.077 -1077.21 Orientation: -0.10914 0.0814716 -0.0435026 0.989726 Time: 2744432449607
Position: -144.877 -112.07 -1077.2 Orientation: -0.109073 0.0802381 -0.0437026 0.989826 Time: 2744506171409
Position: -144.883 -112.077 -1077.19 Orientation: -0.10881 0.080174 -0.0437707 0.989857 Time: 2744554763526
Position: -144.88 -112.08 -1077.2 Orientation: -0.108841 0.0799724 -0.0437365 0.989871 Time: 2744632924825
Position: -144.89 -112.073 -1077.23 Orientation: -0.10881 0.0806738 -0.0436705 0.989821 Time: 2744693695416
Position: -144.897 -112.083 -1077.2 Orientation: -0.108875 0.0798063 -0.0438035 0.989878 Time: 2744760348618
Position: -144.88 -112.077 -1077.22 Orientation: -0.108811 0.0800084 -0.0437712 0.98987 Time: 2744839600257
Position: -144.887 -112.073 -1077.24 Orientation: -0.10871 0.0807075 -0.0437374 0.989826 Time: 2744886335593
Position: -144.893 -112.087 -1077.19 Orientation: -0.108441 0.0796389 -0.0438697 0.989936 Time: 2744957602214
Position: -144.877 -112.083 -1077.18 Orientation: -0.108877 0.0792073 -0.0438374 0.989924 Time: 2745006169699
Position: -144.883 -112.067 -1077.21 Orientation: -0.108709 0.0808734 -0.0436703 0.989816 Time: 2745079412015
Position: -144.89 -112.073 -1077.19 Orientation: -0.10871 0.0803737 -0.0437372 0.989853 Time: 2745126957853
Position: -144.89 -112.087 -1077.21 Orientation: -0.108571 0.0803032 -0.0437684 0.989873 Time: 2745198158244
Position: -144.867 -112.077 -1077.2 Orientation: -0.108937 0.0789695 -0.0438682 0.989935 Time: 2745251438494
Position: -144.873 -112.073 -1077.19 Orientation: -0.108904 0.0795026 -0.0438014 0.989899 Time: 2745303089529
Position: -144.887 -112.087 -1077.19 Orientation: -0.108506 0.0788379 -0.0439359 0.98999 Time: 2745377565456
Position: -144.88 -112.083 -1077.2 Orientation: -0.10847 0.0792357 -0.0439346 0.989962 Time: 2745424469242
Position: -144.883 -112.077 -1077.21 Orientation: -0.108403 0.0798687 -0.0438011 0.989925 Time: 2745497779567
Position: -144.893 -112.087 -1077.18 Orientation: -0.108802 0.0798347 -0.0438008 0.989884 Time: 2745546020962
Position: -144.887 -112.08 -1077.18 Orientation: -0.108405 0.0799704 -0.0438687 0.989913 Time: 2745616331347
Position: -144.88 -112.08 -1077.19 Orientation: -0.10881 0.0801408 -0.0437708 0.98986 Time: 2745663074208
Position: -144.883 -112.08 -1077.19 Orientation: -0.108842 0.0798066 -0.0438036 0.989882 Time: 2745738924966
Position: -144.883 -112.08 -1077.17 Orientation: -0.108711 0.0798077 -0.0438042 0.989896 Time: 2745812705610
Position: -144.88 -112.08 -1077.18 Orientation: -0.109008 0.0806389 -0.0436697 0.989802 Time: 2745860429066
Position: -144.873 -112.083 -1077.16 Orientation: -0.108904 0.0799028 -0.0437682 0.989869 Time: 2745936972917
Position: -144.887 -112.083 -1077.22 Orientation: -0.108374 0.0802387 -0.0437696 0.9899 Time: 2746013810290
Position: -144.87 -112.073 -1077.16 Orientation: -0.108611 0.0790745 -0.0438377 0.989964 Time: 2746061385139
Position: -144.87 -112.08 -1077.19 Orientation: -0.108709 0.0800731 -0.0437035 0.989879 Time: 2746134015096
Position: -144.883 -112.08 -1077.2 Orientation: -0.108809 0.0816066 -0.0436036 0.989747 Time: 2746182653190
Position: -144.86 -112.077 -1077.17 Orientation: -0.108643 0.0790739 -0.043904 0.989958 Time: 2746241977385
Position: -144.853 -112.07 -1077.17 Orientation: -0.108638 0.0788037 -0.0439021 0.98998 Time: 2746321121057
Position: -144.86 -112.077 -1077.18 Orientation: -0.108675 0.0796729 -0.0438034 0.989911 Time: 2746368073147
Position: -144.867 -112.07 -1077.22 Orientation: -0.108607 0.0799386 -0.0437695 0.989898 Time: 2746443493406
Position: -144.867 -112.073 -1077.2 Orientation: -0.108674 0.0793389 -0.0438364 0.989936 Time: 2746490171954
Position: -144.88 -112.087 -1077.22 Orientation: -0.108542 0.0803395 -0.0437034 0.989876 Time: 2746564142942
Position: -144.867 -112.077 -1077.22 Orientation: -0.108675 0.0801062 -0.0437701 0.989877 Time: 2746612810456
Position: -144.88 -112.077 -1077.24 Orientation: -0.108642 0.0805731 -0.0437035 0.989846 Time: 2746687103429
Position: -144.873 -112.09 -1077.19 Orientation: -0.108708 0.0792722 -0.0438698 0.989936 Time: 2746734845222
Position: -144.867 -112.077 -1077.2 Orientation: -0.108908 0.0806729 -0.04367 0.98981 Time: 2746807619134
Position: -144.863 -112.07 -1077.16 Orientation: -0.109341 0.0806055 -0.0436697 0.989768 Time: 2746854504036
Position: -144.86 -112.083 -1077.15 Orientation: -0.108841 0.0791386 -0.0438696 0.989932 Time: 2746929119266
Position: -144.86 -112.083 -1077.19 Orientation: -0.108544 0.0796408 -0.0438374 0.989926 Time: 2746978542411
Position: -144.84 -112.07 -1077.18 Orientation: -0.108808 0.0787055 -0.0439031 0.989969 Time: 2747027737717
Position: -144.873 -112.077 -1077.18 Orientation: -0.109075 0.0796058 -0.0438032 0.989872 Time: 2747100013943
Position: -144.88 -112.09 -1077.21 Orientation: -0.108909 0.0797066 -0.0438036 0.989882 Time: 2747149826944
Position: -144.847 -112.083 -1077.18 Orientation: -0.109038 0.078237 -0.0439354 0.989979 Time: 2747224550552
Position: -144.87 -112.08 -1077.2 Orientation: -0.108937 0.0802696 -0.043735 0.989837 Time: 2747275382326
Position: -144.883 -112.087 -1077.18 Orientation: -0.109241 0.0806726 -0.0436699 0.989773 Time: 2747325477492
Position: -144.853 -112.087 -1077.14 Orientation: -0.108805 0.078137 -0.0439354 0.990013 Time: 2747399827253
Position: -144.873 -112.08 -1077.22 Orientation: -0.108539 0.0802042 -0.0437356 0.989886 Time: 2747449091253
Position: -144.873 -112.087 -1077.2 Orientation: -0.108677 0.0794741 -0.0438041 0.989926 Time: 2747520137425
Position: -144.86 -112.09 -1077.17 Orientation: -0.108673 0.0790382 -0.043836 0.98996 Time: 2747567474582
Position: -144.853 -112.08 -1077.18 Orientation: -0.10884 0.0796716 -0.0437694 0.989894 Time: 2747638229149
Position: -144.853 -112.087 -1077.15 Orientation: -0.108808 0.0786061 -0.0439034 0.989977 Time: 2747684989115
Position: -144.88 -112.1 -1077.19 Orientation: -0.108472 0.079404 -0.0439022 0.98995 Time: 2747765125698
Position: -144.873 -112.087 -1077.22 Orientation: -0.10834 0.0794714 -0.0439026 0.989959 Time: 2747811265917
Position: -144.887 -112.087 -1077.2 Orientation: -0.108704 0.0805366 -0.0437351 0.989841 Time: 2747880764567
