Position: -108.577 137.053 -1151.53 Orientation: -0.0187339 0.0866691 6.66685e-005 0.996061 Time: 2669914832498
Position: -108.56 137.047 -1151.53 Orientation: -0.0185347 0.0857732 -3.33359e-005 0.996142 Time: 2670028966950
Position: -108.58 137.06 -1151.58 Orientation: -0.0183007 0.0870366 0.000100004 0.996037 Time: 2670076367875
Position: -108.57 137.053 -1151.5 Orientation: -0.0185343 0.0864047 6.66703e-005 0.996088 Time: 2670124631575
Position: -108.55 137.04 -1151.46 Orientation: -0.0188009 0.0848707 -0.00013334 0.996215 Time: 2670205070984
Position: -108.557 137.04 -1151.53 Orientation: -0.0186346 0.0858723 0 0.996132 Time: 2670252445225
Position: -108.557 137.033 -1151.48 Orientation: -0.0186344 0.0852048 -0.000100006 0.996189 Time: 2670446166437
Position: -108.567 137.043 -1151.51 Orientation: -0.0187006 0.0858693 0 0.996131 Time: 2670493829000
Position: -108.55 137.033 -1151.5 Orientation: -0.0185008 0.0842037 -0.000333348 0.996277 Time: 2670690625414
Position: -108.557 137.053 -1151.49 Orientation: -0.0182348 0.0854068 -0.000133344 0.996179 Time: 2670738819189
Position: -108.573 137.057 -1151.53 Orientation: -0.0181684 0.0868081 6.66729e-005 0.996059 Time: 2670910830616
Position: -108.57 137.053 -1151.5 Orientation: -0.0186003 0.086068 0 0.996116 Time: 2670325081614
Position: -108.563 137.053 -1151.5 Orientation: -0.0187006 0.0854694 -0.000100003 0.996165 Time: 2670371870454
Position: -108.567 137.057 -1151.51 Orientation: -0.0183344 0.0856383 -6.66705e-005 0.996158 Time: 2670565799662
Position: -108.557 137.043 -1151.51 Orientation: -0.0181673 0.0851696 -0.000133338 0.996201 Time: 2670613678295
Position: -108.553 137.047 -1151.46 Orientation: -0.0182347 0.0847062 -0.00023335 0.996239 Time: 2670787366969
Position: -108.58 137.05 -1151.53 Orientation: -0.0183016 0.0876076 0.000200017 0.995987 Time: 2670861181412
Position: -108.55 137.05 -1151.46 Orientation: -0.0187672 0.0847356 -0.00023334 0.996227 Time: 2670985525624
Position: -108.56 137.047 -1151.48 Orientation: -0.0190008 0.0856703 -0.000100004 0.996142 Time: 2671039988171
Position: -108.547 137.04 -1151.44 Orientation: -0.0186673 0.0842696 -0.00030001 0.996268 Time: 2671089174309
Position: -108.557 137.047 -1151.45 Orientation: -0.0187009 0.084504 -0.000266679 0.996248 Time: 2671166819448
Position: -108.563 137.04 -1151.46 Orientation: -0.0188344 0.0851714 -0.000133341 0.996188 Time: 2671237993018
Position: -108.557 137.04 -1151.46 Orientation: -0.0185679 0.0847056 -0.000233349 0.996233 Time: 2671285375059
Position: -108.56 137.047 -1151.47 Orientation: -0.0184678 0.085205 -0.000100006 0.996192 Time: 2671362353787
Position: -108.567 137.047 -1151.49 Orientation: -0.0183679 0.085539 -6.6671e-005 0.996166 Time: 2671410531552
Position: -108.563 137.043 -1151.48 Orientation: -0.0181013 0.0855063 -0.000133343 0.996173 Time: 2671482805315
Position: -108.567 137.047 -1151.49 Orientation: -0.0181009 0.0858041 -6.66698e-005 0.996148 Time: 2671511633100
Position: -108.56 137.047 -1151.51 Orientation: -0.0180684 0.0852747 -6.66729e-005 0.996194 Time: 2671593775892
Position: -108.567 137.04 -1151.5 Orientation: -0.0184681 0.0857402 -0.000100008 0.996146 Time: 2671664897737
Position: -108.557 137.04 -1151.5 Orientation: -0.018301 0.0841378 -0.000333351 0.996286 Time: 2671711718050
Position: -108.553 137.037 -1151.47 Orientation: -0.018634 0.0842697 -0.000300011 0.996269 Time: 2671785378001
Position: -108.563 137.037 -1151.48 Orientation: -0.0187674 0.08577 -6.66692e-005 0.996138 Time: 2671832178199
Position: -108.563 137.05 -1151.53 Orientation: -0.0183675 0.0857706 0 0.996146 Time: 2671904250944
Position: -108.563 137.05 -1151.49 Orientation: -0.0183668 0.085434 -6.66672e-005 0.996175 Time: 2671976584095
Position: -108.563 137.047 -1151.48 Orientation: -0.0185004 0.0856352 -0.000100002 0.996155 Time: 2672023279063
Position: -108.55 137.04 -1151.46 Orientation: -0.0181013 0.0835726 -0.000500035 0.996337 Time: 2672095834990
Position: -108.557 137.047 -1151.47 Orientation: -0.018435 0.0844742 -0.00026669 0.996255 Time: 2672143717865
Position: -108.583 137.043 -1151.53 Orientation: -0.018601 0.0868045 0.00013334 0.996052 Time: 2672217202113
Position: -108.55 137.03 -1151.48 Orientation: -0.0186678 0.0843717 -0.000266683 0.996259 Time: 2672263604381
Position: -108.577 137.043 -1151.54 Orientation: -0.0183353 0.0862425 0 0.996105 Time: 2672336564122
Position: -108.577 137.043 -1151.51 Orientation: -0.0185676 0.0872044 0.00020001 0.996017 Time: 2672384550038
Position: -108.557 137.037 -1151.48 Orientation: -0.0186679 0.0854392 -0.000100007 0.996168 Time: 2672459762163
Position: -108.55 137.03 -1151.45 Orientation: -0.0188018 0.0851081 -0.000100009 0.996194 Time: 2672507795288
Position: -108.55 137.037 -1151.45 Orientation: -0.0184685 0.0843748 -0.000233356 0.996263 Time: 2672557884980
Position: -108.553 137.05 -1151.48 Orientation: -0.0185014 0.0850064 -0.000100008 0.996209 Time: 2672635215387
Position: -108.543 137.037 -1151.43 Orientation: -0.0186676 0.084071 -0.000300016 0.996285 Time: 2672684572165
Position: -108.563 137.043 -1151.47 Orientation: -0.0185007 0.0862365 0 0.996103 Time: 2672760072338
Position: -108.557 137.043 -1151.47 Orientation: -0.0186013 0.0854393 -0.000200014 0.99617 Time: 2672809003954
Position: -108.54 137.033 -1151.42 Orientation: -0.0189013 0.0838058 -0.000400028 0.996303 Time: 2672883467703
Position: -108.557 137.04 -1151.44 Orientation: -0.0183347 0.0854728 -3.33357e-005 0.996172 Time: 2672931704993
Position: -108.55 137.033 -1151.44 Orientation: -0.0186677 0.0848048 -0.000166676 0.996223 Time: 2673005285303
Position: -108.563 137.037 -1151.49 Orientation: -0.0186003 0.0856681 -6.66678e-005 0.99615 Time: 2673052317444
Position: -108.577 137.05 -1151.52 Orientation: -0.0184341 0.0869371 0.000133339 0.996043 Time: 2673124851066
Position: -108.573 137.053 -1151.5 Orientation: -0.0185347 0.0865399 6.66717e-005 0.996076 Time: 2673175423118
Position: -108.573 137.053 -1151.51 Orientation: -0.0183347 0.0866064 6.66716e-005 0.996074 Time: 2673254444866
Position: -108.55 137.037 -1151.46 Orientation: -0.0185345 0.0843719 -0.000266683 0.996262 Time: 2673301345231
Position: -108.553 137.043 -1151.45 Orientation: -0.018567 0.0852682 -0.000133336 0.996185 Time: 2673349615226
Position: -108.557 137.043 -1151.48 Orientation: -0.0184348 0.0857733 -3.33359e-005 0.996144 Time: 2673447518825
Position: -108.557 137.033 -1151.47 Orientation: -0.0186676 0.0849041 -0.000166675 0.996214 Time: 2673497131082
Position: -108.567 137.037 -1151.46 Orientation: -0.0191013 0.086539 6.6671e-005 0.996065 Time: 2673549835511
Position: -108.543 137.027 -1151.44 Orientation: -0.0188014 0.0845729 -0.00023335 0.99624 Time: 2673621319845
Position: -108.557 137.053 -1151.53 Orientation: -0.0184016 0.086041 -3.33363e-005 0.996122 Time: 2673693469083
Position: -108.563 137.047 -1151.51 Orientation: -0.0188351 0.0866747 0.000133346 0.996059 Time: 2673740110683
Position: -108.54 137.04 -1151.48 Orientation: -0.0187678 0.0851053 -0.000166677 0.996195 Time: 2673789708299
Position: -108.56 137.04 -1151.52 Orientation: -0.0186011 0.0859716 -3.33353e-005 0.996124 Time: 2673863778633
Position: -108.56 137.04 -1151.46 Orientation: -0.0191344 0.0866382 3.33352e-005 0.996056 Time: 2673937160388
Position: -108.55 137.04 -1151.46 Orientation: -0.0189005 0.085869 0 0.996127 Time: 2673984848266
Position: -108.567 137.047 -1151.52 Orientation: -0.0183008 0.0869373 0.000166674 0.996046 Time: 2674032258497
Position: -108.56 137.037 -1151.48 Orientation: -0.0185679 0.0862392 3.33356e-005 0.996101 Time: 2674102922475
Position: -108.53 137.043 -1151.45 Orientation: -0.0181676 0.0834042 -0.00046669 0.99635 Time: 2674174703341
Position: -108.537 137.047 -1151.49 Orientation: -0.0183677 0.0844715 -0.000233347 0.996257 Time: 2674222782854
Position: -108.523 137.04 -1151.45 Orientation: -0.0183675 0.0838039 -0.000366684 0.996313 Time: 2674298294522
Position: -108.537 137.04 -1151.44 Orientation: -0.0185012 0.0851388 -0.000133342 0.996197 Time: 2674347219160
Position: -108.543 137.043 -1151.45 Orientation: -0.018668 0.0850062 -0.000166679 0.996206 Time: 2674420469001
Position: -108.55 137.05 -1151.48 Orientation: -0.0184678 0.0863717 6.66706e-005 0.996092 Time: 2674468443422
Position: -108.57 137.05 -1151.53 Orientation: -0.0186009 0.087971 0.00033335 0.995949 Time: 2674541913440
Position: -108.547 137.043 -1151.51 Orientation: -0.0183343 0.0853376 -0.000166675 0.996183 Time: 2674588229361
Position: -108.557 137.05 -1151.5 Orientation: -0.0183006 0.0859361 0 0.996133 Time: 2674662686404
Position: -108.553 137.047 -1151.47 Orientation: -0.0185341 0.0861702 6.66694e-005 0.996108 Time: 2674713818952
Position: -108.547 137.037 -1151.46 Orientation: -0.0189005 0.0854691 -0.000100003 0.996162 Time: 2674763475820
Position: -108.533 137.037 -1151.47 Orientation: -0.0186341 0.0838035 -0.000433351 0.996308 Time: 2674841402302
Position: -108.543 137.04 -1151.45 Orientation: -0.018768 0.0853729 -6.66715e-005 0.996172 Time: 2674913024706
Position: -108.537 137.027 -1151.43 Orientation: -0.0190678 0.0854717 0 0.996158 Time: 2674966953441
Position: -108.54 137.04 -1151.47 Orientation: -0.0183672 0.0848024 -0.000200006 0.996228 Time: 2675017140563
Position: -108.547 137.04 -1151.44 Orientation: -0.0187674 0.0854031 -0.000133338 0.99617 Time: 2675091669720
Position: -108.54 137.04 -1151.44 Orientation: -0.0187349 0.0848406 -0.000166681 0.996218 Time: 2675139637436
Position: -108.537 137.03 -1151.47 Orientation: -0.018668 0.0842393 -0.000333357 0.996271 Time: 2675212904383
Position: -108.52 137.03 -1151.43 Orientation: -0.0186342 0.0829372 -0.000600028 0.99638 Time: 2675260669439
Position: -108.527 137.03 -1151.42 Orientation: -0.0190345 0.0834718 -0.000400025 0.996328 Time: 2675332241213
Position: -108.547 137.037 -1151.49 Orientation: -0.0188682 0.0852403 -0.00016668 0.996182 Time: 2675381040642
Position: -108.557 137.037 -1151.52 Orientation: -0.0188344 0.0859051 -3.33353e-005 0.996125 Time: 2675455827743
Position: -108.56 137.03 -1151.49 Orientation: -0.0192016 0.0863072 0 0.996084 Time: 2675504275356
Position: -108.547 137.03 -1151.48 Orientation: -0.0186681 0.0857068 -6.66719e-005 0.996145 Time: 2675554731231
Position: -108.543 137.04 -1151.49 Orientation: -0.0183342 0.0846039 -0.000233344 0.996246 Time: 2675628077819
Position: -108.537 137.04 -1151.46 Orientation: -0.0183351 0.0840081 -0.000366702 0.996296 Time: 2675698829375
Position: -108.553 137.047 -1151.51 Orientation: -0.0180348 0.0850402 -0.000133344 0.996214 Time: 2675745932947
Position: -108.567 137.04 -1151.53 Orientation: -0.0186003 0.0868016 0.000133336 0.996052 Time: 2675812916206
Position: -108.56 137.04 -1151.54 Orientation: -0.0182011 0.0856054 -3.33354e-005 0.996163 Time: 2675878751790
Position: -108.553 137.037 -1151.51 Orientation: -0.018335 0.0848743 -0.000166682 0.996223 Time: 2675925606997
Position: -108.547 137.03 -1151.47 Orientation: -0.018401 0.0844714 -0.000233346 0.996256 Time: 2675997180824
