Position: -172.55 217.95 -984.937 Orientation: -0.0140012 0.0894411 0.00376699 0.995887 Time: 2538571806522
Position: -172.547 217.95 -984.907 Orientation: -0.0138006 0.0896037 0.00383349 0.995875 Time: 2538634137499
Position: -172.553 217.947 -984.947 Orientation: -0.013701 0.0892732 0.00376694 0.995906 Time: 2538754747761
Position: -172.56 217.957 -984.967 Orientation: -0.0136342 0.0897392 0.00380025 0.995865 Time: 2538707079178
Position: -172.54 217.94 -984.913 Orientation: -0.0139004 0.088269 0.00356676 0.995993 Time: 2538829441538
Position: -172.563 217.957 -984.973 Orientation: -0.0134673 0.0899708 0.00383351 0.995846 Time: 2538996775778
Position: -172.553 217.95 -984.937 Orientation: -0.0140008 0.0897718 0.00386689 0.995856 Time: 2539067867928
Position: -172.563 217.957 -984.963 Orientation: -0.0134672 0.0904367 0.00393348 0.995803 Time: 2539233753582
Position: -172.537 217.94 -984.913 Orientation: -0.0136005 0.0889698 0.00370013 0.995935 Time: 2539305162380
Position: -172.547 217.947 -984.927 Orientation: -0.0136011 0.0892402 0.00370029 0.99591 Time: 2538949881161
Position: -172.54 217.94 -984.903 Orientation: -0.0136669 0.0887683 0.0036334 0.995952 Time: 2538877333170
Position: -172.55 217.94 -984.923 Orientation: -0.0136344 0.0896069 0.00383363 0.995877 Time: 2539474781298
Position: -172.543 217.94 -984.917 Orientation: -0.0138341 0.0890716 0.00376688 0.995922 Time: 2539549658851
Position: -172.523 217.933 -984.86 Orientation: -0.0140011 0.0876405 0.00346695 0.996048 Time: 2539115529944
Position: -172.543 217.947 -984.9 Orientation: -0.013601 0.0885729 0.00360025 0.99597 Time: 2539186697904
Position: -172.537 217.943 -984.907 Orientation: -0.0138676 0.0889724 0.00373357 0.995931 Time: 2539352549210
Position: -172.55 217.943 -984.913 Orientation: -0.0137345 0.0895076 0.00380032 0.995884 Time: 2539426952201
Position: -172.537 217.943 -984.897 Orientation: -0.0137672 0.0885036 0.00363348 0.995974 Time: 2539575633250
Position: -172.537 217.933 -984.89 Orientation: -0.0137343 0.0885728 0.00356691 0.995969 Time: 2539699694887
Position: -172.537 217.93 -984.887 Orientation: -0.0141009 0.0893057 0.00380024 0.995897 Time: 2539747045044
Position: -172.553 217.943 -984.93 Orientation: -0.0138006 0.0899373 0.00390017 0.995844 Time: 2539796400453
Position: -172.55 217.947 -984.93 Orientation: -0.0139343 0.0893059 0.00380025 0.9959 Time: 2539870063962
Position: -172.543 217.94 -984.913 Orientation: -0.0136341 0.0883384 0.00353354 0.995991 Time: 2539918835065
Position: -172.543 217.953 -984.933 Orientation: -0.0137005 0.0886029 0.00360012 0.995966 Time: 2539994408448
Position: -172.543 217.947 -984.92 Orientation: -0.0137004 0.0890358 0.0037001 0.995927 Time: 2540042140662
Position: -172.533 217.94 -984.913 Orientation: -0.0135003 0.0876022 0.00336675 0.996058 Time: 2540089500398
Position: -172.543 217.943 -984.93 Orientation: -0.0138003 0.0891018 0.00370007 0.99592 Time: 2540175333762
Position: -172.543 217.943 -984.917 Orientation: -0.013601 0.0885729 0.00356692 0.99597 Time: 2540227882877
Position: -172.543 217.943 -984.9 Orientation: -0.0139676 0.0892728 0.00380026 0.995902 Time: 2540302724851
Position: -172.53 217.93 -984.86 Orientation: -0.0145003 0.0890017 0.00380007 0.995919 Time: 2540349414619
Position: -172.54 217.943 -984.897 Orientation: -0.0137345 0.0887411 0.00363365 0.995953 Time: 2540426346001
Position: -172.55 217.947 -984.93 Orientation: -0.0137673 0.089204 0.0037335 0.995911 Time: 2540473670432
Position: -172.543 217.947 -984.917 Orientation: -0.0135011 0.0888736 0.00360028 0.995945 Time: 2540547628557
Position: -172.543 217.943 -984.91 Orientation: -0.013468 0.0886422 0.00356702 0.995966 Time: 2540595042619
Position: -172.537 217.933 -984.88 Orientation: -0.0139669 0.0887349 0.0036334 0.995951 Time: 2540680199583
Position: -172.543 217.947 -984.92 Orientation: -0.0137674 0.0890717 0.00370021 0.995923 Time: 2540729681979
Position: -172.543 217.943 -984.907 Orientation: -0.0138674 0.0891377 0.00373352 0.995916 Time: 2540779068587
Position: -172.53 217.93 -984.87 Orientation: -0.0138014 0.0882089 0.00350035 0.996 Time: 2540849656757
Position: -172.53 217.94 -984.89 Orientation: -0.0137005 0.0874696 0.00336678 0.996067 Time: 2540923357349
Position: -172.55 217.94 -984.923 Orientation: -0.0137337 0.0890688 0.00370009 0.995924 Time: 2540971785531
Position: -172.557 217.953 -984.943 Orientation: -0.0135342 0.090139 0.00390025 0.99583 Time: 2541045361599
Position: -172.54 217.947 -984.907 Orientation: -0.013934 0.0887379 0.00366685 0.995951 Time: 2541092851196
Position: -172.543 217.947 -984.927 Orientation: -0.0138678 0.088807 0.00363362 0.995946 Time: 2541140087503
Position: -172.533 217.94 -984.887 Orientation: -0.0137679 0.0883081 0.00353366 0.995992 Time: 2541211478238
Position: -172.553 217.947 -984.94 Orientation: -0.0133677 0.0892405 0.00366696 0.995914 Time: 2541286009722
Position: -172.547 217.943 -984.913 Orientation: -0.0138012 0.088741 0.00363365 0.995952 Time: 2541332855214
Position: -172.54 217.937 -984.89 Orientation: -0.0134674 0.0888046 0.00360019 0.995952 Time: 2541404355147
Position: -172.53 217.937 -984.877 Orientation: -0.0134669 0.0877015 0.00336672 0.99605 Time: 2541452601195
Position: -172.543 217.937 -984.91 Orientation: -0.0137338 0.0889696 0.00370012 0.995933 Time: 2541531190940
Position: -172.54 217.937 -984.9 Orientation: -0.013934 0.0887709 0.00370018 0.995948 Time: 2541580628590
Position: -172.553 217.94 -984.92 Orientation: -0.0139339 0.0895705 0.0038335 0.995876 Time: 2541629531469
Position: -172.557 217.95 -984.94 Orientation: -0.0139003 0.089802 0.00383342 0.995855 Time: 2541701451775
Position: -172.547 217.947 -984.93 Orientation: -0.0136671 0.0889697 0.00366679 0.995934 Time: 2541750805405
Position: -172.54 217.94 -984.903 Orientation: -0.0137342 0.0886058 0.00363357 0.995965 Time: 2541821383584
Position: -172.547 217.943 -984.91 Orientation: -0.0139005 0.08927 0.00376681 0.995903 Time: 2541867844283
Position: -172.54 217.943 -984.91 Orientation: -0.0139004 0.0886027 0.00363344 0.995963 Time: 2541939498845
Position: -172.53 217.933 -984.877 Orientation: -0.0137341 0.0876048 0.00336685 0.996055 Time: 2541987329447
Position: -172.547 217.94 -984.897 Orientation: -0.0135343 0.0889728 0.00363358 0.995935 Time: 2542068032136
Position: -172.533 217.94 -984.887 Orientation: -0.0136338 0.0878365 0.00343346 0.996036 Time: 2542116995909
Position: -172.527 217.943 -984.89 Orientation: -0.0138343 0.0878392 0.00343356 0.996033 Time: 2542165063107
Position: -172.54 217.943 -984.89 Orientation: -0.0141005 0.088903 0.00370012 0.995934 Time: 2542238073343
Position: -172.553 217.947 -984.92 Orientation: -0.0139672 0.0896366 0.00383347 0.995869 Time: 2542285217830
Position: -172.537 217.947 -984.91 Orientation: -0.0138006 0.0888703 0.00363348 0.995941 Time: 2542362614468
Position: -172.533 217.943 -984.89 Orientation: -0.0139005 0.0889363 0.00366679 0.995934 Time: 2542389716975
Position: -172.55 217.947 -984.92 Orientation: -0.0139007 0.0895044 0.00383352 0.995882 Time: 2542483618418
Position: -172.557 217.943 -984.933 Orientation: -0.0138676 0.0904061 0.00396693 0.995801 Time: 2542531493767
Position: -172.543 217.943 -984.923 Orientation: -0.0137348 0.0885426 0.00360038 0.995971 Time: 2542602573601
Position: -172.537 217.937 -984.897 Orientation: -0.0140007 0.088338 0.00360019 0.995986 Time: 2542673428609
Position: -172.53 217.93 -984.873 Orientation: -0.013867 0.0879354 0.00350008 0.996024 Time: 2542719949106
Position: -172.53 217.937 -984.873 Orientation: -0.0140675 0.0882718 0.00356687 0.995991 Time: 2542792191943
Position: -172.55 217.953 -984.937 Orientation: -0.0136339 0.0896039 0.00380017 0.995877 Time: 2542839609562
Position: -172.543 217.943 -984.917 Orientation: -0.0136339 0.0892703 0.00373349 0.995907 Time: 2542911804095
Position: -172.563 217.95 -984.96 Orientation: -0.0136346 0.0908753 0.00403371 0.995761 Time: 2542959140568
Position: -172.543 217.943 -984.907 Orientation: -0.0136344 0.0888735 0.00363361 0.995943 Time: 2543030062901
Position: -172.523 217.93 -984.87 Orientation: -0.0138344 0.0873401 0.00336693 0.996077 Time: 2543102348432
Position: -172.54 217.933 -984.91 Orientation: -0.0138006 0.0884705 0.00363349 0.995977 Time: 2543149390973
Position: -172.56 217.94 -984.95 Orientation: -0.0136003 0.0902021 0.00390009 0.995823 Time: 2543197886343
Position: -172.553 217.943 -984.94 Orientation: -0.0135675 0.0898054 0.00383356 0.99586 Time: 2543269912289
Position: -172.533 217.923 -984.887 Orientation: -0.0135008 0.0883386 0.00350021 0.995993 Time: 2543343953886
Position: -172.54 217.933 -984.893 Orientation: -0.013634 0.0884377 0.00356684 0.995982 Time: 2543391816919
Position: -172.543 217.953 -984.94 Orientation: -0.0134678 0.0884077 0.00353364 0.995987 Time: 2543468258825
Position: -172.543 217.94 -984.917 Orientation: -0.0136009 0.088606 0.00360024 0.995967 Time: 2543517462068
Position: -172.537 217.937 -984.917 Orientation: -0.0136675 0.088639 0.00360023 0.995964 Time: 2543566458409
Position: -172.557 217.943 -984.943 Orientation: -0.0138678 0.0899072 0.00386698 0.995846 Time: 2543638601900
Position: -172.56 217.943 -984.95 Orientation: -0.0135676 0.0900398 0.00386694 0.995838 Time: 2543685989415
Position: -172.557 217.94 -984.943 Orientation: -0.0138005 0.0904032 0.00396681 0.995802 Time: 2543759648134
Position: -172.54 217.923 -984.9 Orientation: -0.0138674 0.0890716 0.00373354 0.995922 Time: 2543807394717
Position: -172.547 217.923 -984.933 Orientation: -0.0136678 0.0888073 0.00366697 0.995948 Time: 2543882539380
Position: -172.56 217.92 -984.947 Orientation: -0.0135011 0.0892073 0.00373364 0.995915 Time: 2543931257526
Position: -172.547 217.923 -984.93 Orientation: -0.0137012 0.0884074 0.00353363 0.995984 Time: 2544001986641
Position: -172.553 217.917 -984.94 Orientation: -0.0137345 0.0891739 0.0037003 0.995914 Time: 2544049556563
Position: -172.56 217.917 -984.947 Orientation: -0.0135344 0.0885069 0.00350027 0.995977 Time: 2544126319906
Position: -172.557 217.917 -984.933 Orientation: -0.0138008 0.0883383 0.00350019 0.995989 Time: 2544174508754
Position: -172.563 217.917 -984.97 Orientation: -0.013534 0.0888045 0.00360018 0.995951 Time: 2544248205515
Position: -172.55 217.91 -984.93 Orientation: -0.0138009 0.0886058 0.00360023 0.995965 Time: 2544295113679
Position: -172.557 217.917 -984.93 Orientation: -0.0136673 0.0888043 0.00366685 0.995949 Time: 2544341019492
Position: -172.54 217.91 -984.89 Orientation: -0.0137343 0.0874064 0.00333358 0.996072 Time: 2544421888442
Position: -172.54 217.903 -984.89 Orientation: -0.0137346 0.0879414 0.00346699 0.996025 Time: 2544495928944
Position: -172.54 217.9 -984.9 Orientation: -0.0142011 0.0883737 0.00360029 0.99598 Time: 2544544703331
Position: -172.573 217.913 -984.963 Orientation: -0.0139007 0.0902047 0.00386687 0.995819 Time: 2544592355767
