Position: -133.66 237.217 -1081.38 Orientation: -0.0111672 0.0917375 0.00423352 0.995712 Time: 2610753189839
Position: -133.673 237.213 -1081.41 Orientation: -0.0109003 0.0916025 0.00420011 0.995727 Time: 2610702362718
Position: -133.647 237.19 -1081.34 Orientation: -0.0108341 0.0900068 0.00383362 0.995875 Time: 2610836839102
Position: -133.63 237.19 -1081.31 Orientation: -0.0113336 0.0886357 0.00363343 0.995993 Time: 2611076410705
Position: -133.64 237.203 -1081.34 Orientation: -0.0110002 0.0895347 0.00383339 0.995916 Time: 2611346119103
Position: -133.64 237.203 -1081.31 Orientation: -0.0113674 0.0893059 0.00376691 0.995932 Time: 2611152386945
Position: -133.633 237.187 -1081.31 Orientation: -0.0111343 0.088741 0.00360031 0.995986 Time: 2610885629362
Position: -133.643 237.213 -1081.37 Orientation: -0.0106343 0.0898416 0.00386702 0.995892 Time: 2610956969877
Position: -133.64 237.183 -1081.3 Orientation: -0.0114337 0.0896365 0.00383347 0.995902 Time: 2611225936056
Position: -133.647 237.213 -1081.37 Orientation: -0.0111005 0.0899374 0.00386684 0.995878 Time: 2611392947901
Position: -133.637 237.193 -1081.33 Orientation: -0.0109674 0.0893724 0.00373357 0.995931 Time: 2611026957182
Position: -133.643 237.193 -1081.33 Orientation: -0.0111338 0.0903701 0.00400015 0.995838 Time: 2611274518183
Position: -133.64 237.193 -1081.36 Orientation: -0.0109341 0.0896399 0.00383362 0.995907 Time: 2611516226404
Position: -133.653 237.213 -1081.39 Orientation: -0.0110671 0.0907038 0.0040335 0.995808 Time: 2611466045029
Position: -133.643 237.203 -1081.37 Orientation: -0.0111007 0.089772 0.0038669 0.995893 Time: 2611591438256
Position: -133.63 237.2 -1081.33 Orientation: -0.0112008 0.0889063 0.00370026 0.99597 Time: 2611641087871
Position: -133.643 237.193 -1081.32 Orientation: -0.0116008 0.0895731 0.00383361 0.995905 Time: 2611690408933
Position: -133.647 237.2 -1081.37 Orientation: -0.011267 0.0900364 0.00390013 0.995867 Time: 2611799868387
Position: -133.653 237.2 -1081.36 Orientation: -0.0111337 0.0907698 0.00403347 0.995801 Time: 2611878567055
Position: -133.643 237.2 -1081.35 Orientation: -0.0111006 0.0902049 0.00393354 0.995854 Time: 2611926200334
Position: -133.643 237.197 -1081.34 Orientation: -0.0111677 0.0894413 0.003767 0.995922 Time: 2612002082429
Position: -133.637 237.197 -1081.33 Orientation: -0.0113672 0.0883711 0.00356684 0.996016 Time: 2612082393619
Position: -133.65 237.19 -1081.34 Orientation: -0.011401 0.0898409 0.00383365 0.995883 Time: 2612129200248
Position: -133.637 237.2 -1081.35 Orientation: -0.0110342 0.0884736 0.00356694 0.996011 Time: 2612218003859
Position: -133.637 237.19 -1081.3 Orientation: -0.0111006 0.0898382 0.00383354 0.995887 Time: 2612311062779
Position: -133.637 237.197 -1081.32 Orientation: -0.011134 0.0894053 0.00380023 0.995926 Time: 2612395162655
Position: -133.637 237.2 -1081.34 Orientation: -0.0111005 0.0891709 0.00373351 0.995947 Time: 2612441598037
Position: -133.633 237.187 -1081.33 Orientation: -0.0112338 0.08927 0.00373347 0.995937 Time: 2612520713521
Position: -133.64 237.2 -1081.33 Orientation: -0.0111674 0.0890055 0.00366689 0.995962 Time: 2612567172713
Position: -133.653 237.22 -1081.35 Orientation: -0.0112341 0.0904391 0.00396692 0.995831 Time: 2612648919901
Position: -133.66 237.22 -1081.39 Orientation: -0.0109672 0.0909714 0.00403354 0.995785 Time: 2612699220327
Position: -133.647 237.187 -1081.34 Orientation: -0.0109673 0.0901719 0.00390023 0.995858 Time: 2612775596686
Position: -133.64 237.22 -1081.33 Orientation: -0.0108002 0.0888346 0.00363339 0.995981 Time: 2612853173952
Position: -133.633 237.217 -1081.33 Orientation: -0.0107003 0.0883357 0.0035001 0.996027 Time: 2612900335134
Position: -133.66 237.203 -1081.36 Orientation: -0.0110339 0.0902711 0.00390019 0.995848 Time: 2612971299065
Position: -133.657 237.21 -1081.35 Orientation: -0.0114336 0.0901685 0.00390008 0.995853 Time: 2613045502134
Position: -133.647 237.21 -1081.35 Orientation: -0.0113338 0.0892368 0.00370015 0.995939 Time: 2613093416619
Position: -133.64 237.203 -1081.34 Orientation: -0.0109336 0.0894356 0.00376676 0.995925 Time: 2613171176977
Position: -133.653 237.2 -1081.35 Orientation: -0.0109672 0.0898714 0.00386687 0.995885 Time: 2613221905847
Position: -133.653 237.217 -1081.39 Orientation: -0.0113671 0.0899701 0.00393349 0.995872 Time: 2613314122929
Position: -133.637 237.203 -1081.33 Orientation: -0.0110003 0.0890358 0.0037001 0.995961 Time: 2613362803443
Position: -133.637 237.203 -1081.33 Orientation: -0.0108669 0.0891021 0.00370009 0.995956 Time: 2613434231946
Position: -133.647 237.183 -1081.36 Orientation: -0.0109338 0.0892042 0.00373351 0.995946 Time: 2613506921566
Position: -133.643 237.2 -1081.36 Orientation: -0.0109337 0.0896701 0.00380014 0.995904 Time: 2613555204150
Position: -133.65 237.213 -1081.38 Orientation: -0.0110671 0.0896038 0.00373349 0.995909 Time: 2613630762754
Position: -133.637 237.203 -1081.34 Orientation: -0.010934 0.0890388 0.00363356 0.995962 Time: 2613678190363
Position: -133.65 237.203 -1081.38 Orientation: -0.0112341 0.0900394 0.00390026 0.995867 Time: 2613751698422
Position: -133.643 237.207 -1081.36 Orientation: -0.0114343 0.0891074 0.00376698 0.995949 Time: 2613800708857
Position: -133.643 237.2 -1081.32 Orientation: -0.0112342 0.0892399 0.00370027 0.99594 Time: 2613875083386
Position: -133.66 237.217 -1081.38 Orientation: -0.0113003 0.0904691 0.00400011 0.995827 Time: 2613947023260
Position: -133.65 237.203 -1081.35 Orientation: -0.0112005 0.0896036 0.00383349 0.995907 Time: 2613995500156
Position: -133.637 237.197 -1081.3 Orientation: -0.0111341 0.0885396 0.00356692 0.996004 Time: 2614068987279
Position: -133.633 237.193 -1081.29 Orientation: -0.0114674 0.0882056 0.00353356 0.99603 Time: 2614117236200
Position: -133.653 237.197 -1081.33 Orientation: -0.0113339 0.0902046 0.00396687 0.995851 Time: 2614190764922
Position: -133.647 237.197 -1081.33 Orientation: -0.0112678 0.0896757 0.00383372 0.9959 Time: 2614263737389
Position: -133.643 237.197 -1081.32 Orientation: -0.0112009 0.0891738 0.0037003 0.995946 Time: 2614311021316
Position: -133.637 237.197 -1081.32 Orientation: -0.011267 0.0889694 0.00370011 0.995964 Time: 2614384944684
Position: -133.633 237.187 -1081.31 Orientation: -0.0113342 0.08884 0.00366694 0.995975 Time: 2614431831501
Position: -133.653 237.2 -1081.36 Orientation: -0.0113673 0.0905051 0.00400023 0.995823 Time: 2614505261698
Position: -133.653 237.207 -1081.35 Orientation: -0.0111673 0.0905053 0.00400024 0.995825 Time: 2614579362000
Position: -133.64 237.197 -1081.32 Orientation: -0.0110005 0.089171 0.00373352 0.995949 Time: 2614631782074
Position: -133.63 237.203 -1081.32 Orientation: -0.0112336 0.0890356 0.00370009 0.995958 Time: 2614683601285
Position: -133.633 237.223 -1081.36 Orientation: -0.0110674 0.089739 0.00383358 0.995896 Time: 2614774007701
Position: -133.647 237.23 -1081.36 Orientation: -0.0110009 0.0902741 0.00396699 0.995848 Time: 2614824365189
Position: -133.633 237.243 -1081.33 Orientation: -0.0108009 0.0892073 0.0037003 0.995948 Time: 2614895388372
Position: -133.64 237.217 -1081.33 Orientation: -0.0115342 0.0898738 0.00383364 0.995879 Time: 2614969622229
Position: -133.633 237.22 -1081.33 Orientation: -0.0112004 0.0896698 0.00380013 0.995901 Time: 2615018475983
Position: -133.643 237.237 -1081.34 Orientation: -0.0115336 0.0908686 0.00413342 0.995788 Time: 2615067593701
Position: -133.64 237.223 -1081.34 Orientation: -0.0112342 0.0902738 0.00400032 0.995846 Time: 2615140471749
Position: -133.653 237.21 -1081.39 Orientation: -0.0113007 0.0911393 0.0041336 0.995765 Time: 2615212635767
Position: -133.653 237.213 -1081.36 Orientation: -0.0112675 0.0907066 0.00403363 0.995806 Time: 2615274055390
Position: -133.633 237.227 -1081.34 Orientation: -0.0109676 0.090208 0.00393368 0.995855 Time: 2615373712045
Position: -133.66 237.207 -1081.38 Orientation: -0.0109008 0.091873 0.00426696 0.995702 Time: 2615421027445
Position: -133.627 237.217 -1081.3 Orientation: -0.0113672 0.0887378 0.00373352 0.995983 Time: 2615491387776
Position: -133.613 237.197 -1081.29 Orientation: -0.0111672 0.0880045 0.00353352 0.996051 Time: 2615561729907
Position: -133.613 237.173 -1081.28 Orientation: -0.0113674 0.0878059 0.0034669 0.996067 Time: 2615609040381
Position: -133.64 237.183 -1081.32 Orientation: -0.0115341 0.0896393 0.00383359 0.9959 Time: 2615656478116
Position: -133.647 237.223 -1081.34 Orientation: -0.0108002 0.0895019 0.00383341 0.995921 Time: 2615728628996
Position: -133.65 237.207 -1081.35 Orientation: -0.0113336 0.0901355 0.00393343 0.995857 Time: 2615781173322
Position: -133.66 237.2 -1081.38 Orientation: -0.0110672 0.0906046 0.0040002 0.995817 Time: 2615857090720
Position: -133.643 237.213 -1081.34 Orientation: -0.0114008 0.0892397 0.0037336 0.995938 Time: 2615905347579
Position: -133.647 237.23 -1081.36 Orientation: -0.0115003 0.0900692 0.00393344 0.995861 Time: 2615953757150
Position: -133.647 237.197 -1081.35 Orientation: -0.0111005 0.089204 0.0037335 0.995945 Time: 2616025131875
Position: -133.637 237.193 -1081.33 Orientation: -0.011734 0.0893716 0.00383355 0.995922 Time: 2616099032528
Position: -133.643 237.213 -1081.35 Orientation: -0.0113001 0.0899342 0.00393337 0.995876 Time: 2616147901334
Position: -133.633 237.2 -1081.31 Orientation: -0.0113004 0.0885696 0.00363345 0.995999 Time: 2616198604342
Position: -133.647 237.207 -1081.38 Orientation: -0.0110339 0.0898383 0.00383354 0.995888 Time: 2616275128488
Position: -133.65 237.207 -1081.36 Orientation: -0.0112671 0.0907036 0.00406683 0.995806 Time: 2616347638848
Position: -133.64 237.193 -1081.33 Orientation: -0.0115007 0.0904389 0.00400024 0.995828 Time: 2616397267936
Position: -133.623 237.18 -1081.31 Orientation: -0.0111343 0.0887079 0.00360032 0.995989 Time: 2616445926146
Position: -133.63 237.187 -1081.33 Orientation: -0.0110675 0.0888403 0.00366695 0.995978 Time: 2616522660205
Position: -133.623 237.203 -1081.32 Orientation: -0.0110676 0.0880406 0.00350029 0.996049 Time: 2616573279740
Position: -133.647 237.197 -1081.34 Orientation: -0.0110004 0.0900367 0.00386681 0.99587 Time: 2616644109706
Position: -133.637 237.19 -1081.31 Orientation: -0.0111668 0.0891679 0.00373338 0.995947 Time: 2616692384354
Position: -133.637 237.19 -1081.32 Orientation: -0.0111002 0.089168 0.00373339 0.995948 Time: 2616765573438
Position: -133.653 237.203 -1081.35 Orientation: -0.0112335 0.0902348 0.0039334 0.995849 Time: 2616813587953
Position: -133.637 237.203 -1081.36 Orientation: -0.0112341 0.0889724 0.0036669 0.995964 Time: 2616886361045
Position: -133.65 237.19 -1081.35 Orientation: -0.0113002 0.0895014 0.00380006 0.995915 Time: 2616933244852
Position: -133.65 237.193 -1081.33 Orientation: -0.0112344 0.0897749 0.00383368 0.995891 Time: 2617005111790
Position: -133.66 237.213 -1081.36 Orientation: -0.011234 0.0908388 0.00410025 0.995794 Time: 2617052785984
