Position: -151.063 85.2 -1050.1 Orientation: -0.135441 0.0872052 -0.0592702 0.985159 Time: 2474078895034
Position: -151.063 85.2 -1050.13 Orientation: -0.135112 0.0874076 -0.0592718 0.985186 Time: 2474153649841
Position: -151.073 85.2 -1050.16 Orientation: -0.134911 0.0877406 -0.0593049 0.985182 Time: 2474200292809
Position: -151.057 85.2067 -1050.15 Orientation: -0.135042 0.0861391 -0.059404 0.985299 Time: 2474276276028
Position: -151.057 85.1967 -1050.13 Orientation: -0.134945 0.0865074 -0.0593384 0.985284 Time: 2474325032488
Position: -151.053 85.2033 -1050.08 Orientation: -0.135206 0.0857705 -0.0593693 0.985311 Time: 2474567677105
Position: -151.063 85.2 -1050.13 Orientation: -0.135276 0.0865725 -0.0593374 0.985233 Time: 2474519675043
Position: -151.07 85.1967 -1050.13 Orientation: -0.134947 0.0879087 -0.0592725 0.985164 Time: 2474398785627
Position: -151.043 85.1867 -1050.05 Orientation: -0.135542 0.0853721 -0.0594371 0.985296 Time: 2474761620544
Position: -151.07 85.2033 -1050.13 Orientation: -0.13521 0.0874065 -0.059271 0.985173 Time: 2474809726468
Position: -151.083 85.2 -1050.14 Orientation: -0.134978 0.0884406 -0.0592382 0.985114 Time: 2474445984303
Position: -151.073 85.21 -1050.1 Orientation: -0.135211 0.0877072 -0.0592382 0.985148 Time: 2474641677377
Position: -151.057 85.2 -1050.11 Orientation: -0.135207 0.0868712 -0.0593031 0.985219 Time: 2474997330253
Position: -151.06 85.2033 -1050.08 Orientation: -0.135139 0.0866705 -0.059336 0.985244 Time: 2474690204357
Position: -151.067 85.2067 -1050.11 Orientation: -0.135239 0.087337 -0.0592692 0.985175 Time: 2474866116405
Position: -151.067 85.2 -1050.15 Orientation: -0.135112 0.0869413 -0.0593387 0.985223 Time: 2474948521930
Position: -151.057 85.2 -1050.09 Orientation: -0.13517 0.0868688 -0.0593014 0.985224 Time: 2475044409604
Position: -151.07 85.1867 -1050.13 Orientation: -0.134879 0.088108 -0.059272 0.985156 Time: 2475140541948
Position: -151.083 85.1867 -1050.15 Orientation: -0.134673 0.0889045 -0.059203 0.985116 Time: 2475192465705
Position: -151.067 85.1967 -1050.11 Orientation: -0.135206 0.0869372 -0.059336 0.985211 Time: 2475280283794
Position: -151.05 85.1867 -1050.08 Orientation: -0.135405 0.0863367 -0.0593023 0.985238 Time: 2475327556090
Position: -151.063 85.1867 -1050.11 Orientation: -0.135376 0.0876393 -0.059204 0.985133 Time: 2475375523531
Position: -151.07 85.1933 -1050.13 Orientation: -0.135241 0.0879716 -0.0592033 0.985122 Time: 2475447689328
Position: -151.07 85.19 -1050.13 Orientation: -0.135343 0.0872062 -0.0593042 0.98517 Time: 2475521969711
Position: -151.07 85.1933 -1050.14 Orientation: -0.135274 0.087138 -0.0593032 0.985186 Time: 2475568814518
Position: -151.063 85.1967 -1050.12 Orientation: -0.135471 0.0863027 -0.0593352 0.98523 Time: 2475617273626
Position: -151.057 85.19 -1050.07 Orientation: -0.135344 0.0859068 -0.0594047 0.985278 Time: 2475693048164
Position: -151.073 85.1867 -1050.14 Orientation: -0.135081 0.0884094 -0.0592063 0.985105 Time: 2475765335063
Position: -151.073 85.1967 -1050.13 Orientation: -0.135212 0.0879747 -0.0592388 0.985124 Time: 2475812738315
Position: -151.06 85.19 -1050.08 Orientation: -0.135144 0.0866401 -0.0593713 0.985243 Time: 2475887230799
Position: -151.067 85.1967 -1050.09 Orientation: -0.135112 0.0869413 -0.0593387 0.985223 Time: 2475933751844
Position: -151.073 85.19 -1050.13 Orientation: -0.135409 0.0883723 -0.0592038 0.985063 Time: 2476005658465
Position: -151.077 85.19 -1050.13 Orientation: -0.135113 0.0880421 -0.0592392 0.985131 Time: 2476055865018
Position: -151.07 85.19 -1050.12 Orientation: -0.135079 0.0873748 -0.0593055 0.985191 Time: 2476105673914
Position: -151.07 85.1933 -1050.12 Orientation: -0.135443 0.0870727 -0.0593041 0.985168 Time: 2476179037197
Position: -151.07 85.1967 -1050.13 Orientation: -0.135441 0.0872381 -0.0593033 0.985154 Time: 2476226621761
Position: -151.05 85.1833 -1050.08 Orientation: -0.135308 0.086572 -0.0593703 0.985227 Time: 2476298118136
Position: -151.053 85.19 -1050.1 Orientation: -0.135075 0.0865388 -0.0593704 0.985262 Time: 2476366971860
Position: -151.063 85.19 -1050.1 Orientation: -0.135036 0.087535 -0.0592678 0.985185 Time: 2476414562445
Position: -151.073 85.19 -1050.15 Orientation: -0.135071 0.0881692 -0.0592017 0.985128 Time: 2476463879812
Position: -151.077 85.19 -1050.16 Orientation: -0.135073 0.0879707 -0.0592027 0.985145 Time: 2476512771607
Position: -151.067 85.19 -1050.1 Orientation: -0.13524 0.0872707 -0.0593027 0.985179 Time: 2476607110665
Position: -151.063 85.19 -1050.1 Orientation: -0.135139 0.0871036 -0.0593025 0.985207 Time: 2476679553288
Position: -151.063 85.1967 -1050.11 Orientation: -0.135245 0.0872407 -0.0592716 0.985183 Time: 2476728549356
Position: -151.063 85.1967 -1050.11 Orientation: -0.135413 0.0872417 -0.059239 0.985161 Time: 2476781095870
Position: -151.06 85.1767 -1050.11 Orientation: -0.13508 0.0872421 -0.0593726 0.985199 Time: 2476853832700
Position: -151.06 85.17 -1050.1 Orientation: -0.135148 0.0875426 -0.0592396 0.985171 Time: 2476926619612
Position: -151.057 85.1733 -1050.1 Orientation: -0.135346 0.0874081 -0.0592055 0.985158 Time: 2476973258339
Position: -151.057 85.1733 -1050.1 Orientation: -0.135273 0.0872043 -0.0592696 0.985182 Time: 2477044436425
Position: -151.067 85.17 -1050.12 Orientation: -0.135043 0.0877062 -0.0592708 0.985169 Time: 2477092154408
Position: -151.057 85.17 -1050.09 Orientation: -0.135106 0.0863039 -0.0593694 0.985278 Time: 2477147013517
Position: -151.04 85.18 -1050.09 Orientation: -0.135143 0.085106 -0.0595042 0.985369 Time: 2477230869954
Position: -151.06 85.18 -1050.12 Orientation: -0.135345 0.0870408 -0.0593051 0.985185 Time: 2477284375443
Position: -151.063 85.18 -1050.13 Orientation: -0.135246 0.0874751 -0.0592724 0.985162 Time: 2477335414530
Position: -151.06 85.1833 -1050.09 Orientation: -0.135375 0.0865384 -0.0593035 0.985225 Time: 2477407781892
Position: -151.06 85.1967 -1050.1 Orientation: -0.135314 0.0860091 -0.0594396 0.985271 Time: 2477477874017
Position: -151.07 85.1933 -1050.16 Orientation: -0.135212 0.087208 -0.0592721 0.98519 Time: 2477526905525
Position: -151.063 85.19 -1050.15 Orientation: -0.135178 0.0869408 -0.0592718 0.985218 Time: 2477575273498
Position: -151.057 85.19 -1050.1 Orientation: -0.135179 0.0868081 -0.0593389 0.985226 Time: 2477648006085
Position: -151.053 85.19 -1050.09 Orientation: -0.13511 0.0867732 -0.0593044 0.98524 Time: 2477694348963
Position: -151.067 85.18 -1050.12 Orientation: -0.135273 0.0876374 -0.0592361 0.985146 Time: 2477765802371
Position: -151.073 85.1833 -1050.13 Orientation: -0.134809 0.0877059 -0.059304 0.985199 Time: 2477817027971
Position: -151.067 85.19 -1050.13 Orientation: -0.135404 0.0872356 -0.0593016 0.985159 Time: 2477889538056
Position: -151.057 85.1833 -1050.11 Orientation: -0.135375 0.0864719 -0.0593703 0.985227 Time: 2477937141367
Position: -151.057 85.18 -1050.11 Orientation: -0.134907 0.0868714 -0.0594032 0.985254 Time: 2478010167339
Position: -151.063 85.18 -1050.12 Orientation: -0.134973 0.0876708 -0.0593028 0.98518 Time: 2478060735970
Position: -151.07 85.18 -1050.15 Orientation: -0.134779 0.0874082 -0.0593722 0.985226 Time: 2478135870098
Position: -151.053 85.18 -1050.1 Orientation: -0.135214 0.0858089 -0.0594395 0.985302 Time: 2478184441004
Position: -151.06 85.19 -1050.13 Orientation: -0.13524 0.0868378 -0.059303 0.985217 Time: 2478259080181
Position: -151.06 85.19 -1050.11 Orientation: -0.135345 0.0866408 -0.0593384 0.985218 Time: 2478305894063
Position: -151.04 85.19 -1050.08 Orientation: -0.135213 0.0851082 -0.0594724 0.985361 Time: 2478376279572
Position: -151.037 85.19 -1050.06 Orientation: -0.135345 0.0849743 -0.059472 0.985355 Time: 2478423190473
Position: -151.057 85.19 -1050.11 Orientation: -0.135479 0.0871746 -0.0592721 0.985156 Time: 2478500590942
Position: -151.04 85.19 -1050.09 Orientation: -0.135176 0.0863723 -0.0593372 0.985265 Time: 2478549205363
Position: -151.03 85.1933 -1050.09 Orientation: -0.135212 0.0867747 -0.0593388 0.985224 Time: 2478621875551
Position: -151.05 85.2033 -1050.14 Orientation: -0.135076 0.0884396 -0.0592042 0.985103 Time: 2478669197246
Position: -151.057 85.2233 -1050.14 Orientation: -0.135074 0.0887045 -0.0591363 0.985084 Time: 2478741054332
Position: -151.04 85.2233 -1050.11 Orientation: -0.134937 0.0871693 -0.0593018 0.985229 Time: 2478787791720
Position: -151.04 85.21 -1050.14 Orientation: -0.135041 0.0878717 -0.0592367 0.985157 Time: 2478863508921
Position: -151.05 85.2133 -1050.14 Orientation: -0.135308 0.0885722 -0.0591703 0.985061 Time: 2478911182431
Position: -151.043 85.2133 -1050.12 Orientation: -0.134977 0.0873069 -0.0593047 0.985211 Time: 2478981043160
Position: -151.043 85.2033 -1050.12 Orientation: -0.135077 0.0875733 -0.0593045 0.985174 Time: 2479028378949
Position: -151.04 85.22 -1050.09 Orientation: -0.13541 0.085906 -0.0594042 0.985269 Time: 2479098896372
Position: -151.037 85.2133 -1050.05 Orientation: -0.134912 0.0860412 -0.0594388 0.985324 Time: 2479175542990
Position: -151.05 85.1867 -1050.13 Orientation: -0.134978 0.0868409 -0.0593052 0.985252 Time: 2479226014465
Position: -151.06 85.1867 -1050.15 Orientation: -0.135144 0.0882738 -0.0591381 0.985112 Time: 2479276471982
Position: -151.077 85.2 -1050.13 Orientation: -0.135043 0.0880729 -0.0592709 0.985136 Time: 2479352223942
Position: -151.057 85.1967 -1050.12 Orientation: -0.135209 0.0866726 -0.0593374 0.985234 Time: 2479400753932
Position: -151.063 85.1933 -1050.16 Orientation: -0.135106 0.0875373 -0.059236 0.985177 Time: 2479473940554
Position: -151.05 85.2033 -1050.13 Orientation: -0.135205 0.0866699 -0.0593022 0.985237 Time: 2479524260958
Position: -151.05 85.2033 -1050.13 Orientation: -0.135074 0.0874715 -0.0592366 0.985188 Time: 2479596697560
Position: -151.037 85.2067 -1050.11 Orientation: -0.135506 0.0864705 -0.059336 0.985211 Time: 2479645838951
Position: -151.043 85.2133 -1050.1 Orientation: -0.135078 0.0875073 -0.0592716 0.985182 Time: 2479716977491
Position: -151.043 85.2133 -1050.1 Orientation: -0.135409 0.0879725 -0.0592039 0.985099 Time: 2479789338831
Position: -151.043 85.21 -1050.13 Orientation: -0.135273 0.0876043 -0.0592363 0.985149 Time: 2479838254984
Position: -151.037 85.2133 -1050.09 Orientation: -0.135139 0.0871369 -0.0592691 0.985207 Time: 2479911878399
Position: -151.047 85.2167 -1050.1 Orientation: -0.135139 0.0883038 -0.0591692 0.985109 Time: 2479958555578
Position: -151.047 85.2033 -1050.12 Orientation: -0.134943 0.0874396 -0.0593043 0.985204 Time: 2480030050037
Position: -151.023 85.21 -1050.08 Orientation: -0.13531 0.0852065 -0.0594379 0.985342 Time: 2480101859092
Position: -151.03 85.21 -1050.08 Orientation: -0.135309 0.0862055 -0.0593038 0.985263 Time: 2480148900812
