Position: -179.76 18.04 -980.233 Orientation: -0.0761034 0.0886039 -0.0248678 0.992844 Time: 2800938733636
Position: -179.753 18.04 -980.19 Orientation: -0.0764693 0.0884031 -0.0248342 0.992835 Time: 2801072486959
Position: -179.76 18.04 -980.207 Orientation: -0.0764357 0.0884694 -0.0248674 0.99283 Time: 2801025300599
Position: -179.767 18.04 -980.24 Orientation: -0.0764039 0.0890379 -0.0247679 0.992785 Time: 2801144737185
Position: -179.757 18.04 -980.22 Orientation: -0.0762369 0.0880708 -0.0249345 0.99288 Time: 2801193231461
Position: -179.757 18.04 -980.203 Orientation: -0.0762392 0.0881068 -0.0249019 0.992877 Time: 2801313100324
Position: -179.75 18.04 -980.187 Orientation: -0.0763041 0.087938 -0.0249347 0.992886 Time: 2801265753041
Position: -179.76 18.04 -980.2 Orientation: -0.0764049 0.0881057 -0.0249016 0.992864 Time: 2801386002730
Position: -179.76 18.04 -980.207 Orientation: -0.076337 0.0883709 -0.0248345 0.992848 Time: 2801433518737
Position: -179.75 18.0367 -980.193 Orientation: -0.0761396 0.0877405 -0.025002 0.992915 Time: 2801559522680
Position: -179.747 18.04 -980.213 Orientation: -0.0759024 0.0877694 -0.0249674 0.992931 Time: 2801687986457
Position: -179.753 18.0367 -980.21 Orientation: -0.0762363 0.0881701 -0.024901 0.992872 Time: 2801640456765
Position: -179.75 18.04 -980.163 Orientation: -0.0760387 0.0875729 -0.0250018 0.992937 Time: 2801860945637
Position: -179.75 18.04 -980.18 Orientation: -0.0761074 0.0879753 -0.0249691 0.992897 Time: 2801812492687
Position: -179.757 18.0467 -980.203 Orientation: -0.0761747 0.0878426 -0.024936 0.992904 Time: 2801510411393
Position: -179.747 18.04 -980.193 Orientation: -0.076105 0.0879725 -0.0249017 0.992899 Time: 2801765830150
Position: -179.75 18.04 -980.193 Orientation: -0.0762017 0.0876019 -0.0250006 0.992922 Time: 2801932086913
Position: -179.75 18.0333 -980.197 Orientation: -0.0764352 0.0881688 -0.0248673 0.992857 Time: 2801980785353
Position: -179.77 18.04 -980.217 Orientation: -0.076203 0.0897368 -0.024701 0.992739 Time: 2802057310321
Position: -179.77 18.04 -980.223 Orientation: -0.0763374 0.0898382 -0.024668 0.99272 Time: 2802104931011
Position: -179.75 18.0333 -980.203 Orientation: -0.0761406 0.0879751 -0.0249357 0.992895 Time: 2802176196674
Position: -179.747 18.04 -980.18 Orientation: -0.0763028 0.0877366 -0.0249676 0.992903 Time: 2802248343723
Position: -179.743 18.0367 -980.167 Orientation: -0.0762718 0.0882059 -0.0248683 0.992867 Time: 2802296300081
Position: -179.753 18.03 -980.2 Orientation: -0.0762056 0.0882064 -0.0248351 0.992872 Time: 2802345920412
Position: -179.76 18.0367 -980.233 Orientation: -0.0761387 0.0882729 -0.0249018 0.99287 Time: 2802420991730
Position: -179.757 18.04 -980.217 Orientation: -0.0762056 0.0881731 -0.0249352 0.992873 Time: 2802491032403
Position: -179.753 18.04 -980.213 Orientation: -0.0762064 0.0880407 -0.0249688 0.992884 Time: 2802521013747
Position: -179.757 18.0333 -980.21 Orientation: -0.0764386 0.0880394 -0.0248684 0.992868 Time: 2802606488727
Position: -179.767 18.04 -980.22 Orientation: -0.0762352 0.0887355 -0.0248006 0.992824 Time: 2802654699471
Position: -179.76 18.04 -980.213 Orientation: -0.0759041 0.0886714 -0.024868 0.992853 Time: 2802730109467
Position: -179.753 18.0333 -980.213 Orientation: -0.0758731 0.0883408 -0.0249021 0.992884 Time: 2802777761356
Position: -179.757 18.0433 -980.23 Orientation: -0.0756373 0.0881379 -0.024968 0.992919 Time: 2802826750582
Position: -179.757 18.0467 -980.213 Orientation: -0.0758052 0.0878061 -0.0249684 0.992935 Time: 2802899089617
Position: -179.75 18.0333 -980.2 Orientation: -0.0760724 0.0882733 -0.0249019 0.992875 Time: 2802968273399
Position: -179.75 18.0367 -980.193 Orientation: -0.0763718 0.0881059 -0.0249017 0.992867 Time: 2803015613293
Position: -179.757 18.04 -980.203 Orientation: -0.0762353 0.0879356 -0.0249006 0.992892 Time: 2803064286144
Position: -179.76 18.0367 -980.237 Orientation: -0.0761383 0.0883391 -0.0248683 0.992865 Time: 2803138125766
Position: -179.757 18.03 -980.213 Orientation: -0.0761373 0.0885046 -0.0248346 0.992851 Time: 2803209008552
Position: -179.753 18.0333 -980.217 Orientation: -0.0761415 0.0882428 -0.0248693 0.992873 Time: 2803255559017
Position: -179.76 18.04 -980.21 Orientation: -0.0764719 0.0891728 -0.024735 0.992768 Time: 2803332913645
Position: -179.767 18.04 -980.263 Orientation: -0.0761032 0.089037 -0.0247677 0.992808 Time: 2803379984512
Position: -179.75 18.0333 -980.223 Orientation: -0.0763685 0.0878354 -0.0249339 0.99289 Time: 2803428824582
Position: -179.757 18.04 -980.207 Orientation: -0.0760384 0.0884059 -0.0249017 0.992866 Time: 2803505344212
Position: -179.763 18.0367 -980.247 Orientation: -0.0760358 0.0884029 -0.0249341 0.992865 Time: 2803557078446
Position: -179.75 18.03 -980.213 Orientation: -0.0764022 0.0877359 -0.0249674 0.992896 Time: 2803606589305
Position: -179.743 18.03 -980.187 Orientation: -0.0764685 0.0877354 -0.0249673 0.992891 Time: 2803680841088
Position: -179.753 18.0367 -980.213 Orientation: -0.076468 0.0882015 -0.0249338 0.99285 Time: 2803729601518
Position: -179.76 18.03 -980.23 Orientation: -0.0762053 0.0886062 -0.0248684 0.992836 Time: 2803803902290
Position: -179.757 18.03 -980.213 Orientation: -0.0762716 0.0886057 -0.0248683 0.992831 Time: 2803851185806
Position: -179.75 18.0367 -980.187 Orientation: -0.0761375 0.0880714 -0.0249347 0.992887 Time: 2803923109122
Position: -179.763 18.04 -980.223 Orientation: -0.0762699 0.0892705 -0.0247011 0.992776 Time: 2803969732249
Position: -179.76 18.0333 -980.227 Orientation: -0.0763036 0.0884041 -0.0248678 0.992846 Time: 2804038984587
Position: -179.76 18.04 -980.237 Orientation: -0.0763037 0.088771 -0.0248012 0.992815 Time: 2804085606483
Position: -179.763 18.04 -980.237 Orientation: -0.0765072 0.0888417 -0.0248023 0.992793 Time: 2804157041417
Position: -179.76 18.0367 -980.227 Orientation: -0.0762396 0.0884406 -0.0248687 0.992848 Time: 2804204888303
Position: -179.747 18.0367 -980.18 Orientation: -0.0765061 0.0874403 -0.025002 0.992913 Time: 2804278708494
Position: -179.763 18.04 -980.233 Orientation: -0.0763073 0.0886084 -0.024869 0.992828 Time: 2804327838527
Position: -179.757 18.04 -980.213 Orientation: -0.076274 0.0882418 -0.0249357 0.992861 Time: 2804376623861
Position: -179.75 18.0367 -980.203 Orientation: -0.0762391 0.0873399 -0.0250352 0.992941 Time: 2804450706236
Position: -179.753 18.0333 -980.2 Orientation: -0.0763725 0.0880067 -0.0249019 0.992876 Time: 2804498143013
Position: -179.76 18.04 -980.227 Orientation: -0.0761062 0.0874071 -0.0249687 0.992947 Time: 2804568321211
Position: -179.76 18.04 -980.243 Orientation: -0.0759741 0.0877085 -0.0250024 0.99293 Time: 2804618042803
Position: -179.76 18.04 -980.21 Orientation: -0.0762035 0.0881041 -0.0249345 0.992879 Time: 2804691784584
Position: -179.757 18.04 -980.197 Orientation: -0.0763678 0.0875347 -0.0250004 0.992915 Time: 2804738528541
Position: -179.75 18.0333 -980.183 Orientation: -0.0761682 0.0876685 -0.0249338 0.99292 Time: 2804816574484
Position: -179.75 18.0367 -980.203 Orientation: -0.0760375 0.0873714 -0.0250347 0.992954 Time: 2804864535494
Position: -179.767 18.04 -980.217 Orientation: -0.0762676 0.0888344 -0.0248003 0.992812 Time: 2804935179904
Position: -179.757 18.04 -980.207 Orientation: -0.0763684 0.0882354 -0.0248672 0.992856 Time: 2804982814141
Position: -179.753 18.04 -980.2 Orientation: -0.0763362 0.0877033 -0.0249676 0.992904 Time: 2805055164261
Position: -179.76 18.04 -980.207 Orientation: -0.0762706 0.0883712 -0.0249013 0.992851 Time: 2805101798335
Position: -179.767 18.04 -980.22 Orientation: -0.07614 0.0888412 -0.0248355 0.992821 Time: 2805178349303
Position: -179.763 18.0333 -980.22 Orientation: -0.0763371 0.0887377 -0.0248012 0.992816 Time: 2805225076565
Position: -179.767 18.0367 -980.24 Orientation: -0.0762367 0.0885039 -0.0248344 0.992844 Time: 2805296117537
Position: -179.753 18.05 -980.197 Orientation: -0.0764064 0.0875073 -0.0249354 0.992916 Time: 2805342130358
Position: -179.753 18.0433 -980.217 Orientation: -0.0763358 0.0881695 -0.0248675 0.992865 Time: 2805413508093
Position: -179.747 18.0467 -980.23 Orientation: -0.0759375 0.0878382 -0.0250014 0.992921 Time: 2805460831977
Position: -179.743 18.0633 -980.203 Orientation: -0.0761384 0.0887059 -0.0248683 0.992832 Time: 2805537774170
Position: -179.737 18.0633 -980.193 Orientation: -0.0761398 0.0888742 -0.0248688 0.992817 Time: 2805585889262
Position: -179.71 18.05 -980.16 Orientation: -0.0765392 0.0870733 -0.0250019 0.992943 Time: 2805660397757
Position: -179.73 18.07 -980.18 Orientation: -0.0763394 0.087607 -0.0249353 0.992913 Time: 2805709506307
Position: -179.727 18.08 -980.163 Orientation: -0.0760696 0.0871367 -0.0250343 0.992972 Time: 2805757747018
Position: -179.733 18.0733 -980.197 Orientation: -0.0760696 0.0887034 -0.0248343 0.992839 Time: 2805828350514
Position: -179.74 18.0633 -980.207 Orientation: -0.0763047 0.0886055 -0.0248682 0.992828 Time: 2805899537631
Position: -179.74 18.0733 -980.187 Orientation: -0.0764733 0.0885743 -0.0248355 0.992819 Time: 2805946562246
Position: -179.727 18.0733 -980.2 Orientation: -0.0760706 0.0877712 -0.024968 0.992918 Time: 2806021297759
Position: -179.74 18.0633 -980.24 Orientation: -0.0761042 0.0888716 -0.0248014 0.992822 Time: 2806069678457
Position: -179.733 18.0733 -980.227 Orientation: -0.0762384 0.0882392 -0.0248683 0.992866 Time: 2806142940614
Position: -179.74 18.0767 -980.207 Orientation: -0.0761364 0.0886369 -0.024801 0.99284 Time: 2806190137100
Position: -179.74 18.0633 -980.22 Orientation: -0.0760016 0.0889685 -0.0248005 0.992821 Time: 2806264519429
Position: -179.74 18.0667 -980.207 Orientation: -0.0761054 0.089073 -0.0248018 0.992804 Time: 2806313926016
Position: -179.733 18.0833 -980.187 Orientation: -0.0764077 0.0888756 -0.0247358 0.9928 Time: 2806365647113
Position: -179.733 18.0833 -980.197 Orientation: -0.0764379 0.0885386 -0.0248015 0.992826 Time: 2806443523648
Position: -179.733 18.0567 -980.217 Orientation: -0.0762357 0.0882694 -0.0248674 0.992864 Time: 2806519589654
Position: -179.74 18.05 -980.237 Orientation: -0.0762043 0.0891716 -0.0247347 0.992789 Time: 2806566056647
Position: -179.747 18.0633 -980.23 Orientation: -0.0761729 0.0885073 -0.0248354 0.992848 Time: 2806637167134
Position: -179.753 18.0667 -980.22 Orientation: -0.0763034 0.089204 -0.0247678 0.992777 Time: 2806684975021
Position: -179.74 18.06 -980.213 Orientation: -0.0762386 0.0882061 -0.0249017 0.992868 Time: 2806757251521
Position: -179.733 18.0533 -980.207 Orientation: -0.0758736 0.0874747 -0.0250356 0.992957 Time: 2806804945693
Position: -179.737 18.05 -980.207 Orientation: -0.0759065 0.0871075 -0.0251022 0.992986 Time: 2806876026486
Position: -179.753 18.0567 -980.217 Orientation: -0.0762731 0.0883741 -0.0249021 0.992851 Time: 2806925960180
