Position: -114.253 -88.5967 -1154.86 Orientation: -0.266963 0.0970774 -0.125881 0.950506 Time: 2121565306765
Position: -114.25 -88.5967 -1154.85 Orientation: -0.267221 0.0967077 -0.125843 0.950476 Time: 2121617251869
Position: -114.257 -88.6033 -1154.89 Orientation: -0.26682 0.0971074 -0.12591 0.950539 Time: 2121689167111
Position: -114.27 -88.6067 -1154.89 Orientation: -0.266686 0.098407 -0.125976 0.950434 Time: 2121736349776
Position: -114.257 -88.6033 -1154.84 Orientation: -0.266759 0.0980095 -0.125946 0.950459 Time: 2121810908355
Position: -114.263 -88.6 -1154.85 Orientation: -0.267091 0.0981756 -0.125911 0.950353 Time: 2122049526321
Position: -114.257 -88.6033 -1154.86 Orientation: -0.26712 0.0976072 -0.125909 0.950403 Time: 2121976135534
Position: -114.263 -88.5967 -1154.89 Orientation: -0.267214 0.0979053 -0.125873 0.950351 Time: 2122243960879
Position: -114.257 -88.6 -1154.88 Orientation: -0.26711 0.0970036 -0.125905 0.950469 Time: 2122290580311
Position: -114.273 -88.6133 -1154.92 Orientation: -0.266722 0.0991747 -0.125977 0.950344 Time: 2121928028652
Position: -114.257 -88.6 -1154.88 Orientation: -0.266795 0.0972104 -0.125913 0.950535 Time: 2122533332621
Position: -114.257 -88.6 -1154.87 Orientation: -0.266857 0.0972086 -0.125911 0.950518 Time: 2122459886824
Position: -114.263 -88.6033 -1154.89 Orientation: -0.267081 0.098172 -0.12594 0.950352 Time: 2122167735043
Position: -114.273 -88.6133 -1154.89 Orientation: -0.266517 0.0991729 -0.126041 0.950393 Time: 2121856960586
Position: -114.263 -88.6 -1154.87 Orientation: -0.26662 0.0982075 -0.125976 0.950473 Time: 2122096110312
Position: -114.287 -88.6167 -1154.92 Orientation: -0.266722 0.0997417 -0.126011 0.95028 Time: 2122363059745
Position: -114.3 -88.62 -1154.95 Orientation: -0.266392 0.10101 -0.126112 0.950225 Time: 2122410461491
Position: -114.267 -88.6067 -1154.88 Orientation: -0.266882 0.0976723 -0.125974 0.950455 Time: 2122581525985
Position: -114.27 -88.61 -1154.9 Orientation: -0.266611 0.0979372 -0.125972 0.950504 Time: 2122667907393
Position: -114.273 -88.61 -1154.89 Orientation: -0.266681 0.0986055 -0.12594 0.950419 Time: 2122715420390
Position: -114.273 -88.6067 -1154.88 Orientation: -0.266552 0.0991068 -0.125975 0.950399 Time: 2122764321764
Position: -114.26 -88.6067 -1154.87 Orientation: -0.266878 0.0979042 -0.125905 0.950441 Time: 2122836092504
Position: -114.28 -88.6167 -1154.89 Orientation: -0.26665 0.0994727 -0.126041 0.950325 Time: 2122884588147
Position: -114.253 -88.6 -1154.87 Orientation: -0.267318 0.09654 -0.125842 0.950466 Time: 2122958490442
Position: -114.263 -88.6033 -1154.89 Orientation: -0.267018 0.09794 -0.125909 0.950398 Time: 2123005191978
Position: -114.277 -88.61 -1154.92 Orientation: -0.267012 0.0988045 -0.125906 0.95031 Time: 2123078060173
Position: -114.263 -88.6 -1154.88 Orientation: -0.267123 0.0975416 -0.125877 0.950414 Time: 2123174542143
Position: -114.257 -88.6033 -1154.88 Orientation: -0.267145 0.097571 -0.125839 0.950409 Time: 2123222217432
Position: -114.27 -88.6033 -1154.87 Orientation: -0.266743 0.0985703 -0.125971 0.950402 Time: 2123292732666
Position: -114.257 -88.6 -1154.86 Orientation: -0.266714 0.0975718 -0.12594 0.950517 Time: 2123339349224
Position: -114.257 -88.5933 -1154.85 Orientation: -0.267331 0.097278 -0.125915 0.950377 Time: 2123412035286
Position: -114.267 -88.6 -1154.9 Orientation: -0.267159 0.0982429 -0.125912 0.950326 Time: 2123459009133
Position: -114.257 -88.6 -1154.87 Orientation: -0.26708 0.097605 -0.125906 0.950415 Time: 2123507469199
Position: -114.263 -88.6067 -1154.91 Orientation: -0.266823 0.0978753 -0.125978 0.95045 Time: 2123577137394
Position: -114.25 -88.5967 -1154.86 Orientation: -0.26715 0.0967059 -0.125874 0.950492 Time: 2123626155219
Position: -114.263 -88.6067 -1154.88 Orientation: -0.267053 0.0974738 -0.125909 0.950436 Time: 2123704983749
Position: -114.253 -88.6 -1154.85 Orientation: -0.267119 0.0963401 -0.125909 0.950533 Time: 2123753504298
Position: -114.253 -88.5933 -1154.87 Orientation: -0.267254 0.0965409 -0.12591 0.950474 Time: 2123827061892
Position: -114.243 -88.59 -1154.88 Orientation: -0.267187 0.096174 -0.125843 0.950539 Time: 2123875705871
Position: -114.253 -88.5967 -1154.88 Orientation: -0.267259 0.0973761 -0.125879 0.950392 Time: 2123949850782
Position: -114.253 -88.6 -1154.86 Orientation: -0.266995 0.0970101 -0.125913 0.950499 Time: 2123998357100
Position: -114.263 -88.6 -1154.86 Orientation: -0.266824 0.0978422 -0.125978 0.950453 Time: 2124045704246
Position: -114.27 -88.61 -1154.9 Orientation: -0.266679 0.0980046 -0.125973 0.950478 Time: 2124115919390
Position: -114.263 -88.61 -1154.89 Orientation: -0.266761 0.0973433 -0.125913 0.950531 Time: 2124189130369
Position: -114.26 -88.5967 -1154.85 Orientation: -0.267199 0.0972784 -0.125915 0.950414 Time: 2124236701660
Position: -114.263 -88.6 -1154.91 Orientation: -0.266911 0.0972373 -0.125872 0.950505 Time: 2124311130104
Position: -114.277 -88.6133 -1154.91 Orientation: -0.266646 0.0980715 -0.125973 0.95048 Time: 2124358510229
Position: -114.263 -88.6 -1154.86 Orientation: -0.266722 0.0975415 -0.125977 0.950513 Time: 2124431267447
Position: -114.263 -88.6 -1154.85 Orientation: -0.266552 0.0978403 -0.125942 0.950534 Time: 2124477978151
Position: -114.243 -88.5933 -1154.84 Orientation: -0.267348 0.095972 -0.125807 0.950519 Time: 2124549448254
Position: -114.25 -88.6 -1154.87 Orientation: -0.267413 0.0965048 -0.125806 0.950447 Time: 2124597508063
Position: -114.273 -88.6033 -1154.89 Orientation: -0.266622 0.0985082 -0.125944 0.950446 Time: 2124667524926
Position: -114.29 -88.61 -1154.93 Orientation: -0.266227 0.0993436 -0.12598 0.950465 Time: 2124714314450
Position: -114.263 -88.6033 -1154.87 Orientation: -0.266756 0.0975414 -0.12591 0.950512 Time: 2124785527977
Position: -114.267 -88.6 -1154.86 Orientation: -0.26708 0.0979382 -0.125906 0.950381 Time: 2124833573555
Position: -114.27 -88.6 -1154.88 Orientation: -0.267289 0.0980083 -0.125911 0.950314 Time: 2124906506476
Position: -114.263 -88.6 -1154.88 Orientation: -0.267224 0.0981422 -0.125911 0.950319 Time: 2124953938326
Position: -114.25 -88.5933 -1154.83 Orientation: -0.267227 0.096743 -0.125913 0.950461 Time: 2125025461523
Position: -114.27 -88.5967 -1154.86 Orientation: -0.266887 0.098441 -0.125976 0.950374 Time: 2125073500668
Position: -114.273 -88.6033 -1154.88 Orientation: -0.266683 0.0984726 -0.126008 0.950424 Time: 2125148530934
Position: -114.28 -88.61 -1154.92 Orientation: -0.267111 0.099104 -0.126005 0.950238 Time: 2125197059420
Position: -114.247 -88.59 -1154.83 Orientation: -0.267221 0.0964074 -0.125843 0.950506 Time: 2125266618006
Position: -114.26 -88.5933 -1154.85 Orientation: -0.267091 0.097509 -0.125912 0.950421 Time: 2125314837233
Position: -114.26 -88.6067 -1154.86 Orientation: -0.266758 0.0977757 -0.125912 0.950487 Time: 2125387910551
Position: -114.253 -88.5967 -1154.83 Orientation: -0.266781 0.0974054 -0.125907 0.950519 Time: 2125434912314
Position: -114.27 -88.5933 -1154.87 Orientation: -0.266894 0.0982433 -0.125946 0.950397 Time: 2125505591345
Position: -114.263 -88.6 -1154.87 Orientation: -0.266963 0.0973109 -0.125947 0.950473 Time: 2125578561760
Position: -114.26 -88.6 -1154.86 Orientation: -0.266821 0.0970743 -0.12591 0.950542 Time: 2125625744836
Position: -114.26 -88.5867 -1154.84 Orientation: -0.266857 0.0972421 -0.125878 0.950519 Time: 2125698952668
Position: -114.24 -88.58 -1154.81 Orientation: -0.266934 0.0961122 -0.125816 0.95062 Time: 2125747440922
Position: -114.253 -88.6067 -1154.86 Orientation: -0.266955 0.098508 -0.12601 0.950343 Time: 2125818717806
Position: -114.23 -88.59 -1154.83 Orientation: -0.266975 0.0967363 -0.125937 0.950529 Time: 2125865960271
Position: -114.24 -88.5867 -1154.88 Orientation: -0.266747 0.0981384 -0.12594 0.950449 Time: 2125951788024
Position: -114.233 -88.5833 -1154.85 Orientation: -0.266714 0.0985386 -0.12594 0.950417 Time: 2126022364699
Position: -114.23 -88.58 -1154.85 Orientation: -0.266716 0.0978725 -0.125907 0.95049 Time: 2126069629605
Position: -114.237 -88.5867 -1154.87 Orientation: -0.26639 0.0984086 -0.125978 0.950517 Time: 2126142387508
Position: -114.227 -88.5767 -1154.82 Orientation: -0.266827 0.0974764 -0.125946 0.950494 Time: 2126189238610
Position: -114.22 -88.5767 -1154.83 Orientation: -0.266824 0.0970087 -0.125878 0.950552 Time: 2126260307224
Position: -114.22 -88.57 -1154.8 Orientation: -0.266886 0.0963738 -0.125843 0.950604 Time: 2126307027234
Position: -114.253 -88.59 -1154.87 Orientation: -0.266357 0.0993754 -0.126044 0.950416 Time: 2126382536439
Position: -114.23 -88.5867 -1154.85 Orientation: -0.266823 0.0979751 -0.125911 0.950449 Time: 2126429304206
Position: -114.23 -88.5767 -1154.83 Orientation: -0.267225 0.098209 -0.125845 0.950321 Time: 2126501294846
Position: -114.243 -88.5867 -1154.88 Orientation: -0.266728 0.098377 -0.125913 0.950434 Time: 2126548836990
Position: -114.237 -88.5867 -1154.85 Orientation: -0.266826 0.0978096 -0.125946 0.95046 Time: 2126624607012
Position: -114.243 -88.5867 -1154.88 Orientation: -0.266958 0.0981425 -0.125945 0.950389 Time: 2126672387120
Position: -114.223 -88.5833 -1154.84 Orientation: -0.266924 0.096442 -0.125845 0.950586 Time: 2126753242112
Position: -114.24 -88.59 -1154.86 Orientation: -0.266678 0.098104 -0.125939 0.950473 Time: 2126801860775
Position: -114.253 -88.5967 -1154.91 Orientation: -0.266824 0.0991088 -0.126011 0.950318 Time: 2126872035141
Position: -114.253 -88.6 -1154.9 Orientation: -0.266829 0.099244 -0.126014 0.950302 Time: 2126918359136
Position: -114.273 -88.6 -1154.91 Orientation: -0.266629 0.0997774 -0.126014 0.950302 Time: 2126989398192
Position: -114.24 -88.5867 -1154.87 Orientation: -0.266891 0.0968088 -0.125878 0.950553 Time: 2127036609594
Position: -114.253 -88.61 -1154.87 Orientation: -0.266978 0.098871 -0.125939 0.950309 Time: 2127107299162
Position: -114.267 -88.61 -1154.89 Orientation: -0.267011 0.0993707 -0.126005 0.950239 Time: 2127155166300
Position: -114.267 -88.6033 -1154.87 Orientation: -0.266751 0.0986398 -0.125942 0.950396 Time: 2127227621513
Position: -114.24 -88.5933 -1154.82 Orientation: -0.267055 0.0965077 -0.125843 0.950543 Time: 2127275524777
Position: -114.26 -88.6033 -1154.88 Orientation: -0.266985 0.0982733 -0.125975 0.950364 Time: 2127347723962
Position: -114.24 -88.59 -1154.83 Orientation: -0.266928 0.09621 -0.125913 0.950599 Time: 2127394203270
Position: -114.267 -88.6033 -1154.89 Orientation: -0.266111 0.0979374 -0.126005 0.95064 Time: 2127467000309
Position: -114.273 -88.61 -1154.92 Orientation: -0.266414 0.0989386 -0.126007 0.950451 Time: 2127515591330
Position: -114.267 -88.61 -1154.9 Orientation: -0.266693 0.0984765 -0.125946 0.950429 Time: 2127590518692
Position: -114.25 -88.6033 -1154.85 Orientation: -0.266586 0.0974405 -0.125909 0.95057 Time: 2127638113382
