Position: -129.6 -6.88 -1110.14 Orientation: -0.207112 0.0906055 -0.093739 0.969592 Time: 2400587560487
Position: -129.61 -6.88333 -1110.16 Orientation: -0.206648 0.0911397 -0.0938065 0.969634 Time: 2400446475148
Position: -129.593 -6.88 -1110.13 Orientation: -0.20724 0.0898697 -0.0937365 0.969633 Time: 2400516441243
Position: -129.6 -6.88 -1110.14 Orientation: -0.207148 0.0900729 -0.0937398 0.969634 Time: 2400681325228
Position: -129.6 -6.88 -1110.12 Orientation: -0.207018 0.089441 -0.0937747 0.969717 Time: 2400633850820
Position: -129.603 -6.87333 -1110.12 Orientation: -0.207286 0.0906085 -0.0937088 0.969557 Time: 2400826192275
Position: -129.613 -6.88 -1110.17 Orientation: -0.206822 0.0903761 -0.0938098 0.969668 Time: 2401015698955
Position: -129.603 -6.87667 -1110.14 Orientation: -0.207118 0.0905748 -0.0938084 0.969587 Time: 2401062885862
Position: -129.613 -6.87 -1110.14 Orientation: -0.206878 0.0900715 -0.093805 0.969685 Time: 2401303493891
Position: -129.623 -6.87667 -1110.15 Orientation: -0.206739 0.0917027 -0.0938028 0.969562 Time: 2401255340757
Position: -129.627 -6.89 -1110.19 Orientation: -0.20669 0.0920104 -0.0938106 0.969543 Time: 2401378019354
Position: -129.63 -6.88 -1110.17 Orientation: -0.206944 0.0917382 -0.0937716 0.969518 Time: 2400753253607
Position: -129.613 -6.87 -1110.13 Orientation: -0.207218 0.0904745 -0.0937082 0.969584 Time: 2400898481637
Position: -129.613 -6.87 -1110.15 Orientation: -0.206879 0.0907719 -0.0937721 0.969623 Time: 2400945204384
Position: -129.623 -6.88333 -1110.13 Orientation: -0.207372 0.0921688 -0.0937355 0.969389 Time: 2401137632048
Position: -129.617 -6.89 -1110.16 Orientation: -0.206883 0.0912406 -0.0937742 0.969578 Time: 2401184596727
Position: -129.617 -6.88667 -1110.17 Orientation: -0.207123 0.0918103 -0.0937439 0.969476 Time: 2401425780989
Position: -129.613 -6.87333 -1110.15 Orientation: -0.207081 0.0905727 -0.093773 0.969598 Time: 2401508913407
Position: -129.607 -6.87333 -1110.12 Orientation: -0.207012 0.0897383 -0.0938052 0.969687 Time: 2401559623805
Position: -129.6 -6.88 -1110.11 Orientation: -0.207015 0.0902732 -0.0938068 0.969637 Time: 2401634412411
Position: -129.633 -6.88 -1110.17 Orientation: -0.206448 0.0919067 -0.0938069 0.969604 Time: 2401681352733
Position: -129.61 -6.87333 -1110.16 Orientation: -0.206742 0.0901702 -0.0938037 0.969705 Time: 2401756842233
Position: -129.603 -6.88 -1110.14 Orientation: -0.206543 0.0898375 -0.0938044 0.969778 Time: 2401803557864
Position: -129.61 -6.88 -1110.18 Orientation: -0.206354 0.0904422 -0.0938092 0.969762 Time: 2401875595167
Position: -129.613 -6.87333 -1110.18 Orientation: -0.206255 0.090143 -0.0938768 0.969804 Time: 2401946026381
Position: -129.617 -6.87667 -1110.13 Orientation: -0.206711 0.090438 -0.0938382 0.969683 Time: 2401998542654
Position: -129.613 -6.88 -1110.15 Orientation: -0.207072 0.0906356 -0.0938024 0.969591 Time: 2402070517285
Position: -129.613 -6.88 -1110.11 Orientation: -0.206844 0.0905379 -0.0938047 0.969649 Time: 2402117308999
Position: -129.607 -6.87333 -1110.11 Orientation: -0.207113 0.0898055 -0.0938058 0.96966 Time: 2402192131131
Position: -129.603 -6.87667 -1110.11 Orientation: -0.206947 0.0890057 -0.0938727 0.969762 Time: 2402239588981
Position: -129.607 -6.88 -1110.14 Orientation: -0.206682 0.0903067 -0.0938069 0.969705 Time: 2402311775030
Position: -129.61 -6.87667 -1110.13 Orientation: -0.206852 0.0901081 -0.0938084 0.969687 Time: 2402359752872
Position: -129.603 -6.87 -1110.12 Orientation: -0.206843 0.0898377 -0.0938046 0.969714 Time: 2402432080276
Position: -129.603 -6.87 -1110.12 Orientation: -0.206948 0.0893729 -0.0938066 0.969735 Time: 2402479374740
Position: -129.62 -6.88 -1110.16 Orientation: -0.206578 0.091805 -0.0938051 0.969586 Time: 2402557471587
Position: -129.617 -6.88 -1110.16 Orientation: -0.206542 0.091337 -0.0938037 0.969639 Time: 2402605476249
Position: -129.617 -6.88667 -1110.16 Orientation: -0.206275 0.0911372 -0.0938706 0.969708 Time: 2402679690675
Position: -129.613 -6.89 -1110.13 Orientation: -0.206443 0.0911042 -0.0938377 0.969678 Time: 2402728947423
Position: -129.623 -6.89 -1110.17 Orientation: -0.206679 0.0922724 -0.0937392 0.969527 Time: 2402778986210
Position: -129.613 -6.88333 -1110.14 Orientation: -0.206414 0.0909729 -0.0938064 0.9697 Time: 2402852707876
Position: -129.607 -6.88667 -1110.16 Orientation: -0.207047 0.0906395 -0.093773 0.969599 Time: 2402899605914
Position: -129.587 -6.88667 -1110.12 Orientation: -0.207117 0.0892738 -0.0937742 0.969711 Time: 2402970251830
Position: -129.607 -6.9 -1110.17 Orientation: -0.206512 0.0908721 -0.0937723 0.969692 Time: 2403044282206
Position: -129.61 -6.9 -1110.15 Orientation: -0.207005 0.0911691 -0.0937691 0.969559 Time: 2403091826813
Position: -129.617 -6.9 -1110.18 Orientation: -0.206847 0.0918395 -0.0937397 0.969532 Time: 2403163854264
Position: -129.63 -6.9 -1110.18 Orientation: -0.20691 0.0925047 -0.0938048 0.969449 Time: 2403210556074
Position: -129.61 -6.9 -1110.19 Orientation: -0.206852 0.0915084 -0.0938086 0.969556 Time: 2403282195447
Position: -129.593 -6.89333 -1110.13 Orientation: -0.207085 0.089208 -0.0938084 0.96972 Time: 2403330668102
Position: -129.61 -6.88333 -1110.14 Orientation: -0.207049 0.0901403 -0.0938073 0.969642 Time: 2403407334152
Position: -129.617 -6.89333 -1110.19 Orientation: -0.206581 0.090573 -0.0938066 0.969702 Time: 2403455502885
Position: -129.617 -6.89333 -1110.18 Orientation: -0.206781 0.0916395 -0.0937396 0.969565 Time: 2403529125753
Position: -129.617 -6.89 -1110.17 Orientation: -0.207079 0.0910055 -0.0937723 0.969558 Time: 2403576181020
Position: -129.6 -6.89 -1110.13 Orientation: -0.207422 0.0898095 -0.0937099 0.969602 Time: 2403648670853
Position: -129.607 -6.89 -1110.14 Orientation: -0.206951 0.0903409 -0.0937745 0.969648 Time: 2403700188469
Position: -129.61 -6.89333 -1110.18 Orientation: -0.206646 0.0916391 -0.0937392 0.969594 Time: 2403773953239
Position: -129.597 -6.89333 -1110.17 Orientation: -0.206881 0.0914065 -0.0937067 0.969569 Time: 2403821270144
Position: -129.577 -6.89333 -1110.15 Orientation: -0.206944 0.0907382 -0.093705 0.969618 Time: 2403896851190
Position: -129.56 -6.85667 -1110.12 Orientation: -0.207039 0.0897357 -0.0937024 0.969692 Time: 2403944487343
Position: -129.593 -6.86333 -1110.1 Orientation: -0.207076 0.0908708 -0.0937043 0.969578 Time: 2404015777774
Position: -129.57 -6.87 -1110.19 Orientation: -0.206546 0.0911722 -0.0937391 0.969659 Time: 2404063086880
Position: -129.61 -6.86333 -1110.18 Orientation: -0.20654 0.0914361 -0.0938029 0.96963 Time: 2404136966048
Position: -129.593 -6.85333 -1110.14 Orientation: -0.206806 0.0916029 -0.0937363 0.969564 Time: 2404184015568
Position: -129.587 -6.86333 -1110.11 Orientation: -0.207016 0.0902401 -0.0938071 0.96964 Time: 2404259323209
Position: -129.583 -6.86333 -1110.15 Orientation: -0.206787 0.0908756 -0.0938093 0.969629 Time: 2404306963740
Position: -129.61 -6.85667 -1110.15 Orientation: -0.206316 0.0921406 -0.0938074 0.96961 Time: 2404379736284
Position: -129.6 -6.86667 -1110.17 Orientation: -0.206516 0.0921404 -0.0937405 0.969574 Time: 2404426575892
Position: -129.603 -6.87333 -1110.19 Orientation: -0.206415 0.0909068 -0.093807 0.969706 Time: 2404497915859
Position: -129.613 -6.86333 -1110.17 Orientation: -0.206716 0.0920071 -0.0937739 0.969541 Time: 2404548283336
Position: -129.62 -6.89 -1110.18 Orientation: -0.206779 0.0928056 -0.0937056 0.969458 Time: 2404623803078
Position: -129.613 -6.89333 -1110.21 Orientation: -0.206646 0.0931055 -0.0937056 0.969458 Time: 2404672271628
Position: -129.61 -6.88 -1110.16 Orientation: -0.206881 0.0913398 -0.0937733 0.969569 Time: 2404748559041
Position: -129.6 -6.87 -1110.12 Orientation: -0.207006 0.0904025 -0.0938026 0.969627 Time: 2404796124995
Position: -129.6 -6.88333 -1110.13 Orientation: -0.206614 0.0890728 -0.0938065 0.969833 Time: 2404866003923
Position: -129.603 -6.88667 -1110.17 Orientation: -0.20641 0.0894043 -0.0938045 0.969847 Time: 2404913280187
Position: -129.597 -6.87333 -1110.13 Orientation: -0.207008 0.0888699 -0.0938034 0.969769 Time: 2404989167480
Position: -129.603 -6.87667 -1110.14 Orientation: -0.207111 0.0898717 -0.0938052 0.969654 Time: 2405037289278
Position: -129.607 -6.89 -1110.16 Orientation: -0.206779 0.0905722 -0.0938058 0.969659 Time: 2405108811106
Position: -129.593 -6.87333 -1110.14 Orientation: -0.206944 0.088838 -0.093805 0.969785 Time: 2405154809011
Position: -129.607 -6.88 -1110.15 Orientation: -0.206952 0.0905749 -0.0938086 0.969622 Time: 2405228173388
Position: -129.62 -6.88667 -1110.2 Orientation: -0.206712 0.0911054 -0.0938055 0.969624 Time: 2405275132594
Position: -129.61 -6.89 -1110.12 Orientation: -0.207248 0.0916398 -0.0937066 0.969469 Time: 2405347171813
Position: -129.61 -6.89 -1110.13 Orientation: -0.207123 0.0915101 -0.0937104 0.969507 Time: 2405394618716
Position: -129.637 -6.9 -1110.21 Orientation: -0.206484 0.0931079 -0.0938079 0.969482 Time: 2405465904632
Position: -129.623 -6.89667 -1110.17 Orientation: -0.207042 0.0919703 -0.0938037 0.969472 Time: 2405514617441
Position: -129.62 -6.89 -1110.16 Orientation: -0.207113 0.0912722 -0.0937724 0.969526 Time: 2405562799858
Position: -129.62 -6.89 -1110.19 Orientation: -0.206644 0.0910715 -0.093705 0.969651 Time: 2405644157463
Position: -129.63 -6.89 -1110.2 Orientation: -0.206677 0.0920714 -0.0937048 0.96955 Time: 2405690746791
Position: -129.627 -6.89 -1110.19 Orientation: -0.206615 0.0922734 -0.0937735 0.969537 Time: 2405761132574
Position: -129.64 -6.89667 -1110.22 Orientation: -0.206749 0.094074 -0.0937073 0.969342 Time: 2405832215829
Position: -129.62 -6.89333 -1110.16 Orientation: -0.206946 0.0916721 -0.0937722 0.969524 Time: 2405879399453
Position: -129.627 -6.88667 -1110.18 Orientation: -0.206581 0.0920063 -0.0938065 0.969567 Time: 2405955679340
Position: -129.607 -6.88 -1110.16 Orientation: -0.206852 0.0904747 -0.0938083 0.969653 Time: 2406027039697
Position: -129.613 -6.89333 -1110.16 Orientation: -0.206613 0.0901391 -0.0938727 0.969729 Time: 2406073615066
Position: -129.613 -6.88667 -1110.16 Orientation: -0.206974 0.0915032 -0.09377 0.969534 Time: 2406121386554
Position: -129.61 -6.88333 -1110.14 Orientation: -0.207148 0.0911397 -0.0937398 0.969534 Time: 2406197938889
Position: -129.6 -6.88 -1110.14 Orientation: -0.207118 0.0895079 -0.0938083 0.969686 Time: 2406245193532
Position: -129.617 -6.9 -1110.17 Orientation: -0.20681 0.0914042 -0.093771 0.969578 Time: 2406323999074
Position: -129.617 -6.89333 -1110.2 Orientation: -0.206813 0.0911725 -0.0938061 0.969596 Time: 2406371335547
Position: -129.633 -6.89667 -1110.2 Orientation: -0.206746 0.0924388 -0.0938055 0.969491 Time: 2406442201638
Position: -129.6 -6.88667 -1110.15 Orientation: -0.206645 0.0894383 -0.0938719 0.969787 Time: 2406492006292
