Position: -207.807 131.37 -900.61 Orientation: -0.0236684 0.0894398 0.00320023 0.995706 Time: 2857285185672
Position: -207.79 131.367 -900.57 Orientation: -0.0237685 0.0882733 0.00303356 0.995808 Time: 2857430900443
Position: -207.79 131.36 -900.58 Orientation: -0.0238678 0.088204 0.00300014 0.995812 Time: 2857384551680
Position: -207.793 131.363 -900.573 Orientation: -0.0238347 0.0881049 0.0029335 0.995822 Time: 2857501771049
Position: -207.787 131.357 -900.55 Orientation: -0.0239337 0.0877681 0.00293338 0.995849 Time: 2857548433723
Position: -207.8 131.37 -900.603 Orientation: -0.0240013 0.0895714 0.00326684 0.995686 Time: 2857619406139
Position: -207.807 131.363 -900.61 Orientation: -0.0239687 0.0895744 0.00320028 0.995687 Time: 2857786138557
Position: -207.8 131.363 -900.593 Orientation: -0.0239353 0.0892739 0.00320026 0.995714 Time: 2857832981996
Position: -207.793 131.36 -900.58 Orientation: -0.0240685 0.08894 0.00320024 0.995741 Time: 2857952376983
Position: -207.767 131.353 -900.52 Orientation: -0.024134 0.0872024 0.00286675 0.995894 Time: 2858028859120
Position: -207.8 131.363 -900.58 Orientation: -0.0240013 0.0892047 0.00316683 0.995719 Time: 2857667241256
Position: -207.787 131.353 -900.557 Orientation: -0.0239349 0.0879724 0.00290019 0.995831 Time: 2857738541404
Position: -207.8 131.36 -900.583 Orientation: -0.0240009 0.08937 0.00323345 0.995704 Time: 2857905164350
Position: -207.787 131.36 -900.59 Orientation: -0.0238347 0.0884385 0.00300018 0.995792 Time: 2858146134047
Position: -207.787 131.363 -900.577 Orientation: -0.0236684 0.0879398 0.00286688 0.99584 Time: 2858193709716
Position: -207.787 131.357 -900.573 Orientation: -0.0239006 0.0884354 0.00306674 0.99579 Time: 2858076624860
Position: -207.797 131.367 -900.577 Orientation: -0.0237349 0.0887393 0.00303354 0.995767 Time: 2858242137214
Position: -207.793 131.36 -900.57 Orientation: -0.0240019 0.0889071 0.00313358 0.995746 Time: 2858314064225
Position: -207.797 131.36 -900.61 Orientation: -0.0238684 0.0890066 0.00310023 0.99574 Time: 2858363950709
Position: -207.797 131.367 -900.59 Orientation: -0.0238674 0.0887361 0.0031001 0.995764 Time: 2858438769557
Position: -207.793 131.37 -900.58 Orientation: -0.0240676 0.0882367 0.00300011 0.995804 Time: 2858487770277
Position: -207.79 131.36 -900.573 Orientation: -0.0237353 0.088574 0.00303358 0.995782 Time: 2858562703797
Position: -207.78 131.357 -900.57 Orientation: -0.0238347 0.087705 0.0029335 0.995857 Time: 2858612405274
Position: -207.77 131.353 -900.527 Orientation: -0.0239007 0.0865024 0.00270008 0.995961 Time: 2858661212091
Position: -207.797 131.367 -900.587 Orientation: -0.0238343 0.088637 0.00303346 0.995774 Time: 2858734875874
Position: -207.8 131.37 -900.613 Orientation: -0.0238012 0.0889045 0.00310016 0.995751 Time: 2858783813647
Position: -207.787 131.36 -900.56 Orientation: -0.0238687 0.0881408 0.00300025 0.995817 Time: 2858854490078
Position: -207.783 131.36 -900.55 Orientation: -0.0237691 0.0876088 0.00286696 0.995867 Time: 2858908241606
Position: -207.783 131.36 -900.577 Orientation: -0.0239688 0.0876746 0.0029336 0.995856 Time: 2858985069536
Position: -207.787 131.36 -900.58 Orientation: -0.0239677 0.0885705 0.00310013 0.995777 Time: 2859031941986
Position: -207.783 131.36 -900.557 Orientation: -0.0238348 0.0876719 0.00290017 0.99586 Time: 2859104788971
Position: -207.787 131.36 -900.583 Orientation: -0.0235348 0.0877387 0.00286684 0.995861 Time: 2859151834112
Position: -207.793 131.367 -900.603 Orientation: -0.0238011 0.088604 0.0030668 0.995778 Time: 2859225679618
Position: -207.8 131.37 -900.613 Orientation: -0.0239677 0.0889703 0.00313346 0.995741 Time: 2859271742386
Position: -207.79 131.36 -900.587 Orientation: -0.0238352 0.0886068 0.00303357 0.995777 Time: 2859345202824
Position: -207.783 131.36 -900.59 Orientation: -0.0238008 0.0883695 0.0030001 0.995799 Time: 2859393429988
Position: -207.777 131.363 -900.577 Orientation: -0.023734 0.0876692 0.00290009 0.995863 Time: 2859465963610
Position: -207.783 131.367 -900.57 Orientation: -0.0239684 0.0882729 0.00300021 0.995803 Time: 2859513005193
Position: -207.77 131.353 -900.543 Orientation: -0.0237684 0.0868062 0.00273353 0.995938 Time: 2859584319845
Position: -207.783 131.357 -900.577 Orientation: -0.0237682 0.0880058 0.00296686 0.995832 Time: 2859631600899
Position: -207.79 131.367 -900.583 Orientation: -0.0240348 0.088372 0.00303351 0.995793 Time: 2859706958485
Position: -207.79 131.36 -900.567 Orientation: -0.0239676 0.0878701 0.00290011 0.995839 Time: 2859754981347
Position: -207.777 131.36 -900.58 Orientation: -0.0237673 0.088069 0.00296675 0.995826 Time: 2859825304047
Position: -207.777 131.353 -900.563 Orientation: -0.0238013 0.0877382 0.00286683 0.995855 Time: 2859872571279
Position: -207.763 131.373 -900.55 Orientation: -0.0238006 0.0873354 0.0028334 0.995891 Time: 2859943318457
Position: -207.777 131.383 -900.583 Orientation: -0.0237344 0.0886041 0.00300014 0.99578 Time: 2859991683692
Position: -207.783 131.383 -900.603 Orientation: -0.0236347 0.0892386 0.00313352 0.995725 Time: 2860041150215
Position: -207.77 131.377 -900.583 Orientation: -0.0237673 0.088069 0.00300008 0.995826 Time: 2860117409850
Position: -207.79 131.397 -900.583 Orientation: -0.0236348 0.0892055 0.00313353 0.995728 Time: 2860164903279
Position: -207.8 131.393 -900.59 Orientation: -0.0238344 0.0893373 0.00313347 0.995711 Time: 2860237287198
Position: -207.787 131.39 -900.597 Orientation: -0.0238009 0.0890368 0.00310012 0.995739 Time: 2860284087806
Position: -207.77 131.39 -900.55 Orientation: -0.0238344 0.0878373 0.0029668 0.995845 Time: 2860358401441
Position: -207.777 131.39 -900.543 Orientation: -0.0239686 0.0877738 0.00296691 0.995848 Time: 2860407848806
Position: -207.783 131.383 -900.597 Orientation: -0.0238354 0.0885076 0.00310027 0.995785 Time: 2860479108860
Position: -207.773 131.387 -900.597 Orientation: -0.0239009 0.0882701 0.00303345 0.995805 Time: 2860526307398
Position: -207.77 131.39 -900.55 Orientation: -0.0239339 0.0880356 0.00300008 0.995825 Time: 2860573877184
Position: -207.78 131.38 -900.57 Orientation: -0.0237339 0.0881022 0.00290007 0.995824 Time: 2860649139940
Position: -207.78 131.38 -900.607 Orientation: -0.0238343 0.0882702 0.00300012 0.995807 Time: 2860701289208
Position: -207.787 131.387 -900.587 Orientation: -0.0239017 0.0886728 0.00313355 0.995769 Time: 2860771775295
Position: -207.777 131.383 -900.547 Orientation: -0.0239688 0.0877076 0.00296693 0.995853 Time: 2860817619393
Position: -207.77 131.38 -900.57 Orientation: -0.0236689 0.0873084 0.00283361 0.995896 Time: 2860864362529
Position: -207.777 131.383 -900.583 Orientation: -0.0236686 0.0882404 0.00300024 0.995813 Time: 2860945496263
Position: -207.767 131.38 -900.543 Orientation: -0.0238677 0.0874705 0.00286679 0.995877 Time: 2860992791685
Position: -207.767 131.38 -900.55 Orientation: -0.0240676 0.0874701 0.00293345 0.995872 Time: 2861065107731
Position: -207.777 131.38 -900.593 Orientation: -0.0238009 0.0887032 0.00306678 0.995769 Time: 2861113117046
Position: -207.773 131.38 -900.57 Orientation: -0.0240351 0.0885733 0.00303356 0.995775 Time: 2861184891480
Position: -207.777 131.387 -900.563 Orientation: -0.0239347 0.0880385 0.00293351 0.995825 Time: 2861234938889
Position: -207.773 131.373 -900.58 Orientation: -0.0239003 0.0881679 0.00300004 0.995814 Time: 2861306182247
Position: -207.763 131.38 -900.573 Orientation: -0.0239007 0.0880026 0.00300009 0.995829 Time: 2861354791195
Position: -207.77 131.38 -900.54 Orientation: -0.0239686 0.087407 0.0028669 0.99588 Time: 2861428302948
Position: -207.77 131.373 -900.557 Orientation: -0.0238682 0.0876057 0.00286685 0.995865 Time: 2861476897801
Position: -207.78 131.373 -900.6 Orientation: -0.0237339 0.0888356 0.00310008 0.995759 Time: 2861553530461
Position: -207.793 131.38 -900.607 Orientation: -0.0238348 0.0895387 0.00320019 0.995693 Time: 2861601249813
Position: -207.787 131.387 -900.593 Orientation: -0.0237019 0.0886071 0.00300024 0.99578 Time: 2861678319403
Position: -207.77 131.377 -900.56 Orientation: -0.0238009 0.0883034 0.00300011 0.995805 Time: 2861725726759
Position: -207.77 131.383 -900.567 Orientation: -0.0240681 0.0883719 0.00306685 0.995792 Time: 2861797921976
Position: -207.77 131.387 -900.54 Orientation: -0.0241678 0.0881041 0.00303348 0.995813 Time: 2861847735114
Position: -207.763 131.387 -900.547 Orientation: -0.0238343 0.0875036 0.00290012 0.995875 Time: 2861923098448
Position: -207.767 131.39 -900.563 Orientation: -0.0237013 0.0874047 0.00286682 0.995887 Time: 2861973430073
Position: -207.783 131.397 -900.597 Orientation: -0.0239684 0.0890063 0.00316689 0.995738 Time: 2862026261488
Position: -207.78 131.39 -900.577 Orientation: -0.023834 0.0884025 0.00303342 0.995795 Time: 2862098005134
Position: -207.78 131.387 -900.58 Orientation: -0.023768 0.0888385 0.00310018 0.995758 Time: 2862145516762
Position: -207.767 131.387 -900.567 Orientation: -0.023768 0.0873715 0.00283349 0.995888 Time: 2862219442045
Position: -207.773 131.383 -900.563 Orientation: -0.0238347 0.0873383 0.00283349 0.99589 Time: 2862267369394
Position: -207.763 131.38 -900.55 Orientation: -0.0240009 0.0871365 0.0028001 0.995903 Time: 2862344253155
Position: -207.773 131.38 -900.58 Orientation: -0.023668 0.0877715 0.00283349 0.995855 Time: 2862394708894
Position: -207.773 131.38 -900.553 Orientation: -0.0237337 0.0874348 0.00283338 0.995883 Time: 2862466297773
Position: -207.777 131.387 -900.563 Orientation: -0.0237677 0.0882373 0.00300013 0.995811 Time: 2862512828806
Position: -207.777 131.387 -900.58 Orientation: -0.0237679 0.0881712 0.00296682 0.995817 Time: 2862587902177
Position: -207.78 131.38 -900.58 Orientation: -0.0240002 0.0882008 0.00300003 0.995809 Time: 2862636232655
Position: -207.76 131.38 -900.543 Orientation: -0.0238683 0.0864392 0.00270018 0.995968 Time: 2862707214649
Position: -207.763 131.383 -900.543 Orientation: -0.0238681 0.0873051 0.00286683 0.995892 Time: 2862755388309
Position: -207.79 131.39 -900.597 Orientation: -0.0238681 0.0895055 0.00326687 0.995695 Time: 2862829224236
Position: -207.78 131.39 -900.577 Orientation: -0.0239355 0.0880745 0.00296693 0.995822 Time: 2862876716981
Position: -207.773 131.383 -900.553 Orientation: -0.0240345 0.0881044 0.00296682 0.995817 Time: 2862946586467
Position: -207.777 131.39 -900.573 Orientation: -0.023868 0.0884715 0.0030335 0.995788 Time: 2862994613024
Position: -207.783 131.39 -900.587 Orientation: -0.0239351 0.0890064 0.00316689 0.995738 Time: 2863072140069
Position: -207.77 131.383 -900.553 Orientation: -0.0238688 0.0881077 0.00296693 0.995821 Time: 2863120883667
Position: -207.783 131.387 -900.583 Orientation: -0.0239679 0.0884713 0.00306683 0.995786 Time: 2863192548766
Position: -207.773 131.383 -900.573 Orientation: -0.0239673 0.0884022 0.00306674 0.995792 Time: 2863241320416
