Position: -104.11 -94.86 -1248.19 Orientation: -0.0359 0.1077 -0.0013 0.9935 Time: 28421626731803
Position: -104.09 -94.87 -1248.12 Orientation: -0.0366 0.1057 -0.0015 0.9937 Time: 28421843781990
Position: -104.04 -94.85 -1248.06 Orientation: -0.036 0.1025 -0.0021 0.994 Time: 28422029739136
Position: -104.07 -94.91 -1248.1 Orientation: -0.0367 0.1046 -0.0018 0.9938 Time: 28422247756561
Position: -104.1 -94.88 -1248.1 Orientation: -0.0361 0.1067 -0.0015 0.9936 Time: 28422496798591
Position: -104.08 -94.86 -1248.14 Orientation: -0.0362 0.105 -0.0016 0.9938 Time: 28422776753446
Position: -104.09 -94.87 -1248.15 Orientation: -0.0364 0.1051 -0.0017 0.9937 Time: 28422962704889
Position: -104.09 -94.86 -1248.14 Orientation: -0.0361 0.1057 -0.0016 0.9937 Time: 28423148737886
Position: -104.08 -94.88 -1248.1 Orientation: -0.0364 0.1052 -0.0017 0.9937 Time: 28423365716214
Position: -104.09 -94.87 -1248.12 Orientation: -0.0363 0.1058 -0.0016 0.9937 Time: 28423551745219
Position: -104.06 -94.88 -1248.06 Orientation: -0.0364 0.1038 -0.0019 0.9939 Time: 28423737760536
Position: -104.08 -94.87 -1248.12 Orientation: -0.0361 0.1041 -0.0018 0.9939 Time: 28423923670917
Position: -104.09 -94.87 -1248.12 Orientation: -0.0367 0.1054 -0.0016 0.9937 Time: 28424202683057
Position: -104.08 -94.87 -1248.09 Orientation: -0.0362 0.1044 -0.0018 0.9938 Time: 28424419728112
Position: -104.07 -94.87 -1248.09 Orientation: -0.0358 0.1026 -0.0021 0.994 Time: 28424636686480
Position: -104.1 -94.88 -1248.18 Orientation: -0.0362 0.1053 -0.0017 0.9937 Time: 28424884715648
Position: -104.09 -94.88 -1248.14 Orientation: -0.0365 0.106 -0.0015 0.9936 Time: 28425101753859
Position: -104.04 -94.88 -1248.07 Orientation: -0.0362 0.1019 -0.0023 0.9941 Time: 28425318691696
Position: -104.06 -94.89 -1248.08 Orientation: -0.0368 0.1052 -0.0016 0.9937 Time: 28425536679466
Position: -104.05 -94.88 -1248.05 Orientation: -0.0362 0.1028 -0.0021 0.994 Time: 28425754707727
Position: -104.04 -94.89 -1248.08 Orientation: -0.0354 0.1025 -0.0022 0.994 Time: 28425971723696
Position: -104.09 -94.87 -1248.14 Orientation: -0.0355 0.1049 -0.0018 0.9938 Time: 28426188705447
Position: -104.08 -94.87 -1248.15 Orientation: -0.0362 0.1058 -0.0016 0.9937 Time: 28426406693786
Position: -104.02 -94.88 -1248.02 Orientation: -0.0361 0.1004 -0.0024 0.9942 Time: 28426625674457
Position: -104.09 -94.87 -1248.15 Orientation: -0.0362 0.106 -0.0016 0.9936 Time: 28426842643091
Position: -104.05 -94.88 -1248.07 Orientation: -0.036 0.1026 -0.0021 0.994 Time: 28427060752905
Position: -104.09 -94.88 -1248.12 Orientation: -0.0364 0.1059 -0.0016 0.9937 Time: 28427278634027
Position: -104.07 -94.88 -1248.14 Orientation: -0.0362 0.1041 -0.0019 0.9938 Time: 28427496656585
Position: -104.09 -94.87 -1248.15 Orientation: -0.0359 0.1053 -0.0016 0.9937 Time: 28427713661148
Position: -104.07 -94.87 -1248.07 Orientation: -0.0363 0.1029 -0.002 0.994 Time: 28427932661209
Position: -104.07 -94.88 -1248.11 Orientation: -0.0365 0.1043 -0.0018 0.9938 Time: 28428150671791
Position: -104.07 -94.88 -1248.1 Orientation: -0.0364 0.1036 -0.0019 0.9939 Time: 28428368632185
Position: -104.07 -94.88 -1248.12 Orientation: -0.0363 0.1036 -0.0019 0.9939 Time: 28428588669631
Position: -104.09 -94.87 -1248.17 Orientation: -0.0365 0.1055 -0.0016 0.9937 Time: 28428809672034
Position: -104.06 -94.87 -1248.03 Orientation: -0.0362 0.1042 -0.0018 0.9938 Time: 28429032678489
Position: -104.07 -94.86 -1248.08 Orientation: -0.0356 0.1036 -0.002 0.9939 Time: 28429258625438
Position: -105.04 -95.66 -1245.92 Orientation: -0.048 0.103 -0.0119 0.9934 Time: 28429482641334
Position: -98.73 -92.32 -1245.09 Orientation: -0.06 0.1234 -0.0164 0.9903 Time: 28429674646567
Position: -62.79 -92.5 -1247.04 Orientation: -0.0465 0.1203 -0.0046 0.9916 Time: 28429899636544
Position: 20.21 -90.17 -1280.45 Orientation: -0.0215 0.0844 0.0223 0.9959 Time: 28430124634505
Position: 63.85 -64.8 -1360.87 Orientation: 0.0162 0.0531 0.0569 0.9968 Time: 28430349626193
Position: 60.14 -19.71 -1457.38 Orientation: 0.0463 0.0409 0.0437 0.9971 Time: 28430542608359
Position: 56.37 14.44 -1487.45 Orientation: 0.0558 0.0364 0.0442 0.9967 Time: 28430766611708
Position: 53.69 28.77 -1457.4 Orientation: 0.0233 0.0512 0.0607 0.9965 Time: 28430991587427
Position: 41.43 40.16 -1432.4 Orientation: -0.036 0.0802 0.0395 0.9953 Time: 28431183656534
Position: 30.49 46.98 -1407.53 Orientation: -0.075 0.075 0.0154 0.9942 Time: 28431408591762
Position: 26.64 49.93 -1394.54 Orientation: -0.0956 0.0824 0.007 0.9919 Time: 28431632597962
Position: 28.66 49.12 -1395.59 Orientation: -0.0956 0.0759 0.008 0.9924 Time: 28431857621587
Position: 38.55 43.85 -1402.75 Orientation: -0.081 0.0677 0.0157 0.9942 Time: 28432049618266
Position: 42.5 42.03 -1412.68 Orientation: -0.0482 0.0611 0.0248 0.9966 Time: 28432274586001
Position: 43.86 44.03 -1417.4 Orientation: -0.0236 0.0624 0.0276 0.9973 Time: 28432498641818
Position: 46.43 42.06 -1419.76 Orientation: -0.0158 0.0607 0.0295 0.9975 Time: 28432691600601
Position: 45.43 32.57 -1417.72 Orientation: -0.005 0.0534 0.0292 0.9981 Time: 28432915578856
Position: 40.51 22.17 -1413.02 Orientation: 0.0002 0.067 0.0356 0.9971 Time: 28433107582379
Position: 37.28 6.19 -1408.49 Orientation: 0.0177 0.0653 0.0403 0.9968 Time: 28433331635914
Position: 34.47 -1.26 -1405.6 Orientation: 0.0238 0.0718 0.0398 0.9963 Time: 28433555620443
Position: 32.33 -14.51 -1402.87 Orientation: 0.0454 0.0634 0.0451 0.9959 Time: 28433747581192
Position: 52.27 -25.35 -1393.39 Orientation: 0.049 0.0391 0.0519 0.9966 Time: 28433970584796
Position: 46.83 -30.07 -1392.93 Orientation: 0.0511 0.0541 0.0387 0.9964 Time: 28434179548626
Position: 40.39 -23.14 -1419.21 Orientation: 0.0924 0.0647 0.0429 0.9926 Time: 28434399603751
Position: 37.02 -18.21 -1437.01 Orientation: 0.0804 0.0802 0.0545 0.992 Time: 28434620570225
Position: 31.17 -19.81 -1449.28 Orientation: 0.0967 0.0789 0.0616 0.9902 Time: 28434839610778
Position: 23.24 -22.72 -1449.22 Orientation: 0.0998 0.0784 0.0617 0.9899 Time: 28435028526667
Position: 15.09 -28.46 -1447.28 Orientation: 0.1027 0.0757 0.0564 0.9902 Time: 28435246568615
Position: -1.1 -23.04 -1459.3 Orientation: 0.1206 0.0843 0.0633 0.987 Time: 28435464559236
Position: -23.25 -19.38 -1466.35 Orientation: 0.113 0.0799 0.0547 0.9888 Time: 28435683537055
Position: -47.97 -22.1 -1467.69 Orientation: 0.104 0.0836 0.0567 0.9894 Time: 28435869522146
Position: -52.07 -22.73 -1473.21 Orientation: 0.1112 0.075 0.0548 0.9894 Time: 28436086572334
Position: -63.13 -16.05 -1488.14 Orientation: 0.1257 0.0899 0.0549 0.9864 Time: 28436303678982
Position: -72.3 -15 -1498.77 Orientation: 0.1276 0.0974 0.0531 0.9855 Time: 28436521604587
Position: -66.28 -15.42 -1490.14 Orientation: 0.1152 0.0914 0.0529 0.9877 Time: 28436707560593
Position: -43.08 -17.4 -1473.28 Orientation: 0.1144 0.0825 0.0588 0.9882 Time: 28436924521243
Position: -39.85 -17.03 -1469.73 Orientation: 0.1174 0.0888 0.0581 0.9873 Time: 28437141599945
Position: -37.44 -17.08 -1470.21 Orientation: 0.1242 0.0859 0.0559 0.9869 Time: 28437358520103
Position: -34.38 -17 -1469.7 Orientation: 0.1268 0.087 0.0648 0.9859 Time: 28437544550819
Position: -37.16 -15.86 -1470.07 Orientation: 0.1318 0.0829 0.0642 0.9856 Time: 28437761548538
Position: -40.27 -16.08 -1467.45 Orientation: 0.1345 0.08 0.056 0.986 Time: 28437979523190
Position: -41.83 -23.51 -1456.41 Orientation: 0.1301 0.0728 0.0568 0.9871 Time: 28438196493535
Position: -44.3 -37.09 -1441.85 Orientation: 0.1268 0.0847 0.062 0.9863 Time: 28438413484410
Position: -48 -46.78 -1435.17 Orientation: 0.1297 0.0893 0.064 0.9854 Time: 28438632499870
Position: -51.76 -56.73 -1431.04 Orientation: 0.1328 0.0904 0.0667 0.9847 Time: 28438819514362
Position: -53.74 -66.8 -1424.92 Orientation: 0.1314 0.0915 0.0698 0.9846 Time: 28439036478433
Position: -57.27 -75.91 -1415.1 Orientation: 0.1308 0.0928 0.0696 0.9845 Time: 28439253534324
Position: -61.92 -82.69 -1407.12 Orientation: 0.124 0.1062 0.0709 0.984 Time: 28439441451039
Position: -66.5 -92.98 -1395.28 Orientation: 0.1093 0.1067 0.0699 0.9857 Time: 28439658497234
Position: -69.5 -101.92 -1385.75 Orientation: 0.0988 0.1176 0.0715 0.9855 Time: 28439875505789
Position: -74.46 -111.26 -1376.24 Orientation: 0.0836 0.1233 0.0677 0.9865 Time: 28440063481816
Position: -79.03 -121.74 -1364.19 Orientation: 0.0589 0.1287 0.0633 0.9878 Time: 28440281515780
Position: -85.62 -132.26 -1352.49 Orientation: 0.0359 0.1337 0.0626 0.9883 Time: 28440498504944
Position: -90.48 -144.84 -1336.88 Orientation: 0.0184 0.1356 0.0604 0.9887 Time: 28440715517492
Position: -96.3 -155.52 -1323.15 Orientation: 0 0.1366 0.0589 0.9888 Time: 28440936483395
Position: -103.47 -167.92 -1311.89 Orientation: -0.0164 0.1491 0.0556 0.9871 Time: 28441123446559
Position: -112.77 -178.53 -1302.27 Orientation: -0.0284 0.1596 0.0488 0.9855 Time: 28441340468232
Position: -117.49 -193.22 -1286.87 Orientation: -0.048 0.18 0.0576 0.9807 Time: 28441557468802
Position: -122.35 -205.23 -1274.65 Orientation: -0.0485 0.1704 0.0498 0.9829 Time: 28441774485912
Position: -126.3 -218.12 -1261.32 Orientation: -0.0508 0.1659 0.0486 0.9836 Time: 28441991475077
Position: -132.08 -228.35 -1247.19 Orientation: -0.0586 0.1676 0.0446 0.983 Time: 28442208428312
Position: -139.71 -231.28 -1230.36 Orientation: -0.0692 0.1701 0.0364 0.9823 Time: 28442456462043
Position: -141.01 -231.28 -1223.9 Orientation: -0.074 0.1733 0.0348 0.9814 Time: 28442642487625
Position: -141.75 -227.97 -1216.99 Orientation: -0.0795 0.171 0.0294 0.9815 Time: 28442859513290
Position: -139.46 -225.56 -1214.11 Orientation: -0.0805 0.1697 0.0286 0.9817 Time: 28443076464814
Position: -137.14 -223.67 -1214.09 Orientation: -0.0815 0.1721 0.0315 0.9811 Time: 28443293439721
Position: -138.91 -218.17 -1208.24 Orientation: -0.0872 0.1696 0.0254 0.9812 Time: 28443510441433
Position: -140.31 -209.99 -1207.46 Orientation: -0.0908 0.1663 0.0221 0.9816 Time: 28443696443633
Position: -142.37 -196.22 -1212.49 Orientation: -0.0922 0.1575 0.0155 0.983 Time: 28443915472209
Position: -142.01 -185.48 -1213.09 Orientation: -0.0949 0.1567 0.0112 0.983 Time: 28444132446546
Position: -138.51 -173.7 -1221.39 Orientation: -0.087 0.1519 0.0091 0.9845 Time: 28444349444266
Position: -132.75 -162.31 -1231.64 Orientation: -0.0824 0.1456 0.0086 0.9858 Time: 28444535408826
Position: -129.47 -148.67 -1239.04 Orientation: -0.0835 0.1358 0.0039 0.9871 Time: 28444752421373
Position: -126.76 -137.02 -1248.17 Orientation: -0.0801 0.1385 0.0015 0.9871 Time: 28444970454767
Position: -125.3 -125.17 -1257.77 Orientation: -0.0793 0.1259 -0.0036 0.9888 Time: 28445187446213
Position: -126.72 -113.19 -1266.84 Orientation: -0.0845 0.1238 -0.0071 0.9886 Time: 28445405407748
Position: -125.45 -104.25 -1273.69 Orientation: -0.0845 0.1254 -0.0087 0.9884 Time: 28445622480177
Position: -123.07 -98.88 -1279.25 Orientation: -0.0849 0.1243 -0.0087 0.9885 Time: 28445841412372
Position: -121.93 -91.47 -1284 Orientation: -0.0851 0.128 -0.0109 0.988 Time: 28446058411232
Position: -121.13 -84.18 -1289.12 Orientation: -0.0837 0.1251 -0.0146 0.9884 Time: 28446276379040
Position: -117.66 -76.6 -1294.56 Orientation: -0.0821 0.1239 -0.0141 0.9887 Time: 28446466444095
Position: -116.5 -68.11 -1300.74 Orientation: -0.0796 0.1174 -0.0169 0.9897 Time: 28446689452261
Position: -116.23 -60.56 -1307.27 Orientation: -0.0774 0.1105 -0.019 0.9906 Time: 28446882361998
Position: -116.13 -52.25 -1313.24 Orientation: -0.0779 0.11 -0.0195 0.9906 Time: 28447107360530
Position: -115.16 -44.91 -1319.83 Orientation: -0.0772 0.1099 -0.0196 0.9907 Time: 28447299356638
Position: -114.44 -37.76 -1325.79 Orientation: -0.0785 0.1128 -0.02 0.9903 Time: 28447524352888
Position: -114.75 -30.23 -1329.03 Orientation: -0.082 0.1053 -0.0233 0.9907 Time: 28447748341980
Position: -113.95 -23.72 -1332.83 Orientation: -0.0807 0.1175 -0.0221 0.9895 Time: 28447943449103
Position: -108.62 -13.78 -1337.26 Orientation: -0.0858 0.0982 -0.0247 0.9911 Time: 28448169419434
Position: -106.33 -4.49 -1345.82 Orientation: -0.0846 0.1086 -0.0265 0.9901 Time: 28448361378473
Position: -104.51 3.34 -1353.84 Orientation: -0.082 0.1064 -0.0294 0.9904 Time: 28448585400642
Position: -101.74 12.36 -1361.84 Orientation: -0.0811 0.1054 -0.032 0.9905 Time: 28448811361848
Position: -97.65 21.59 -1368.8 Orientation: -0.0808 0.0971 -0.0333 0.9914 Time: 28449003450346
Position: -95.58 29.75 -1378.15 Orientation: -0.0781 0.0881 -0.0372 0.9923 Time: 28449228323981
Position: -95.41 39.58 -1384.61 Orientation: -0.078 0.0882 -0.0416 0.9921 Time: 28449454378147
Position: -93.75 44.33 -1386.64 Orientation: -0.0791 0.0862 -0.0424 0.9922 Time: 28449646350303
Position: -90.98 54.69 -1396.09 Orientation: -0.0793 0.0798 -0.0463 0.9925 Time: 28449870386159
Position: -90.09 64.88 -1403.31 Orientation: -0.0737 0.0782 -0.0506 0.9929 Time: 28450095343058
Position: -88.66 74.06 -1409.1 Orientation: -0.0706 0.076 -0.0534 0.9931 Time: 28450287354565
Position: -84.85 82.1 -1410.19 Orientation: -0.0704 0.0816 -0.0518 0.9928 Time: 28450511353921
Position: -82.55 88.92 -1411.04 Orientation: -0.0659 0.0866 -0.0485 0.9928 Time: 28450703348889
Position: -82.12 94.96 -1408.54 Orientation: -0.0645 0.1022 -0.0399 0.9918 Time: 28450927337410
Position: -83.77 97.32 -1401.69 Orientation: -0.0697 0.1054 -0.0369 0.9912 Time: 28451119319831
Position: -86.53 96.97 -1395.18 Orientation: -0.0704 0.1083 -0.0364 0.9909 Time: 28451343347132
Position: -89.07 94.46 -1386.05 Orientation: -0.072 0.1053 -0.0352 0.9911 Time: 28451568296618
Position: -90.92 91.72 -1378.82 Orientation: -0.0703 0.1093 -0.0329 0.9909 Time: 28451757290069
Position: -92.77 87.2 -1373.46 Orientation: -0.0671 0.1135 -0.0298 0.9908 Time: 28451978392845
Position: -96.19 80.9 -1365.45 Orientation: -0.0677 0.1101 -0.0295 0.9911 Time: 28452200335681
Position: -99.36 75.44 -1357.39 Orientation: -0.0698 0.1014 -0.0316 0.9918 Time: 28452422292775
Position: -102.31 70.53 -1351.12 Orientation: -0.0703 0.1003 -0.0335 0.9918 Time: 28452639341822
Position: -104.51 64.69 -1345.79 Orientation: -0.0701 0.1011 -0.037 0.9917 Time: 28452827302450
Position: -107.24 59.3 -1340.56 Orientation: -0.0695 0.0961 -0.036 0.9922 Time: 28453044326403
Position: -108.13 55.37 -1333.35 Orientation: -0.0715 0.1028 -0.033 0.9915 Time: 28453265319111
Position: -111.42 50.89 -1324.27 Orientation: -0.0751 0.1047 -0.0327 0.9911 Time: 28453452267448
Position: -112.74 44.21 -1315.83 Orientation: -0.0772 0.1045 -0.0292 0.991 Time: 28453670274037
Position: -114.77 37.72 -1308.03 Orientation: -0.079 0.1051 -0.0275 0.9909 Time: 28453889291777
Position: -117.38 30.72 -1301.03 Orientation: -0.081 0.1065 -0.0275 0.9906 Time: 28454077261531
Position: -120.11 20.3 -1291.84 Orientation: -0.0816 0.1118 -0.0241 0.99 Time: 28454295237894
Position: -122.07 12.63 -1282.25 Orientation: -0.0863 0.1107 -0.0234 0.9898 Time: 28454512299487
Position: -125.81 5.43 -1270.31 Orientation: -0.091 0.1174 -0.0243 0.9885 Time: 28454729307472
Position: -128.66 -0.88 -1262.28 Orientation: -0.0916 0.1203 -0.0234 0.9882 Time: 28454946261848
Position: -128.99 -6.75 -1256.61 Orientation: -0.0961 0.1174 -0.0197 0.9882 Time: 28455163252724
Position: -130.5 -13.52 -1250.64 Orientation: -0.0962 0.1207 -0.016 0.9878 Time: 28455381270719
Position: -133.3 -20.04 -1244.67 Orientation: -0.0965 0.1232 -0.0148 0.9875 Time: 28455569244465
Position: -139.29 -28.32 -1237.35 Orientation: -0.0968 0.1245 -0.014 0.9873 Time: 28455817269640
Position: -144.67 -32.61 -1230.07 Orientation: -0.0992 0.1266 -0.0148 0.9868 Time: 28456034284469
Position: -148.09 -37.13 -1224.12 Orientation: -0.0966 0.1304 -0.0111 0.9866 Time: 28456222242816
Position: -154 -43.8 -1215.29 Orientation: -0.1001 0.1377 -0.0083 0.9853 Time: 28456439306121
Position: -157.56 -49.98 -1208.78 Orientation: -0.1063 0.1486 -0.006 0.9831 Time: 28456657269367
Position: -162.53 -56.84 -1199.52 Orientation: -0.1047 0.1501 -0.0055 0.983 Time: 28456875268542
Position: -165.53 -62.76 -1191.02 Orientation: -0.1074 0.1604 -0.0007 0.9811 Time: 28457063238295
Position: -168.44 -67.36 -1179.58 Orientation: -0.1122 0.1701 0.0029 0.9789 Time: 28457312243255
Position: -169.02 -72.58 -1172.61 Orientation: -0.1135 0.1744 0.0075 0.978 Time: 28457498236331
Position: -168.81 -79.14 -1164.6 Orientation: -0.1147 0.1837 0.0149 0.9761 Time: 28457716267443
Position: -169.23 -85.55 -1158.45 Orientation: -0.114 0.1842 0.0174 0.976 Time: 28457933239499
Position: -170.24 -88.99 -1150.05 Orientation: -0.1114 0.1997 0.0164 0.9733 Time: 28458150234366
Position: -171.1 -90.95 -1143.61 Orientation: -0.1039 0.2092 0.0128 0.9722 Time: 28458368223847
Position: -171.39 -93.72 -1136.17 Orientation: -0.0907 0.2271 0.0076 0.9695 Time: 28458586241272
Position: -171.14 -92 -1130.61 Orientation: -0.0789 0.2373 -0.0027 0.9682 Time: 28458804560959
Position: -173.3 -87.99 -1131.19 Orientation: -0.0623 0.2543 -0.014 0.965 Time: 28458991214447
Position: -178.15 -86.1 -1130.12 Orientation: -0.0451 0.2686 -0.028 0.9617 Time: 28459208236120
Position: -180.01 -81.96 -1125.92 Orientation: -0.033 0.28 -0.0407 0.9585 Time: 28459426213053
Position: -182.11 -81.34 -1121.29 Orientation: -0.0105 0.2965 -0.0575 0.9532 Time: 28459643237006
Position: -189.52 -81.68 -1121.49 Orientation: 0.0183 0.3061 -0.0799 0.9484 Time: 28459892194631
Position: -193.05 -76.18 -1123.92 Orientation: 0.0397 0.3129 -0.0949 0.9441 Time: 28460078258994
Position: -190.52 -66.32 -1124.74 Orientation: 0.0576 0.317 -0.1061 0.9406 Time: 28460296178327
Position: -190.4 -59.26 -1131.28 Orientation: 0.061 0.3017 -0.146 0.9401 Time: 28460544214338
Position: -186.41 -51.89 -1135.15 Orientation: 0.0375 0.2934 -0.1836 0.9374 Time: 28460761214339
Position: -186.66 -44.78 -1141.02 Orientation: 0.0192 0.3031 -0.2262 0.9254 Time: 28460981205591
Position: -186.9 -34.71 -1144.36 Orientation: -0.0115 0.2982 -0.2718 0.9148 Time: 28461198213575
Position: -183.51 -29.3 -1147.4 Orientation: -0.0209 0.2931 -0.2846 0.9124 Time: 28461416158572
Position: -181.73 -24.39 -1151.6 Orientation: -0.0326 0.2889 -0.3145 0.9036 Time: 28461633180244
Position: -178.91 -19.32 -1156.59 Orientation: -0.0438 0.284 -0.3348 0.8973 Time: 28461852213383
Position: -177.16 -11.35 -1161.38 Orientation: -0.0497 0.2778 -0.3393 0.8973 Time: 28462070225105
Position: -176.59 0.15 -1168.28 Orientation: -0.0548 0.2707 -0.3492 0.8953 Time: 28462289220033
Position: -177.04 9.72 -1176.13 Orientation: -0.0554 0.2676 -0.354 0.8943 Time: 28462506186956
Position: -173.94 15.95 -1183.78 Orientation: -0.0598 0.2619 -0.3535 0.896 Time: 28462692139540
Position: -172.91 19.94 -1190.06 Orientation: -0.0591 0.2599 -0.3538 0.8965 Time: 28462910143277
Position: -172.65 24.5 -1195.1 Orientation: -0.0591 0.2595 -0.3555 0.8959 Time: 28463129157026
Position: -171.78 28.35 -1200.45 Orientation: -0.0575 0.2572 -0.3561 0.8964 Time: 28463316135018
Position: -169.75 34.52 -1208.49 Orientation: -0.0525 0.2587 -0.3589 0.8952 Time: 28463536137105
Position: -168.91 39.54 -1214.26 Orientation: -0.0496 0.2572 -0.3619 0.8946 Time: 28463723135059
Position: -166.85 48.18 -1222.65 Orientation: -0.0446 0.2568 -0.3667 0.893 Time: 28463945182831
Position: -164.48 57.62 -1231.25 Orientation: -0.043 0.2542 -0.3664 0.894 Time: 28464197151667
Position: -163.17 66.22 -1241.94 Orientation: -0.0398 0.2513 -0.3697 0.8936 Time: 28464421197789
Position: -163.18 73.3 -1249.17 Orientation: -0.0377 0.2504 -0.3729 0.8926 Time: 28464613171655
Position: -159.06 81.29 -1258.14 Orientation: -0.0391 0.2493 -0.3697 0.8941 Time: 28464838170187
Position: -154.57 87.1 -1264.41 Orientation: -0.0401 0.2485 -0.3671 0.8954 Time: 28465062161559
Position: -150.77 93.35 -1271.54 Orientation: -0.039 0.2463 -0.3661 0.8965 Time: 28465286124986
Position: -146.46 98.68 -1281.76 Orientation: -0.0357 0.2438 -0.3627 0.8986 Time: 28465511186251
Position: -142.49 104.09 -1289.6 Orientation: -0.0347 0.2449 -0.3589 0.8999 Time: 28465704127926
Position: -139.43 112.5 -1298.09 Orientation: -0.0361 0.2413 -0.3597 0.9005 Time: 28465928159220
Position: -136.32 124.09 -1306.46 Orientation: -0.0337 0.2475 -0.363 0.8976 Time: 28466157177262
Position: -133.32 137.27 -1319.79 Orientation: -0.0443 0.2483 -0.3596 0.8983 Time: 28466383101970
Position: -127.58 143.26 -1325.29 Orientation: -0.0579 0.2497 -0.3476 0.9018 Time: 28466607123568
Position: -120.97 151.9 -1335.79 Orientation: -0.0667 0.2509 -0.3184 0.9116 Time: 28466832103850
Position: -115.94 157.92 -1336.65 Orientation: -0.076 0.2403 -0.2903 0.9231 Time: 28467024167254
Position: -110.04 162.16 -1338.93 Orientation: -0.0753 0.2435 -0.2605 0.9311 Time: 28467216097777
Position: -107.02 170.75 -1341.17 Orientation: -0.0755 0.2409 -0.223 0.9415 Time: 28467440124509
Position: -105.1 177.79 -1340.19 Orientation: -0.0656 0.2222 -0.1803 0.9558 Time: 28467664099342
Position: -104.03 185.43 -1338.72 Orientation: -0.0464 0.2094 -0.1454 0.9658 Time: 28467856080622
Position: -102.58 193.21 -1335.37 Orientation: -0.0077 0.2022 -0.1105 0.973 Time: 28468080073135
Position: -103.7 199.66 -1330.16 Orientation: 0.0159 0.1789 -0.0808 0.9804 Time: 28468304141499
Position: -104.85 199.52 -1329.52 Orientation: 0.0321 0.1759 -0.0568 0.9822 Time: 28468496110233
Position: -105.31 198.41 -1326.22 Orientation: 0.0489 0.1722 -0.0296 0.9833 Time: 28468720107878
Position: -108.63 198.26 -1320.93 Orientation: 0.0636 0.1695 -0.012 0.9833 Time: 28468912169572
Position: -108.58 195.79 -1306.46 Orientation: 0.0744 0.1576 0.0024 0.9846 Time: 28469134079330
Position: -113.54 193.51 -1293.31 Orientation: 0.073 0.1589 0.0033 0.9845 Time: 28469351056518
Position: -115.79 185.11 -1283.83 Orientation: 0.0711 0.1527 0.0026 0.9856 Time: 28469560058558
Position: -118.96 173.13 -1275.6 Orientation: 0.0722 0.1511 0.0026 0.9858 Time: 28469781066664
Position: -120.94 167.76 -1270.43 Orientation: 0.0713 0.1554 0.0022 0.9852 Time: 28469969060370
Position: -123.65 158.74 -1262.73 Orientation: 0.0675 0.1561 0.0029 0.9854 Time: 28470187032171
Position: -127.12 152.3 -1256.91 Orientation: 0.0675 0.1545 0.0024 0.9856 Time: 28470404128553
Position: -131.15 143.87 -1245.8 Orientation: 0.0634 0.1538 0.0001 0.986 Time: 28470625073355
Position: -134.04 136.66 -1238.38 Orientation: 0.06 0.1566 -0.0015 0.9858 Time: 28470844084822
Position: -138.19 129.59 -1232.06 Orientation: 0.0583 0.1561 -0.0036 0.986 Time: 28471062001874
Position: -141.9 120.19 -1220.82 Orientation: 0.0514 0.1623 -0.0032 0.9853 Time: 28471279033811
Position: -145.72 115.37 -1214.59 Orientation: 0.048 0.1613 -0.0051 0.9857 Time: 28471467056603
Position: -151.42 109.51 -1207.27 Orientation: 0.0456 0.1614 -0.0081 0.9857 Time: 28471684035502
Position: -152.61 103.23 -1203.23 Orientation: 0.045 0.1658 -0.007 0.985 Time: 28471904036449
Position: -153.48 96.44 -1199.14 Orientation: 0.0452 0.1689 -0.0074 0.9845 Time: 28472121168760
Position: -155.19 89.01 -1193.65 Orientation: 0.0399 0.1708 -0.0093 0.9844 Time: 28472307022111
Position: -157.9 80.31 -1188.54 Orientation: 0.0363 0.1784 -0.0113 0.9832 Time: 28472524989349
Position: -161.35 74.68 -1182.48 Orientation: 0.0345 0.1837 -0.0141 0.9822 Time: 28472742078888
Position: -164.79 68.36 -1176.27 Orientation: 0.0298 0.1818 -0.0152 0.9827 Time: 28472960044415
Position: -167.4 60.82 -1167.24 Orientation: 0.0254 0.1853 -0.0137 0.9822 Time: 28473177028447
Position: -169.96 55.72 -1157.9 Orientation: 0.0192 0.1847 -0.0144 0.9824 Time: 28473394045557
Position: -171.15 48.87 -1149.94 Orientation: 0.0145 0.1894 -0.0137 0.9816 Time: 28473613014251
Position: -174.2 42.65 -1144.92 Orientation: 0.0109 0.1899 -0.0162 0.9815 Time: 28473800005931
Position: -181.45 37.63 -1136.89 Orientation: 0.0028 0.1834 -0.0235 0.9827 Time: 28474018066699
Position: -184.45 31.25 -1124.24 Orientation: -0.0057 0.1895 -0.0244 0.9815 Time: 28474236052187
Position: -185.5 24.9 -1114.28 Orientation: -0.0089 0.1884 -0.0235 0.9817 Time: 28474454051362
Position: -189.39 19.66 -1099.86 Orientation: -0.0188 0.1909 -0.0242 0.9811 Time: 28474671132346
Position: -189.8 16.65 -1091.07 Orientation: -0.0229 0.1957 -0.0234 0.98 Time: 28474888210479
Position: -192.89 12.57 -1082.62 Orientation: -0.0285 0.1913 -0.0263 0.9807 Time: 28475074008510
Position: -194.39 5.93 -1072.6 Orientation: -0.0369 0.19 -0.0257 0.9807 Time: 28475290957183
Position: -197.61 1.64 -1062.11 Orientation: -0.0443 0.1865 -0.0297 0.9809 Time: 28475509984048
Position: -201.61 0.02 -1052.33 Orientation: -0.0534 0.1863 -0.0379 0.9802 Time: 28475726995455
Position: -203.55 1.01 -1046.84 Orientation: -0.0629 0.1885 -0.0429 0.979 Time: 28475914004244
Position: -206.34 8.71 -1037.99 Orientation: -0.0834 0.1827 -0.0546 0.978 Time: 28476130940940
Position: -209.3 21.75 -1032.03 Orientation: -0.1116 0.1745 -0.0707 0.9757 Time: 28476347957480
Position: -208.55 33.83 -1026.76 Orientation: -0.1292 0.1607 -0.0817 0.975 Time: 28476564968316
Position: -208.59 48.23 -1026.71 Orientation: -0.1393 0.1453 -0.0887 0.9754 Time: 28476782933844
Position: -207.45 59.72 -1027.52 Orientation: -0.1457 0.1313 -0.0947 0.9759 Time: 28477000009695
Position: -202.92 71.44 -1033.03 Orientation: -0.147 0.1335 -0.0954 0.9754 Time: 28477216969774
Position: -200.18 78.41 -1038.03 Orientation: -0.1473 0.1304 -0.0963 0.9756 Time: 28477402941178
Position: -196.2 93.59 -1043.53 Orientation: -0.1542 0.1319 -0.0985 0.9741 Time: 28477619975397
Position: -194.7 102.63 -1049.36 Orientation: -0.1593 0.1323 -0.1023 0.9729 Time: 28477838953786
Position: -192.23 108.56 -1058.42 Orientation: -0.1598 0.1306 -0.1045 0.9728 Time: 28478057993768
Position: -185.52 115.98 -1066.5 Orientation: -0.1589 0.1358 -0.1028 0.9724 Time: 28478275935343
Position: -180.16 118.36 -1072.21 Orientation: -0.1548 0.1389 -0.0995 0.973 Time: 28478461942676
Position: -172.16 129.08 -1085.45 Orientation: -0.1508 0.1388 -0.0963 0.974 Time: 28478680976955
Position: -166.75 137.18 -1093.82 Orientation: -0.1502 0.1363 -0.0955 0.9745 Time: 28478899935954
Position: -158.9 144.28 -1101.48 Orientation: -0.1475 0.1398 -0.0927 0.9747 Time: 28479085973513
Position: -154.01 152.43 -1110.07 Orientation: -0.1446 0.1434 -0.092 0.9746 Time: 28479302933022
Position: -152.29 163.29 -1120.72 Orientation: -0.1449 0.1406 -0.0927 0.9749 Time: 28479521989544
Position: -149.39 171.93 -1129.87 Orientation: -0.1469 0.138 -0.089 0.9754 Time: 28479738974716
Position: -144.5 180.84 -1137.28 Orientation: -0.1497 0.1358 -0.0876 0.9754 Time: 28479955898866
Position: -135.22 192.41 -1147.42 Orientation: -0.1478 0.1357 -0.0841 0.976 Time: 28480172900007
Position: -129.97 199.23 -1152.69 Orientation: -0.1474 0.1378 -0.082 0.9759 Time: 28480358931863
Position: -121.91 207.41 -1162.42 Orientation: -0.1446 0.1405 -0.0787 0.9762 Time: 28480577878316
Position: -116.13 213.61 -1172.48 Orientation: -0.1401 0.1423 -0.0795 0.9766 Time: 28480795886046
Position: -108.28 223.67 -1181.13 Orientation: -0.1371 0.1459 -0.0775 0.9766 Time: 28481012925397
Position: -101.93 231.38 -1185.11 Orientation: -0.1401 0.141 -0.0732 0.9772 Time: 28481231884967
Position: -99.4 239.25 -1194.35 Orientation: -0.1389 0.1421 -0.0715 0.9774 Time: 28481450967152
Position: -99 246.77 -1204.98 Orientation: -0.1356 0.1345 -0.0733 0.9788 Time: 28481641921883
Position: -96.25 255.14 -1215.54 Orientation: -0.1296 0.1306 -0.0738 0.9801 Time: 28481865888732
Position: -96.41 262.13 -1224.56 Orientation: -0.1229 0.1334 -0.0753 0.9805 Time: 28482090869584
Position: -94.29 269.79 -1232.08 Orientation: -0.1166 0.1242 -0.0713 0.9827 Time: 28482282931847
Position: -92.22 277.31 -1237.01 Orientation: -0.1023 0.1294 -0.0659 0.984 Time: 28482506949454
Position: -86.75 284.51 -1241.64 Orientation: -0.0823 0.1321 -0.0551 0.9862 Time: 28482731910345
Position: -84.3 288.41 -1244.5 Orientation: -0.0693 0.1291 -0.0462 0.9881 Time: 28482958837649
Position: -87.73 297.98 -1241.5 Orientation: -0.0588 0.1326 -0.0403 0.9885 Time: 28483183894922
Position: -90.37 309.94 -1232.04 Orientation: -0.0555 0.1364 -0.0361 0.9884 Time: 28483412980831
Position: -92.82 314.56 -1222.3 Orientation: -0.0548 0.1421 -0.037 0.9876 Time: 28483638977967
Position: -101.53 313.86 -1209.42 Orientation: -0.0545 0.1372 -0.0427 0.9881 Time: 28483864870737
Position: -105.81 310.12 -1202.86 Orientation: -0.055 0.1381 -0.0453 0.9878 Time: 28484056856009
Position: -107.03 304.77 -1189.91 Orientation: -0.0571 0.1509 -0.0473 0.9857 Time: 28484282851434
Position: -108.35 299.84 -1178.38 Orientation: -0.0654 0.1451 -0.0446 0.9862 Time: 28484507906426
Position: -110.19 291.97 -1169.4 Orientation: -0.0617 0.1571 -0.0393 0.9848 Time: 28484699875160
Position: -113.53 280.52 -1156.7 Orientation: -0.0461 0.1661 -0.0317 0.9845 Time: 28484923887633
Position: -117.74 272.32 -1146.99 Orientation: -0.0317 0.1718 -0.0227 0.9843 Time: 28485147812280
Position: -121.39 265.44 -1136.84 Orientation: -0.0152 0.1776 -0.0117 0.9839 Time: 28485341848370
Position: -131.13 255.91 -1123.26 Orientation: -0.0011 0.192 -0.0214 0.9811 Time: 28485565891640
Position: -135.96 246.86 -1111.74 Orientation: 0.0062 0.2006 -0.0212 0.9794 Time: 28485790866219
Position: -140.28 241.23 -1097.93 Orientation: 0.0018 0.1839 -0.0114 0.9828 Time: 28486014841053
Position: -144.05 239.6 -1090.66 Orientation: 0.0039 0.1816 -0.0028 0.9833 Time: 28486238816456
Position: -148.9 233.42 -1085.73 Orientation: 0.0216 0.1725 0.0097 0.9847 Time: 28486430845072
Position: -152.62 224.74 -1074.92 Orientation: 0.0337 0.1573 0.0261 0.9866 Time: 28486653877191
Position: -155.84 210.67 -1061.81 Orientation: 0.049 0.1488 0.0423 0.9867 Time: 28486875797215
Position: -160.79 198.77 -1051.57 Orientation: 0.0413 0.1374 0.0532 0.9882 Time: 28487097806206
Position: -167.12 186.09 -1043.01 Orientation: 0.0224 0.1283 0.0741 0.9887 Time: 28487319830596
Position: -171.83 179.65 -1037.69 Orientation: 0.0043 0.1206 0.0867 0.9888 Time: 28487541839017
Position: -174.16 172.39 -1023.45 Orientation: -0.011 0.1257 0.0894 0.9879 Time: 28487759827357
Position: -175.54 167.44 -1012.27 Orientation: -0.0199 0.1312 0.0903 0.987 Time: 28487945768534
Position: -181.26 159.82 -1000.88 Orientation: -0.0387 0.1356 0.0881 0.986 Time: 28488163807061
Position: -185.68 155.89 -993.46 Orientation: -0.0498 0.1417 0.086 0.9849 Time: 28488380810483
Position: -192 152.66 -985.16 Orientation: -0.0572 0.151 0.0788 0.9837 Time: 28488597769992
Position: -195.75 150.35 -974.13 Orientation: -0.0663 0.1598 0.0736 0.9821 Time: 28488783765349
Position: -196.49 147.16 -962.15 Orientation: -0.0727 0.1693 0.0677 0.9805 Time: 28489001785625
Position: -200.32 151.24 -943.75 Orientation: -0.079 0.1748 0.0424 0.9804 Time: 28489253836015
Position: -201.3 155.19 -939.47 Orientation: -0.0642 0.1868 0.0281 0.9798 Time: 28489470851414
Position: -204.14 164.24 -934.08 Orientation: -0.062 0.1826 0.0174 0.981 Time: 28489656789740
Position: -207.71 177.98 -934.78 Orientation: -0.0623 0.1771 0.0062 0.9821 Time: 28489876791827
Position: -209.86 191.8 -935.43 Orientation: -0.0632 0.1752 -0.003 0.9824 Time: 28490093738219
Position: -209.81 207.02 -934.85 Orientation: -0.0665 0.1736 -0.0094 0.9825 Time: 28490311755644
Position: -211.22 219.58 -937.61 Orientation: -0.0704 0.1704 -0.0152 0.9827 Time: 28490528741387
Position: -210.38 229.61 -943.3 Orientation: -0.0714 0.1631 -0.0192 0.9838 Time: 28490745763059
Position: -210.07 239.45 -954.64 Orientation: -0.0713 0.1559 -0.0206 0.9849 Time: 28490962719146
Position: -209.51 245.27 -964.56 Orientation: -0.0701 0.1522 -0.0214 0.9856 Time: 28491180802727
Position: -204.98 250.98 -973.71 Orientation: -0.0651 0.1524 -0.0228 0.9858 Time: 28491398803043
Position: -198.42 258.57 -979.28 Orientation: -0.0651 0.1494 -0.0262 0.9862 Time: 28491616769711
Position: -191.07 265.93 -986.35 Orientation: -0.0637 0.143 -0.0285 0.9872 Time: 28491834021216
Position: -188.99 274.25 -996.13 Orientation: -0.0628 0.1381 -0.0311 0.9879 Time: 28492020938186
Position: -184.08 283.27 -1008.29 Orientation: -0.0614 0.1414 -0.0309 0.9875 Time: 28492239824756
Position: -180.06 297.03 -1024.23 Orientation: -0.0545 0.1358 -0.0369 0.9885 Time: 28492457738386
Position: -176.02 304.65 -1032.01 Orientation: -0.0529 0.1321 -0.0382 0.989 Time: 28492643771382
Position: -167.41 314.75 -1046.91 Orientation: -0.048 0.1329 -0.0387 0.9891 Time: 28492861758581
Position: -164.38 322.86 -1062.05 Orientation: -0.0449 0.1253 -0.0435 0.9901 Time: 28493080700471
Position: -162.16 332.94 -1074.68 Orientation: -0.0388 0.129 -0.0457 0.9898 Time: 28493297701612
Position: -159.91 340.21 -1086.68 Orientation: -0.0292 0.1361 -0.0441 0.9892 Time: 28493485702162
Position: -156.33 349.22 -1103.76 Orientation: -0.0123 0.1359 -0.0427 0.9897 Time: 28493702723834
Position: -154.21 353.66 -1113.45 Orientation: -0.0056 0.1404 -0.0401 0.9892 Time: 28493919832763
Position: -151.63 355.21 -1122.36 Orientation: 0.0045 0.1542 -0.0386 0.9872 Time: 28494136825920
Position: -147.57 357.56 -1131.51 Orientation: 0.0118 0.1635 -0.0353 0.9858 Time: 28494355717623
Position: -141.63 355.15 -1140.91 Orientation: 0.0229 0.1862 -0.0298 0.9817 Time: 28494572678843
Position: -133.35 351.05 -1148.04 Orientation: 0.0383 0.1944 -0.0208 0.9799 Time: 28494758729519
Position: -125.91 348.7 -1152.75 Orientation: 0.0475 0.1933 -0.015 0.9798 Time: 28494975703286
Position: -114.01 347.73 -1161.88 Orientation: 0.0628 0.1991 -0.0054 0.9779 Time: 28495225702288
Position: -97.91 344.19 -1164.15 Orientation: 0.0637 0.1971 0.0038 0.9782 Time: 28495473677847
Position: -88.03 339.75 -1158.81 Orientation: 0.0606 0.1789 0.0076 0.9819 Time: 28495659793538
Position: -80.97 334.41 -1146.56 Orientation: 0.0575 0.177 0.0032 0.9825 Time: 28495876726812
Position: -75.72 328.31 -1133.7 Orientation: 0.0556 0.1812 0.0038 0.9818 Time: 28496094718004
Position: -75.54 319 -1122.68 Orientation: 0.0533 0.1759 0.0085 0.9829 Time: 28496311715723
Position: -75.31 311.83 -1112.61 Orientation: 0.0484 0.1739 0.0121 0.9834 Time: 28496529671555
Position: -80.13 301.89 -1093.41 Orientation: 0.0377 0.1672 0.011 0.9851 Time: 28496746651025
Position: -80.71 294.66 -1083.8 Orientation: 0.033 0.1665 0.013 0.9853 Time: 28496933659814
Position: -85.65 283.35 -1073.82 Orientation: 0.029 0.164 0.0146 0.9859 Time: 28497150653541
Position: -90.4 275.91 -1067.22 Orientation: 0.0286 0.166 0.0145 0.9855 Time: 28497369808725
Position: -95.82 267.89 -1057.27 Orientation: 0.0288 0.1683 0.0124 0.9852 Time: 28497589660252
Position: -99.71 257.76 -1044.32 Orientation: 0.027 0.1717 0.0127 0.9846 Time: 28497775704084
Position: -107.11 244.51 -1032.19 Orientation: 0.0259 0.1727 0.0111 0.9845 Time: 28497993695845
Position: -111.61 237.34 -1021 Orientation: 0.0201 0.1719 0.0114 0.9848 Time: 28498211603772
Position: -115.24 230.62 -1012.77 Orientation: 0.0195 0.1771 0.0125 0.9839 Time: 28498428640842
Position: -119.27 219.83 -1001.41 Orientation: 0.017 0.1849 0.0151 0.9824 Time: 28498645663085
Position: -124.03 210.57 -994.21 Orientation: 0.0165 0.1837 0.0151 0.9827 Time: 28498864654591
Position: -131.21 204.08 -985.12 Orientation: 0.0101 0.1846 0.0113 0.9826 Time: 28499052634610
Position: -135.35 198.24 -976.24 Orientation: 0.0055 0.1902 0.0113 0.9816 Time: 28499274656719
Position: -140.85 189.92 -964.84 Orientation: 0.0006 0.1946 0.0103 0.9808 Time: 28499498622998
Position: -143.04 184.34 -960.09 Orientation: -0.0006 0.1976 0.0101 0.9802 Time: 28499691670749
Position: -148.09 175.55 -951.77 Orientation: -0.004 0.204 0.0075 0.9789 Time: 28499915627903
Position: -147.91 167.45 -942.12 Orientation: -0.0087 0.2164 0.0072 0.9762 Time: 28500108676224
Position: -144.82 157.12 -935.94 Orientation: -0.0121 0.2256 0.0095 0.974 Time: 28500332644214
Position: -141.14 147.31 -935.62 Orientation: -0.0091 0.2307 0.0151 0.9728 Time: 28500524626065
Position: -136.71 135.97 -938.62 Orientation: -0.004 0.2291 0.0214 0.9731 Time: 28500748633406
Position: -132.51 129.47 -943.34 Orientation: -0.001 0.2261 0.0259 0.9737 Time: 28500972597974
Position: -128.79 124.08 -949.33 Orientation: 0.0029 0.225 0.0297 0.9738 Time: 28501164615183
Position: -124.2 119.41 -957.49 Orientation: 0.0077 0.2257 0.0337 0.9735 Time: 28501389594324
Position: -119.72 120.17 -969.56 Orientation: 0.0133 0.2236 0.0348 0.9739 Time: 28501614621941
Position: -118.35 125.22 -978.57 Orientation: 0.0139 0.2237 0.0332 0.9739 Time: 28501838672625
Position: -118.01 132.79 -989.09 Orientation: 0.0157 0.2197 0.0295 0.9749 Time: 28502030639648
Position: -113.67 141.05 -1002.75 Orientation: 0.0206 0.221 0.0299 0.9745 Time: 28502254665239
Position: -109.65 149.13 -1010.89 Orientation: 0.0198 0.2212 0.0286 0.9745 Time: 28502478651479
Position: -107.54 158.72 -1023.18 Orientation: 0.0242 0.2188 0.0263 0.975 Time: 28502670652720
Position: -106.5 170.18 -1038.66 Orientation: 0.0242 0.2134 0.0228 0.9763 Time: 28502895652392
Position: -105.07 176.2 -1045.04 Orientation: 0.0232 0.2088 0.0202 0.9774 Time: 28503087668461
Position: -101.56 183.5 -1055.1 Orientation: 0.0282 0.2072 0.0195 0.9776 Time: 28503311546342
Position: -101.11 188.61 -1063.7 Orientation: 0.0288 0.2028 0.0193 0.9785 Time: 28503503626856
Position: -100.9 193.93 -1070.72 Orientation: 0.0311 0.1994 0.0179 0.9792 Time: 28503727637618
Position: -99.17 199.87 -1078.38 Orientation: 0.0322 0.1957 0.0172 0.9799 Time: 28503919646844
Position: -94.74 207.11 -1086.48 Orientation: 0.0342 0.1933 0.0169 0.9803 Time: 28504141599375
Position: -91.99 214.47 -1092.38 Orientation: 0.0321 0.1898 0.0149 0.9811 Time: 28504365541131
Position: -89.13 222.65 -1099.99 Orientation: 0.0328 0.1872 0.0148 0.9816 Time: 28504555593639
Position: -85.78 229.28 -1111.03 Orientation: 0.036 0.1819 0.0159 0.9825 Time: 28504778580704
Position: -80.99 239.62 -1127.51 Orientation: 0.0376 0.1721 0.0179 0.9841 Time: 28504999579685
Position: -77.81 246.61 -1136.24 Orientation: 0.0392 0.1635 0.017 0.9856 Time: 28505220689875
Position: -75.69 255.69 -1145.4 Orientation: 0.0387 0.1618 0.0155 0.9859 Time: 28505440558511
Position: -73.5 264.61 -1155.71 Orientation: 0.0426 0.1542 0.0135 0.987 Time: 28505658542288
Position: -70.78 272.6 -1165.49 Orientation: 0.0439 0.1501 0.01 0.9876 Time: 28505848556585
Position: -64.77 278.08 -1173.72 Orientation: 0.0481 0.1506 0.0116 0.9873 Time: 28506068555251
Position: -56.86 283.36 -1181.93 Orientation: 0.0519 0.1462 0.0107 0.9878 Time: 28506286662784
Position: -52.22 288.45 -1188.95 Orientation: 0.0559 0.143 0.0093 0.988 Time: 28506505557909
Position: -47.23 293.53 -1196.16 Orientation: 0.0622 0.1435 0.008 0.9876 Time: 28506722501450
Position: -41.26 294.65 -1202.82 Orientation: 0.0629 0.1359 0.0068 0.9886 Time: 28506939576160
Position: -36.52 291.37 -1212.41 Orientation: 0.0687 0.1297 0.0088 0.9891 Time: 28507127505992
Position: -28.63 280.14 -1224.98 Orientation: 0.0754 0.1278 0.0159 0.9887 Time: 28507345547370
Position: -22.9 268.22 -1229.48 Orientation: 0.0786 0.1321 0.0239 0.9878 Time: 28507562506309
Position: -20.01 255.69 -1230.76 Orientation: 0.0816 0.1384 0.0297 0.9865 Time: 28507748529040
Position: -20.96 241.99 -1228.06 Orientation: 0.0819 0.1396 0.0325 0.9862 Time: 28507965493111
Position: -24.01 223.83 -1219.39 Orientation: 0.0794 0.1396 0.0338 0.9864 Time: 28508182526189
Position: -25.74 211.11 -1213.05 Orientation: 0.0786 0.1414 0.0367 0.9861 Time: 28508399506800
Position: -28.73 201.24 -1206.67 Orientation: 0.0756 0.1419 0.0373 0.9862 Time: 28508585510711
Position: -31.66 192.64 -1199.28 Orientation: 0.0739 0.1421 0.0368 0.9863 Time: 28508803512167
Position: -35.77 184.2 -1189.91 Orientation: 0.0703 0.1427 0.0355 0.9866 Time: 28509021514194
Position: -44.53 171.41 -1176.25 Orientation: 0.0643 0.1468 0.0342 0.9864 Time: 28509238724637
Position: -50.55 161.31 -1166.94 Orientation: 0.0623 0.1454 0.0337 0.9868 Time: 28509455471422
Position: -54.09 150.62 -1157.15 Orientation: 0.0621 0.1479 0.0355 0.9863 Time: 28509672483399
Position: -59.92 137.18 -1141.53 Orientation: 0.0588 0.151 0.0356 0.9861 Time: 28509889483400
Position: -64.46 124.79 -1126.33 Orientation: 0.0545 0.1551 0.0366 0.9857 Time: 28510106496518
Position: -67.86 111.22 -1113.71 Orientation: 0.0503 0.1602 0.0406 0.9849 Time: 28510324488279
Position: -73.13 97.94 -1100.8 Orientation: 0.0453 0.1656 0.043 0.9841 Time: 28510541500256
Position: -80.31 90.82 -1088.12 Orientation: 0.0384 0.1616 0.041 0.9852 Time: 28510758495124
Position: -86.55 82.25 -1077.98 Orientation: 0.0344 0.1653 0.0391 0.9848 Time: 28510975478585
Position: -89.98 66.46 -1063.49 Orientation: 0.0304 0.1664 0.0382 0.9848 Time: 28511192572686
Position: -90.84 55.98 -1052.15 Orientation: 0.0203 0.1658 0.0369 0.9852 Time: 28511409483149
Position: -93.26 46.95 -1044.02 Orientation: 0.0182 0.172 0.0356 0.9842 Time: 28511627472629
Position: -99 36.21 -1038.52 Orientation: 0.025 0.1758 0.0351 0.9834 Time: 28511845466101
Position: -102.59 29.18 -1033.47 Orientation: 0.0229 0.1855 0.0348 0.9817 Time: 28512064427382
Position: -105.39 19.99 -1022.47 Orientation: -0.0081 0.2022 0.0247 0.9789 Time: 28512283448544
Position: -108.07 9.62 -1019.03 Orientation: -0.0099 0.2017 0.0243 0.979 Time: 28512501457985
Position: -109.74 1.7 -1014.5 Orientation: -0.0167 0.1996 0.0226 0.9794 Time: 28512718475095
Position: -107.37 -11.78 -1009.79 Orientation: -0.0219 0.1999 0.0256 0.9792 Time: 28512935469962
Position: -106.3 -22.43 -1015.18 Orientation: -0.0149 0.193 0.0291 0.9806 Time: 28513155464065
Position: -103.44 -30.88 -1023.16 Orientation: -0.01 0.1934 0.0342 0.9804 Time: 28513373446132
Position: -99.71 -38.24 -1032.38 Orientation: -0.0032 0.1858 0.0366 0.9818 Time: 28513590426742
Position: -97.06 -39.36 -1043.17 Orientation: 0.0085 0.1845 0.0391 0.982 Time: 28513807451836
Position: -94.78 -38.48 -1052.77 Orientation: 0.0134 0.1822 0.0378 0.9824 Time: 28513994408727
Position: -90.09 -38.17 -1062.79 Orientation: 0.0195 0.1802 0.04 0.9826 Time: 28514211445797
Position: -85.92 -31.91 -1079.29 Orientation: 0.0273 0.182 0.0389 0.9821 Time: 28514428468610
Position: -82.97 -25.13 -1092.84 Orientation: 0.0327 0.18 0.0388 0.9823 Time: 28514645441236
Position: -79.62 -17.53 -1107.56 Orientation: 0.0442 0.1795 0.0426 0.9818 Time: 28514863446685
Position: -73.85 -7.63 -1121.3 Orientation: 0.0487 0.1672 0.0427 0.9837 Time: 28515081422478
Position: -70.69 2.42 -1134.81 Orientation: 0.0508 0.1625 0.0416 0.9845 Time: 28515335440991
Position: -67.24 7.74 -1142.71 Orientation: 0.0512 0.1588 0.0409 0.9851 Time: 28515553443018
Position: -63.09 12.76 -1148.74 Orientation: 0.0496 0.152 0.0398 0.9863 Time: 28515770497197
Position: -58.71 21.08 -1157.6 Orientation: 0.0498 0.1464 0.0382 0.9872 Time: 28515990457652
Position: -54.94 27.93 -1163.13 Orientation: 0.05 0.1408 0.0364 0.988 Time: 28516178406304
Position: -49.06 35.3 -1166.76 Orientation: 0.0479 0.1376 0.0373 0.9886 Time: 28516398386150
Position: -46.17 43.54 -1172.68 Orientation: 0.0452 0.1331 0.0343 0.9894 Time: 28516587198244
Position: -44.07 51.49 -1183.21 Orientation: 0.0462 0.1285 0.0322 0.99 Time: 28516809382319
Position: -41.64 58.24 -1192.56 Orientation: 0.0454 0.1287 0.0314 0.9901 Time: 28517001392685
Position: -36.37 70.16 -1205.42 Orientation: 0.0427 0.1227 0.0328 0.9909 Time: 28517224371195
Position: -36.13 77.8 -1215.08 Orientation: 0.046 0.1253 0.0338 0.9904 Time: 28517448364849
Position: -34.06 83.25 -1221.49 Orientation: 0.0501 0.1251 0.0373 0.9901 Time: 28517640403730
Position: -31.47 89.32 -1232.6 Orientation: 0.0554 0.1245 0.0402 0.9898 Time: 28517864437305
Position: -26.75 98.2 -1243.13 Orientation: 0.0583 0.1225 0.0399 0.9899 Time: 28518056378094
Position: -20.59 110.68 -1255.29 Orientation: 0.0588 0.1197 0.0382 0.9903 Time: 28518281349250
Position: -13.95 122 -1263.75 Orientation: 0.0554 0.1224 0.0378 0.9902 Time: 28518473328820
Position: -6.92 128.36 -1271.7 Orientation: 0.0516 0.1285 0.0429 0.9894 Time: 28518698331914
Position: 0.71 133.57 -1280.57 Orientation: 0.0472 0.1303 0.049 0.9891 Time: 28518923366374
Position: 7.48 137.2 -1290.41 Orientation: 0.0517 0.1345 0.0562 0.9879 Time: 28519147365731
Position: 12.43 142.49 -1298.18 Orientation: 0.0531 0.1371 0.0621 0.9871 Time: 28519340355311
Position: 16.94 147.32 -1306.82 Orientation: 0.0601 0.1406 0.0681 0.9858 Time: 28519564352387
Position: 18.88 148.55 -1322.7 Orientation: 0.0718 0.1393 0.0756 0.9847 Time: 28519789332098
Position: 22.82 141.46 -1333.24 Orientation: 0.0771 0.1355 0.0802 0.9844 Time: 28520013333736
Position: 29.26 131.03 -1338.44 Orientation: 0.0806 0.1321 0.0802 0.9846 Time: 28520207313366
Position: 31.69 109.25 -1337.98 Orientation: 0.0709 0.1377 0.0743 0.9851 Time: 28520432312467
Position: 30.2 88.9 -1334.53 Orientation: 0.0609 0.1354 0.0655 0.9867 Time: 28520624313708
Position: 26.76 74.17 -1329.28 Orientation: 0.0543 0.1334 0.0581 0.9878 Time: 28520817353475
Position: 22.34 53.62 -1320.71 Orientation: 0.0447 0.1375 0.0479 0.9883 Time: 28521041352262
Position: 22.1 42.06 -1314.9 Orientation: 0.036 0.1372 0.0419 0.9889 Time: 28521233366620
Position: 20.65 29.45 -1305.03 Orientation: 0.0263 0.1413 0.0386 0.9888 Time: 28521459457856
Position: 18.88 14.61 -1296.08 Orientation: 0.0192 0.1448 0.0377 0.9885 Time: 28521652313414
Position: 13.69 -0.45 -1284.03 Orientation: 0.0127 0.1495 0.0336 0.9881 Time: 28521877294266
Position: 9.42 -7.73 -1278.55 Orientation: 0.0115 0.1492 0.0301 0.9882 Time: 28522068316293
Position: 3.81 -20.04 -1267.1 Orientation: 0.0078 0.1498 0.0264 0.9883 Time: 28522307322091
Position: -1.05 -29.23 -1257.45 Orientation: 0.0037 0.1514 0.0241 0.9881 Time: 28522496330370
Position: -6.99 -36.78 -1247.29 Orientation: -0.001 0.1586 0.0228 0.987 Time: 28522714298749
Position: -13.95 -48.4 -1235.57 Orientation: -0.0042 0.1608 0.0228 0.9866 Time: 28522933266873
Position: -17.67 -57.41 -1224.11 Orientation: -0.0076 0.1613 0.0236 0.9865 Time: 28523150297100
Position: -25.82 -69 -1208.78 Orientation: -0.0123 0.161 0.0245 0.9865 Time: 28523368316806
Position: -29.76 -79.84 -1199.02 Orientation: -0.0117 0.1643 0.0279 0.9859 Time: 28523586342216
Position: -31.87 -91.66 -1189.88 Orientation: -0.0105 0.1636 0.0297 0.986 Time: 28523804342532
Position: -35.49 -103.06 -1180.64 Orientation: -0.0108 0.1676 0.0295 0.9853 Time: 28523990277436
Position: -38.81 -115.11 -1173.63 Orientation: -0.011 0.1689 0.031 0.985 Time: 28524207283140
Position: -40.9 -130.05 -1167.2 Orientation: -0.007 0.1738 0.0336 0.9841 Time: 28524424313366
Position: -41.71 -142.47 -1162.42 Orientation: -0.0028 0.1801 0.0369 0.9829 Time: 28524643295748
Position: -41.36 -155.04 -1163.38 Orientation: 0.0046 0.1835 0.0422 0.982 Time: 28524830257772
Position: -37.71 -165.95 -1166.17 Orientation: 0.0108 0.1894 0.0502 0.9805 Time: 28525049225896
Position: -32.6 -179.96 -1173.52 Orientation: 0.0198 0.1902 0.0605 0.9796 Time: 28525266277794
Position: -30.77 -188.18 -1180.56 Orientation: 0.0277 0.1868 0.065 0.9798 Time: 28525484229064
Position: -26.03 -195.13 -1192.06 Orientation: 0.0336 0.1853 0.072 0.9794 Time: 28525670406348
Position: -21.73 -198.3 -1205.42 Orientation: 0.0416 0.1826 0.0751 0.9794 Time: 28525888287470
Position: -17.43 -198.78 -1218.48 Orientation: 0.0492 0.1827 0.0782 0.9787 Time: 28526106213076
Position: -15.02 -191.58 -1232.5 Orientation: 0.0595 0.1805 0.0772 0.9787 Time: 28526323299192
Position: -12.34 -185.19 -1242.36 Orientation: 0.0663 0.1802 0.0766 0.9783 Time: 28526540268967
Position: -6.77 -183.37 -1253.16 Orientation: 0.0703 0.1781 0.08 0.9782 Time: 28526757237601
Position: -0.23 -177.12 -1267.96 Orientation: 0.0764 0.176 0.0815 0.978 Time: 28526974231898
Position: 4.54 -168 -1280.84 Orientation: 0.082 0.1763 0.0834 0.9773 Time: 28527193235381
Position: 9.08 -157.21 -1294.12 Orientation: 0.0876 0.1749 0.0832 0.9771 Time: 28527379275792
Position: 14.79 -147.06 -1305.08 Orientation: 0.0843 0.19 0.0935 0.9736 Time: 28527599252215
Position: 19.96 -134.03 -1322.78 Orientation: 0.0971 0.1701 0.0853 0.9768 Time: 28527816261341
Position: 21.07 -125.96 -1336.76 Orientation: 0.1036 0.1617 0.0844 0.9777 Time: 28528003279825
Position: 24.3 -113.5 -1352.28 Orientation: 0.1092 0.1625 0.0868 0.9767 Time: 28528189228987
Position: 30.64 -102.69 -1363.15 Orientation: 0.1138 0.1645 0.0905 0.9755 Time: 28528406193628
Position: 35.86 -91.95 -1377.53 Orientation: 0.1194 0.1639 0.0941 0.9746 Time: 28528623275753
Position: 37.53 -86 -1387.52 Orientation: 0.1247 0.1665 0.0962 0.9733 Time: 28528809201532
Position: 39.88 -76.17 -1401.43 Orientation: 0.1328 0.1581 0.0943 0.9738 Time: 28529027218387
Position: 39.07 -67.2 -1411.71 Orientation: 0.134 0.1596 0.0933 0.9735 Time: 28529245195320
Position: 41.47 -56.58 -1421.92 Orientation: 0.1411 0.1524 0.0905 0.9739 Time: 28529462294554
Position: 45.16 -51.1 -1427.47 Orientation: 0.1446 0.1429 0.0898 0.9749 Time: 28529648212920
Position: 50.57 -40.05 -1442 Orientation: 0.1502 0.1369 0.0922 0.9747 Time: 28529865261966
Position: 55.52 -30.59 -1447.54 Orientation: 0.1516 0.1319 0.0922 0.9752 Time: 28530082200374
Position: 58.94 -20.33 -1452.18 Orientation: 0.1499 0.1321 0.0904 0.9756 Time: 28530301190740
Position: 67.65 -9.43 -1457.11 Orientation: 0.1455 0.1334 0.0943 0.9757 Time: 28530519196188
Position: 74.78 -1.31 -1458.08 Orientation: 0.1421 0.1231 0.0912 0.9779 Time: 28530736203603
Position: 87.99 1.51 -1453.81 Orientation: 0.1376 0.1264 0.0977 0.9774 Time: 28530954255817
Position: 105.4 -0.54 -1446 Orientation: 0.1333 0.1283 0.1044 0.9771 Time: 28531171246692
Position: 115.28 -0.94 -1442.39 Orientation: 0.1323 0.1337 0.1081 0.9761 Time: 28531357253455
Position: 127.92 -4.99 -1430.97 Orientation: 0.1273 0.1417 0.114 0.975 Time: 28531574282541
Position: 138.65 -14.02 -1421.85 Orientation: 0.1289 0.1361 0.1182 0.9751 Time: 28531792224116
Position: 143.61 -26 -1413.01 Orientation: 0.1256 0.1454 0.1226 0.9736 Time: 28532010221010
Position: 144.77 -31.83 -1405.9 Orientation: 0.1218 0.1456 0.1229 0.974 Time: 28532196240319
Position: 137.18 -39.21 -1393.96 Orientation: 0.1184 0.1547 0.1185 0.9736 Time: 28532413160477
Position: 135.15 -46.64 -1382.92 Orientation: 0.1168 0.1454 0.1143 0.9757 Time: 28532631205277
Position: 132.64 -57.25 -1372.14 Orientation: 0.1151 0.1486 0.1152 0.9753 Time: 28532849179929
Position: 127.83 -70.07 -1359.7 Orientation: 0.1121 0.1525 0.1148 0.9751 Time: 28533066186773
Position: 124.45 -76.84 -1352.6 Orientation: 0.1103 0.1561 0.1145 0.9748 Time: 28533254174776
Position: 119.13 -88.1 -1340.72 Orientation: 0.1043 0.1573 0.1122 0.9755 Time: 28533471211276
Position: 112.57 -97.38 -1331.56 Orientation: 0.1008 0.1583 0.1072 0.9763 Time: 28533690146323
Position: 105.03 -107.61 -1320.67 Orientation: 0.0957 0.1585 0.1018 0.9774 Time: 28533910179207
Position: 100.21 -115.6 -1313.16 Orientation: 0.082 0.1769 0.111 0.9744 Time: 28534131230655
Position: 94.09 -124.15 -1303.72 Orientation: 0.0822 0.1637 0.1034 0.9776 Time: 28534322187097
Position: 87.44 -131.67 -1292.96 Orientation: 0.084 0.1547 0.0952 0.9797 Time: 28534546133986
Position: 76.76 -140.88 -1278.83 Orientation: 0.0787 0.1598 0.0915 0.9797 Time: 28534770164139
Position: 68.95 -148.99 -1269.56 Orientation: 0.0744 0.1613 0.091 0.9798 Time: 28534962120326
Position: 62.33 -156.19 -1260.27 Orientation: 0.0722 0.1642 0.0905 0.9795 Time: 28535186143065
Position: 57.75 -163.4 -1249.77 Orientation: 0.0693 0.1722 0.0905 0.9784 Time: 28535378131189
Position: 57.93 -172.83 -1238.21 Orientation: 0.0657 0.1773 0.0923 0.9775 Time: 28535570147258
Position: 57.99 -182.39 -1228.32 Orientation: 0.0611 0.1822 0.0928 0.9769 Time: 28535794144333
Position: 57.2 -188.71 -1216.58 Orientation: 0.0547 0.1917 0.0909 0.9756 Time: 28536018110612
Position: 57.37 -194.27 -1207.1 Orientation: 0.0492 0.1905 0.0854 0.9767 Time: 28536211129278
Position: 58.51 -201.01 -1198.85 Orientation: 0.0499 0.1947 0.0831 0.976 Time: 28536435097268
Position: 57.49 -206.94 -1180.05 Orientation: 0.0356 0.1973 0.0724 0.977 Time: 28536659157647
Position: 56.53 -206.43 -1165.31 Orientation: 0.0267 0.2038 0.0667 0.9763 Time: 28536854262489
Position: 53.46 -202.75 -1155.01 Orientation: 0.0208 0.204 0.0599 0.9769 Time: 28537078102161
Position: 49.67 -194.23 -1143.35 Orientation: 0.0106 0.2041 0.0515 0.9775 Time: 28537303144606
Position: 47.29 -190.07 -1136.83 Orientation: 0.0053 0.2053 0.0451 0.9776 Time: 28537496089131
Position: 44.29 -180.66 -1126.49 Orientation: -0.007 0.2023 0.0323 0.9787 Time: 28537721348292
Position: 42.52 -169.3 -1120.43 Orientation: -0.0158 0.2003 0.0282 0.9791 Time: 28537913090044
Position: 38.84 -155.69 -1121.39 Orientation: -0.0221 0.192 0.0215 0.9808 Time: 28538137103659
Position: 39 -142.72 -1119.27 Orientation: -0.0285 0.1919 0.0169 0.9808 Time: 28538329098056
Position: 43.13 -127.29 -1122.23 Orientation: -0.0301 0.1925 0.0149 0.9807 Time: 28538553111670
Position: 45.72 -120.57 -1125.31 Orientation: -0.0314 0.1966 0.0151 0.9798 Time: 28538746065321
Position: 47.3 -107.91 -1134.33 Orientation: -0.0306 0.1957 0.0126 0.98 Time: 28538970099466
Position: 47.32 -96.22 -1140.3 Orientation: -0.0307 0.194 0.0091 0.9804 Time: 28539161106095
Position: 49.69 -85.09 -1148.48 Orientation: -0.0291 0.1919 0.0089 0.9809 Time: 28539386105767
Position: 49.9 -71.24 -1159.65 Orientation: -0.0255 0.1871 0.0049 0.9819 Time: 28539609085418
Position: 52.1 -60.61 -1166.52 Orientation: -0.0241 0.188 0.0046 0.9818 Time: 28539834089653
Position: 56.96 -47.6 -1177.04 Orientation: -0.0223 0.1813 0.0052 0.9831 Time: 28540058081025
Position: 58.91 -39.77 -1184.85 Orientation: -0.0208 0.1748 0.0052 0.9843 Time: 28540247058508
Position: 64.82 -28.67 -1198.6 Orientation: -0.0175 0.172 0.0084 0.9848 Time: 28540465063386
Position: 68.51 -19.25 -1211.46 Orientation: -0.0135 0.1725 0.0102 0.9848 Time: 28540683093358
Position: 74.88 -5.97 -1222.53 Orientation: -0.0156 0.1763 0.0119 0.9841 Time: 28540902025553
Position: 78.68 5.21 -1230.01 Orientation: -0.0194 0.1797 0.0124 0.9834 Time: 28541120235171
Position: 78.94 15.4 -1239.51 Orientation: -0.019 0.1799 0.0105 0.9834 Time: 28541338048426
Position: 78.63 23.32 -1250.21 Orientation: -0.0173 0.1804 0.0107 0.9833 Time: 28541524070017
Position: 80.04 29.87 -1260.61 Orientation: -0.0126 0.1732 0.0116 0.9847 Time: 28541741068877
Position: 81.87 41.96 -1269.94 Orientation: -0.0087 0.1727 0.0106 0.9848 Time: 28541958049487
Position: 84.69 52.34 -1278.81 Orientation: -0.0058 0.1626 0.009 0.9866 Time: 28542175021543
Position: 84.97 61.68 -1289.7 Orientation: -0.0026 0.1591 0.0079 0.9872 Time: 28542362008660
Position: 86.34 70.66 -1298.21 Orientation: -0.0011 0.1517 0.0062 0.9883 Time: 28542578994403
Position: 92.75 82.51 -1307.29 Orientation: 0.0022 0.1471 0.0067 0.989 Time: 28542796010943
Position: 99.63 92.69 -1312.58 Orientation: 0.0032 0.1487 0.0095 0.9888 Time: 28543014021524
Position: 102.06 102.46 -1316.01 Orientation: 0.0061 0.1513 0.0092 0.9884 Time: 28543231007267
Position: 104.18 114.22 -1318.57 Orientation: 0.004 0.1595 0.0132 0.987 Time: 28543448028369
Position: 101.18 124.69 -1314.12 Orientation: 0.0007 0.162 0.0091 0.9867 Time: 28543665995607
Position: 99.09 136.3 -1306.29 Orientation: -0.0038 0.1571 0.0028 0.9875 Time: 28543883047505
Position: 97.89 146.96 -1295.79 Orientation: -0.0133 0.1552 -0.0024 0.9877 Time: 28544100005303
Position: 94.64 150.39 -1283.83 Orientation: -0.0214 0.1553 -0.0073 0.9876 Time: 28544316973367
Position: 93.95 150.62 -1272.56 Orientation: -0.0273 0.1613 -0.0113 0.9864 Time: 28544503208822
Position: 93.81 147.62 -1260.58 Orientation: -0.0332 0.1629 -0.0139 0.9859 Time: 28544721012953
Position: 93.72 141.8 -1249.19 Orientation: -0.0385 0.1672 -0.0132 0.985 Time: 28544938071125
Position: 89.96 135.85 -1238.52 Orientation: -0.044 0.1667 -0.0158 0.9848 Time: 28545155000407
Position: 86.13 133.41 -1231.98 Orientation: -0.0484 0.164 -0.0187 0.985 Time: 28545342054250
Position: 81.29 128.29 -1219.29 Orientation: -0.0542 0.166 -0.023 0.9843 Time: 28545558997220
Position: 78.57 122.91 -1206.29 Orientation: -0.06 0.1665 -0.0236 0.9839 Time: 28545776984419
Position: 74.96 116.74 -1193.5 Orientation: -0.0627 0.171 -0.0234 0.9829 Time: 28545963980091
Position: 69.85 108.01 -1178.71 Orientation: -0.0655 0.1706 -0.0241 0.9828 Time: 28546180972678
Position: 61.6 97.31 -1162.58 Orientation: -0.0671 0.1721 -0.0246 0.9824 Time: 28546397989788
Position: 56.95 87.48 -1149.99 Orientation: -0.0723 0.1682 -0.0237 0.9827 Time: 28546615978127
Position: 51.46 78.35 -1136.11 Orientation: -0.0756 0.1758 -0.0233 0.9812 Time: 28546832925089
Position: 43.59 69.96 -1120.44 Orientation: -0.0807 0.1763 -0.0266 0.9806 Time: 28547049938777
Position: 34.52 60.82 -1111.02 Orientation: -0.0819 0.1741 -0.0268 0.9809 Time: 28547267974452
Position: 26.72 51.9 -1100.3 Orientation: -0.0839 0.1733 -0.0261 0.9809 Time: 28547484968179
Position: 20.78 42.58 -1090.22 Orientation: -0.0854 0.1747 -0.0244 0.9805 Time: 28547671047371
Position: 17.1 31.23 -1077.28 Orientation: -0.0875 0.178 -0.0218 0.9798 Time: 28547918954493
Position: 16.08 20.88 -1065.12 Orientation: -0.0885 0.1812 -0.0177 0.9792 Time: 28548136024071
Position: 11.08 11.84 -1050.73 Orientation: -0.0941 0.1805 -0.0172 0.9789 Time: 28548353212843
Position: 6.66 6.15 -1040.92 Orientation: -0.0987 0.1838 -0.0176 0.9778 Time: 28548538931031
Position: 4.65 -0.98 -1032.19 Orientation: -0.0992 0.1894 -0.0168 0.9767 Time: 28548755936734
Position: 5.71 -10.11 -1020.17 Orientation: -0.1008 0.197 -0.0161 0.975 Time: 28548973913668
Position: 8.7 -18.83 -1004.7 Orientation: -0.1053 0.2026 -0.0152 0.9734 Time: 28549190925075
Position: 10.04 -21.14 -995.84 Orientation: -0.1075 0.2055 -0.0165 0.9725 Time: 28549377891091
Position: 6.45 -18.53 -979.59 Orientation: -0.1174 0.2056 -0.0239 0.9712 Time: 28549594914474
Position: 2.45 -11.01 -965.02 Orientation: -0.1271 0.2095 -0.0299 0.969 Time: 28549811916185
Position: -3.02 -2.24 -953.51 Orientation: -0.1355 0.2078 -0.0395 0.9679 Time: 28550028938998
Position: -6.49 6.29 -945.77 Orientation: -0.1298 0.2106 -0.0459 0.9678 Time: 28550245919608
Position: -9.36 12.52 -942.67 Orientation: -0.1219 0.2081 -0.0516 0.969 Time: 28550431926941
Position: -14.24 26.59 -942.46 Orientation: -0.0964 0.2047 -0.0631 0.9719 Time: 28550651873709
Position: -14.64 34.39 -946.75 Orientation: -0.0712 0.1931 -0.0549 0.977 Time: 28550870969581
Position: -12.49 45.85 -952.82 Orientation: -0.0395 0.1666 -0.0281 0.9848 Time: 28551088912296
Position: -13.28 54.12 -961.49 Orientation: -0.0171 0.1586 -0.0213 0.9869 Time: 28551305897469
Position: -9.82 62.99 -970.71 Orientation: 0.0004 0.1519 -0.0034 0.9883 Time: 28551526885044
Position: -3.01 75.2 -978.45 Orientation: 0.0082 0.1407 0.012 0.9899 Time: 28551747961586
Position: 2.02 85.29 -988.34 Orientation: 0.0235 0.1423 0.0179 0.9893 Time: 28551940911815
Position: 1.63 97.44 -997.45 Orientation: 0.0269 0.142 0.0192 0.9893 Time: 28552165893808
Position: 5.72 108.99 -1007.5 Orientation: 0.0284 0.1463 0.0229 0.9885 Time: 28552357908166
Position: 9.37 118.93 -1020.35 Orientation: 0.0326 0.1426 0.0238 0.9889 Time: 28552581909803
Position: 12.35 127.34 -1032.7 Orientation: 0.034 0.1441 0.0247 0.9886 Time: 28552774915922
Position: 20.32 139.33 -1044.18 Orientation: 0.0332 0.1497 0.0253 0.9878 Time: 28553000891957
Position: 29.09 149.1 -1052.74 Orientation: 0.0336 0.1496 0.025 0.9878 Time: 28553224899868
Position: 34.19 158.86 -1062.4 Orientation: 0.0348 0.1442 0.0239 0.9886 Time: 28553416884570
Position: 42.23 169.85 -1071.6 Orientation: 0.0325 0.1452 0.0247 0.9885 Time: 28553640849709
Position: 46.22 177.32 -1078.8 Orientation: 0.0302 0.1444 0.0262 0.9887 Time: 28553864883854
Position: 47.93 185.22 -1088.51 Orientation: 0.0303 0.1381 0.0258 0.9896 Time: 28554090847342
Position: 48.3 193.89 -1096.66 Orientation: 0.0275 0.1408 0.0261 0.9892 Time: 28554283864867
Position: 49.98 203.23 -1104.37 Orientation: 0.0242 0.1432 0.0258 0.989 Time: 28554507880762
Position: 51.12 211.07 -1115.05 Orientation: 0.0241 0.1416 0.0247 0.9893 Time: 28554699871168
Position: 52.5 218.8 -1124.73 Orientation: 0.0222 0.1395 0.0244 0.9896 Time: 28554923822048
Position: 53.75 227.34 -1134.42 Orientation: 0.0216 0.1398 0.0217 0.9897 Time: 28555115831274
Position: 54.79 237.05 -1148.04 Orientation: 0.0255 0.1494 0.0163 0.9883 Time: 28555342799069
Position: 57.59 243.81 -1160.34 Orientation: 0.027 0.1515 0.0151 0.9879 Time: 28555534881293
Position: 63.31 251.56 -1165.21 Orientation: 0.0208 0.1481 0.0155 0.9886 Time: 28555759850739
Position: 64.85 262.42 -1171.8 Orientation: 0.0161 0.1457 0.012 0.9891 Time: 28555983855229
Position: 64.17 269.6 -1177.95 Orientation: 0.0142 0.1455 0.0113 0.9891 Time: 28556175822251
Position: 63.35 283.26 -1180.22 Orientation: 0.0064 0.1457 0.0079 0.9892 Time: 28556400954234
Position: 62.12 296.94 -1180.27 Orientation: 0.0008 0.1472 0.003 0.989 Time: 28556624838389
Position: 59.53 311.59 -1174.15 Orientation: -0.0054 0.1474 -0.0039 0.989 Time: 28556815811370
Position: 58.25 323.07 -1163.74 Orientation: -0.0065 0.1496 -0.0054 0.9887 Time: 28557037838611
Position: 55.73 328.42 -1157.02 Orientation: -0.0052 0.1552 -0.0076 0.9878 Time: 28557229809626
Position: 48.31 332 -1145.72 Orientation: -0.0026 0.1596 -0.0103 0.9871 Time: 28557451827742
Position: 43.08 330.92 -1135.72 Orientation: -0.0029 0.1594 -0.0103 0.9871 Time: 28557671816142
Position: 35.79 326.47 -1123.27 Orientation: 0.0009 0.1595 -0.0095 0.9871 Time: 28557892844779
Position: 34.13 320.72 -1113.04 Orientation: 0.0018 0.1588 -0.0084 0.9872 Time: 28558112777859
Position: 32.55 313.54 -1104.58 Orientation: 0.0054 0.1569 -0.0073 0.9875 Time: 28558299814593
Position: 32.92 308.5 -1092.86 Orientation: 0.0019 0.1588 -0.0065 0.9872 Time: 28558516853945
Position: 33.31 299.27 -1079.3 Orientation: 0.0015 0.1617 -0.0076 0.9868 Time: 28558737845512
Position: 31.47 291.76 -1071.18 Orientation: -0.0007 0.1618 -0.0071 0.9867 Time: 28558923780986
Position: 24.92 278.67 -1058.73 Orientation: 0.0017 0.1613 -0.0097 0.9868 Time: 28559140793534
Position: 20.01 268.97 -1044.69 Orientation: -0.0007 0.1624 -0.0103 0.9866 Time: 28559357822620
Position: 14.51 259.13 -1031.02 Orientation: -0.0058 0.1603 -0.0117 0.9869 Time: 28559575798983
Position: 8.28 248.79 -1020.13 Orientation: -0.006 0.156 -0.0146 0.9876 Time: 28559761801753
Position: 2.54 234.65 -1006.61 Orientation: -0.0059 0.1628 -0.017 0.9864 Time: 28559978758411
Position: 0.94 221.63 -994.15 Orientation: -0.0068 0.166 -0.0184 0.9859 Time: 28560196823742
Position: -4.13 209.39 -979.24 Orientation: -0.0159 0.1601 -0.0198 0.9867 Time: 28560414746496
Position: -15.32 192.19 -964.53 Orientation: -0.0207 0.1562 -0.0247 0.9871 Time: 28560632773046
Position: -23.1 180.62 -952.24 Orientation: -0.0231 0.1589 -0.0291 0.9865 Time: 28560851783943
Position: -29.55 170.51 -940.06 Orientation: -0.0231 0.1655 -0.0343 0.9853 Time: 28561069803649
Position: -34.11 156.73 -926.09 Orientation: -0.0279 0.1606 -0.0325 0.986 Time: 28561287830199
Position: -35.46 148.2 -918.35 Orientation: -0.0269 0.1638 -0.0326 0.9855 Time: 28561473755978
Position: -37.02 137.33 -907.17 Orientation: -0.0296 0.1604 -0.0293 0.9861 Time: 28561691726639
Position: -42.93 128.62 -899.42 Orientation: -0.0302 0.1586 -0.0339 0.9862 Time: 28561908714663
Position: -40.01 119.92 -890.92 Orientation: -0.0319 0.1619 -0.0318 0.9857 Time: 28562094726558
Position: -31.79 115.7 -882.53 Orientation: -0.0354 0.1661 -0.03 0.985 Time: 28562312781053
Position: -7.82 115.07 -870.29 Orientation: -0.0422 0.1745 -0.025 0.9834 Time: 28562529726875
Position: 9.62 114.93 -864.16 Orientation: -0.0497 0.1841 -0.0244 0.9813 Time: 28562746690946
Position: 24.73 117.37 -863.27 Orientation: -0.0537 0.1877 -0.0225 0.9804 Time: 28562964739168
Position: 35.47 122.2 -868.35 Orientation: -0.0561 0.1908 -0.0201 0.9797 Time: 28563150715134
Position: 43.51 127.02 -873.57 Orientation: -0.0574 0.1929 -0.0208 0.9792 Time: 28563367765891
Position: 51.01 136.07 -876.91 Orientation: -0.0598 0.199 -0.0228 0.9778 Time: 28563586984950
Position: 56.33 142.06 -884.17 Orientation: -0.0529 0.2077 -0.0247 0.9764 Time: 28563803756258
Position: 61.58 149.91 -889.94 Orientation: -0.05 0.2106 -0.0268 0.9759 Time: 28564020831539
Position: 68.42 164.04 -897.7 Orientation: -0.0493 0.2099 -0.0273 0.976 Time: 28564237677557
Position: 68.74 174.44 -910.34 Orientation: -0.0395 0.2135 -0.0343 0.9755 Time: 28564423747053
Position: 70.21 185.03 -925.58 Orientation: -0.0305 0.2102 -0.0374 0.9764 Time: 28564640732796
Position: 73.15 196.08 -939.25 Orientation: -0.021 0.2025 -0.0426 0.9781 Time: 28564859724303
Position: 81.71 212.07 -955.56 Orientation: -0.0134 0.2009 -0.0389 0.9787 Time: 28565076697499
Position: 84.83 221.05 -969.41 Orientation: -0.0051 0.1809 -0.0397 0.9826 Time: 28565293692367
Position: 88.58 227.81 -984.2 Orientation: -0.0009 0.1634 -0.039 0.9857 Time: 28565511696675
Position: 91.92 234.9 -998.04 Orientation: 0.0037 0.1566 -0.038 0.9869 Time: 28565697673211
Position: 95.29 243.34 -1008.43 Orientation: 0.0074 0.1499 -0.0395 0.9878 Time: 28565914678915
Position: 98.17 253.74 -1023.82 Orientation: 0.0151 0.138 -0.0417 0.9894 Time: 28566132699191
Position: 103.11 261.88 -1035.84 Orientation: 0.0166 0.1338 -0.0378 0.9901 Time: 28566349722575
Position: 106.98 269.9 -1048.28 Orientation: 0.0114 0.1273 -0.0322 0.9912 Time: 28566566729419
Position: 108.84 281.65 -1060.7 Orientation: 0.0036 0.1185 -0.0294 0.9925 Time: 28566784687532
Position: 113.44 289.7 -1071.13 Orientation: 0.0007 0.1223 -0.026 0.9921 Time: 28567003722952
Position: 115.86 296.79 -1080.06 Orientation: -0.0022 0.122 -0.0234 0.9922 Time: 28567189681809
Position: 120.17 303.52 -1089.61 Orientation: -0.0074 0.1185 -0.0175 0.9927 Time: 28567407680414
Position: 128.23 312.4 -1107.14 Orientation: -0.0057 0.1229 -0.0116 0.9923 Time: 28567624672430
Position: 133.35 320.95 -1117.95 Orientation: -0.0084 0.12 -0.0108 0.9926 Time: 28567842644801
Position: 136.25 328.43 -1128.09 Orientation: -0.0073 0.1313 -0.0106 0.9912 Time: 28568060716406
Position: 139.22 324.23 -1138.81 Orientation: -0.0018 0.1314 -0.0046 0.9913 Time: 28568280643213
Position: 143.51 311.57 -1149.42 Orientation: 0.0093 0.1271 0.0026 0.9918 Time: 28568497647205
Position: 147.11 295.26 -1156.41 Orientation: 0.0184 0.1343 0.0126 0.9906 Time: 28568683643702
Position: 149.81 276.7 -1156.38 Orientation: 0.0251 0.1322 0.0189 0.9907 Time: 28568901670252
Position: 148.76 257.53 -1149.09 Orientation: 0.0285 0.1305 0.0211 0.9908 Time: 28569122698889
Position: 146.37 243.48 -1141.72 Orientation: 0.0293 0.1323 0.0227 0.9905 Time: 28569342676453
Position: 143.06 232.85 -1136.31 Orientation: 0.0299 0.1294 0.0225 0.9908 Time: 28569534651460
Position: 138.41 224.98 -1130.3 Orientation: 0.0289 0.1277 0.0199 0.9911 Time: 28569760653729
Position: 133.4 217.85 -1120.05 Orientation: 0.027 0.1258 0.0161 0.9915 Time: 28569984616586
Position: 128.12 210.39 -1108.61 Orientation: 0.0237 0.125 0.0151 0.9917 Time: 28570176626952
Position: 122.38 200.6 -1095.83 Orientation: 0.021 0.1297 0.0145 0.9912 Time: 28570401583851
Position: 116.55 185.33 -1083.04 Orientation: 0.0211 0.1272 0.0141 0.9915 Time: 28570625603169
Position: 109.97 175.36 -1070.55 Orientation: 0.0174 0.131 0.0141 0.9911 Time: 28570850643332
Position: 105.75 166.59 -1058 Orientation: 0.0149 0.132 0.0125 0.991 Time: 28571045644379
Position: 99.34 152.42 -1042.79 Orientation: 0.0151 0.1314 0.0113 0.9911 Time: 28571269649439
Position: 93.54 142.65 -1034.82 Orientation: 0.0136 0.1336 0.0101 0.9908 Time: 28571461608477
Position: 85.67 127.41 -1020.21 Orientation: 0.0058 0.1385 0.0109 0.9902 Time: 28571685671138
Position: 80.25 116.37 -1007.19 Orientation: 0.0037 0.1333 0.0083 0.991 Time: 28571877630746
Position: 78.83 105.89 -994.04 Orientation: 0.0024 0.1336 0.007 0.991 Time: 28572101631814
Position: 75.74 94.46 -981.69 Orientation: 0.002 0.1283 0.0036 0.9917 Time: 28572294604285
Position: 73.24 79.41 -965.87 Orientation: -0.0008 0.133 0.004 0.9911 Time: 28572518613337
Position: 70.71 69.11 -956.9 Orientation: -0.0022 0.1382 0.0059 0.9903 Time: 28572710605453
Position: 64.65 51.76 -941.62 Orientation: -0.0043 0.1392 0.0063 0.9902 Time: 28572935627367
Position: 61.33 40.07 -931.75 Orientation: -0.0032 0.1437 0.0054 0.9895 Time: 28573159579388
Position: 63.28 29.11 -921.34 Orientation: -0.0027 0.1433 0.0069 0.9896 Time: 28573351629105
Position: 63.2 14.28 -916.14 Orientation: 0.002 0.1382 0.008 0.9903 Time: 28573575667813
Position: 63.33 0.84 -918.77 Orientation: 0.0102 0.1364 0.0116 0.9905 Time: 28573800530611
Position: 65.84 -10.89 -927.68 Orientation: 0.0191 0.1363 0.0176 0.9903 Time: 28573994612896
Position: 74.48 -20.51 -944.37 Orientation: 0.0321 0.1398 0.0266 0.9892 Time: 28574220124702
Position: 78.68 -22.54 -959.28 Orientation: 0.0387 0.1417 0.0294 0.9887 Time: 28574443564019
Position: 81.79 -20.4 -972.74 Orientation: 0.0431 0.139 0.0288 0.9889 Time: 28574634556961
Position: 87.34 -15.38 -982.1 Orientation: 0.0428 0.1371 0.0285 0.9892 Time: 28574824555860
Position: 97.58 -8.68 -990.29 Orientation: 0.0436 0.1427 0.0309 0.9883 Time: 28575045579364
Position: 103.09 1.6 -999.47 Orientation: 0.0438 0.1459 0.0321 0.9877 Time: 28575248616582
Position: 111.83 15.36 -1013.75 Orientation: 0.0462 0.1495 0.0366 0.9869 Time: 28575471544335
Position: 120.97 24.67 -1019.52 Orientation: 0.0462 0.148 0.0389 0.9871 Time: 28575658541718
Position: 132.18 41.96 -1031.83 Orientation: 0.047 0.1468 0.04 0.9872 Time: 28575876527776
Position: 135.59 55.83 -1044.7 Orientation: 0.0494 0.1471 0.0402 0.987 Time: 28576094515545
Position: 138.96 68.03 -1055.14 Orientation: 0.0498 0.14 0.04 0.988 Time: 28576281580224
Position: 141.69 78.44 -1065.02 Orientation: 0.0502 0.1425 0.0402 0.9876 Time: 28576498606459
Position: 142.1 89.29 -1079.69 Orientation: 0.0542 0.1374 0.0385 0.9882 Time: 28576715528898
Position: 142.48 97.93 -1091.9 Orientation: 0.0558 0.1388 0.0389 0.9879 Time: 28576932535172
Position: 143.54 106.65 -1103.39 Orientation: 0.0583 0.1382 0.0363 0.988 Time: 28577149581367
Position: 147.81 115.41 -1114.99 Orientation: 0.0586 0.1386 0.0374 0.9878 Time: 28577335530529
Position: 151.63 123.9 -1129.53 Orientation: 0.065 0.1423 0.0377 0.9869 Time: 28577553557649
Position: 153.01 136.93 -1145.41 Orientation: 0.0682 0.1367 0.035 0.9876 Time: 28577770553087
Position: 154.1 145.53 -1159.4 Orientation: 0.0706 0.1328 0.0334 0.988 Time: 28577987549666
Position: 156.87 152.41 -1174.84 Orientation: 0.075 0.1319 0.0345 0.9878 Time: 28578204589018
Position: 163.76 160.09 -1192.36 Orientation: 0.078 0.1316 0.0358 0.9875 Time: 28578422538006
Position: 169.36 167.04 -1205.21 Orientation: 0.083 0.1316 0.0367 0.9871 Time: 28578640574251
Position: 177.48 168.79 -1221.29 Orientation: 0.089 0.1303 0.0419 0.9865 Time: 28578857490987
Position: 181.58 166.7 -1232.93 Orientation: 0.0966 0.129 0.0448 0.9858 Time: 28579043554210
Position: 186.94 157.86 -1244.02 Orientation: 0.1051 0.1333 0.0495 0.9842 Time: 28579261537987
Position: 188.9 148.15 -1248.18 Orientation: 0.1112 0.1359 0.0528 0.983 Time: 28579478529433
Position: 191.5 135.31 -1249.41 Orientation: 0.1174 0.1348 0.0562 0.9822 Time: 28579695512325
Position: 192.19 121.64 -1248.5 Orientation: 0.122 0.1353 0.0598 0.9814 Time: 28579881483728
Position: 189.99 109.59 -1242.2 Orientation: 0.1216 0.1372 0.0601 0.9812 Time: 28580098552736
Position: 186.5 95.26 -1232.27 Orientation: 0.12 0.1396 0.0583 0.9811 Time: 28580316497732
Position: 182.05 85.09 -1224.05 Orientation: 0.118 0.1395 0.056 0.9815 Time: 28580534520290
Position: 175.83 75.2 -1212.56 Orientation: 0.1127 0.139 0.052 0.9824 Time: 28580751475237
Position: 169.81 61.83 -1200.47 Orientation: 0.1139 0.137 0.0505 0.9826 Time: 28580968464401
Position: 165.28 51.72 -1189.4 Orientation: 0.1118 0.1373 0.0523 0.9827 Time: 28581185446722
Position: 158.86 37.1 -1176.82 Orientation: 0.1095 0.1366 0.0535 0.983 Time: 28581403466999
Position: 154.29 27.12 -1170.91 Orientation: 0.1078 0.137 0.0535 0.9832 Time: 28581589452660
Position: 142.68 11.28 -1159.81 Orientation: 0.1082 0.1312 0.0482 0.9842 Time: 28581806469770
Position: 136.72 -1.25 -1148.59 Orientation: 0.1045 0.1337 0.0481 0.9843 Time: 28582023532504
Position: 134.28 -15.3 -1136.22 Orientation: 0.1011 0.1338 0.0489 0.9846 Time: 28582241471798
Position: 130.11 -31.66 -1124.13 Orientation: 0.1006 0.1325 0.0466 0.9849 Time: 28582458453548
Position: 128.37 -40.95 -1114.87 Orientation: 0.0978 0.1326 0.0466 0.9852 Time: 28582645476025
Position: 124.63 -57.21 -1099.13 Orientation: 0.0978 0.1362 0.0452 0.9847 Time: 28582862480588
Position: 120.75 -70.98 -1085.37 Orientation: 0.0967 0.1432 0.0454 0.9838 Time: 28583080454099
Position: 113.38 -83.12 -1074.54 Orientation: 0.0953 0.1457 0.0432 0.9837 Time: 28583267541590
Position: 110.6 -94.13 -1062.68 Orientation: 0.0939 0.1495 0.0431 0.9833 Time: 28583487475241
Position: 109.93 -111.51 -1053.63 Orientation: 0.0972 0.1525 0.0449 0.9824 Time: 28583704456992
Position: 108.8 -125.42 -1052 Orientation: 0.1003 0.1556 0.0472 0.9815 Time: 28583921471820
Position: 105.23 -139.64 -1056.26 Orientation: 0.1041 0.1554 0.0464 0.9812 Time: 28584139417387
Position: 110.49 -151.05 -1063.03 Orientation: 0.112 0.1575 0.0543 0.9796 Time: 28584326460394
Position: 120.48 -159.93 -1069.66 Orientation: 0.1195 0.1623 0.0616 0.9775 Time: 28584543456403
Position: 131.48 -166.42 -1084.7 Orientation: 0.13 0.1694 0.0716 0.9742 Time: 28584760394810
Position: 143.2 -163.8 -1100.67 Orientation: 0.1335 0.1674 0.0796 0.9735 Time: 28584977439295
Position: 153.24 -160.88 -1114.16 Orientation: 0.1412 0.1656 0.083 0.9724 Time: 28585194405647
Position: 165.9 -154.18 -1130.36 Orientation: 0.1455 0.168 0.0896 0.9708 Time: 28585411395953
Position: 173.66 -147.14 -1140.75 Orientation: 0.1453 0.1807 0.0948 0.968 Time: 28585629461854
Position: 179.51 -137.33 -1150.36 Orientation: 0.1475 0.1756 0.0923 0.9689 Time: 28585846452729
Position: 185.78 -126.83 -1163.21 Orientation: 0.1485 0.169 0.0893 0.9702 Time: 28586065456212
Position: 188.93 -119.3 -1173.1 Orientation: 0.1497 0.1752 0.0923 0.9686 Time: 28586283470786
Position: 193.23 -108.59 -1190.92 Orientation: 0.1551 0.1683 0.0928 0.969 Time: 28586501448290
Position: 198.38 -97.61 -1201.57 Orientation: 0.1548 0.1667 0.0923 0.9693 Time: 28586721426994
Position: 203.07 -86.1 -1211.57 Orientation: 0.1552 0.1757 0.0964 0.9673 Time: 28586939387959
Position: 209.39 -74.74 -1221.49 Orientation: 0.1564 0.1648 0.0963 0.969 Time: 28587129385148
Position: 213.14 -60.09 -1235.09 Orientation: 0.1598 0.1606 0.0939 0.9694 Time: 28587353474042
Position: 213.94 -52.25 -1244.72 Orientation: 0.164 0.1597 0.0937 0.9689 Time: 28587545378902
Position: 214.98 -39.88 -1260.68 Orientation: 0.1665 0.1563 0.0934 0.969 Time: 28587770446440
Position: 211.89 -30.78 -1272.5 Orientation: 0.1704 0.1566 0.0944 0.9682 Time: 28587962412322
Position: 214.39 -23.58 -1284.46 Orientation: 0.1758 0.1549 0.0973 0.9672 Time: 28588187423400
Position: 219.68 -15.73 -1296.88 Orientation: 0.1818 0.1614 0.1055 0.9642 Time: 28588379390423
Position: 219.4 -7.84 -1309.13 Orientation: 0.1631 0.191 0.1299 0.9591 Time: 28588603412592
Position: 218.3 1.13 -1320.42 Orientation: 0.1875 0.1449 0.1027 0.966 Time: 28588827405105
Position: 218.69 10.76 -1330.28 Orientation: 0.1947 0.1305 0.1007 0.9668 Time: 28589020400958
Position: 220.66 20.08 -1344.32 Orientation: 0.194 0.1431 0.1068 0.9645 Time: 28589244380925
Position: 225.62 26.88 -1367.31 Orientation: 0.2066 0.1348 0.1117 0.9625 Time: 28589468362032
Position: 229.08 31.73 -1387.67 Orientation: 0.2225 0.1221 0.1124 0.9606 Time: 28589695400545
Position: 234.37 29.25 -1397.38 Orientation: 0.22 0.1458 0.1262 0.9562 Time: 28589889392721
Position: 242.21 15.91 -1399.75 Orientation: 0.2257 0.1491 0.1354 0.9531 Time: 28590113363563
Position: 244.55 3.97 -1400.97 Orientation: 0.2298 0.152 0.1393 0.9511 Time: 28590339372675
Position: 245.49 -14.55 -1394.79 Orientation: 0.2082 0.0797 0.1048 0.9691 Time: 28590533363711
Position: 240.84 -37.66 -1384.4 Orientation: 0.2327 0.1259 0.1287 0.9557 Time: 28590757363638
Position: 235.38 -57.73 -1376.37 Orientation: 0.2287 0.1134 0.1218 0.9591 Time: 28590949358035
Position: 232.45 -76.6 -1365.22 Orientation: 0.2318 0.1187 0.1277 0.9569 Time: 28591174337177
Position: 229.11 -98.87 -1352.29 Orientation: 0.2224 0.1094 0.1235 0.9608 Time: 28591398373033
Position: 227.07 -110.85 -1344.18 Orientation: 0.2284 0.1403 0.1395 0.9532 Time: 28591591334097
Position: 229.76 -127.68 -1328.27 Orientation: 0.2231 0.1392 0.1389 0.9547 Time: 28591816342324
Position: 229.09 -139.59 -1312.51 Orientation: 0.224 0.1402 0.1361 0.9547 Time: 28592010358453
Position: 231.73 -151.02 -1301.26 Orientation: 0.2049 0.1164 0.1206 0.9642 Time: 28592232333227
Position: 229.49 -159.43 -1290.93 Orientation: 0.2143 0.1547 0.1393 0.9543 Time: 28592425322807
Position: 221.32 -169.76 -1282.07 Orientation: 0.2008 0.1176 0.1166 0.9655 Time: 28592647338642
Position: 220.49 -174.66 -1268.25 Orientation: 0.2018 0.1334 0.1196 0.9628 Time: 28592867336737
Position: 222.08 -174.91 -1258.18 Orientation: 0.1913 0.1365 0.1207 0.9644 Time: 28593086270642
Position: 228.1 -173.3 -1252.33 Orientation: 0.184 0.1683 0.1346 0.9589 Time: 28593305276977
Position: 237.89 -167.74 -1245.8 Orientation: 0.1758 0.1349 0.1172 0.968 Time: 28593525299595
Position: 240.21 -152.87 -1229.51 Orientation: 0.1634 0.1562 0.1221 0.9664 Time: 28593742369173
Position: 236.14 -138.87 -1217.09 Orientation: 0.1585 0.1469 0.1157 0.9694 Time: 28593959276214
Position: 236.76 -124.6 -1205.93 Orientation: 0.1505 0.1479 0.1143 0.9707 Time: 28594147275623
Position: 236.54 -109.7 -1192 Orientation: 0.1382 0.1502 0.1116 0.9725 Time: 28594364263077
Position: 235.95 -92.34 -1179.65 Orientation: 0.1355 0.1614 0.1108 0.9712 Time: 28594582271377
Position: 237 -70.45 -1165.02 Orientation: 0.1245 0.1592 0.1061 0.9735 Time: 28594799291909
Position: 236.16 -56.65 -1154.92 Orientation: 0.1199 0.159 0.1034 0.9744 Time: 28594985332319
Position: 230.14 -30.43 -1135.86 Orientation: 0.1083 0.1587 0.0966 0.9765 Time: 28595202274149
Position: 223.63 -8.23 -1117.53 Orientation: 0.0952 0.1623 0.0884 0.9781 Time: 28595419314641
Position: 219.77 12.21 -1100.44 Orientation: 0.0823 0.1659 0.0821 0.9792 Time: 28595636303235
Position: 215.89 33.29 -1082.5 Orientation: 0.0667 0.1663 0.0749 0.9809 Time: 28595855330671
Position: 213.63 48.56 -1069.25 Orientation: 0.055 0.1693 0.0688 0.9816 Time: 28596041257591
Position: 212.71 63.76 -1054.5 Orientation: 0.0439 0.1722 0.0635 0.982 Time: 28596258277552
Position: 212.87 77.26 -1041.03 Orientation: 0.033 0.1759 0.0595 0.982 Time: 28596475261584
Position: 209.95 96.11 -1024.63 Orientation: 0.0178 0.1786 0.0508 0.9824 Time: 28596693280150
Position: 206.91 110.34 -1011.33 Orientation: 0.0071 0.1822 0.0446 0.9822 Time: 28596910301822
Position: 201.73 121.17 -1002.69 Orientation: 0.0008 0.18 0.0395 0.9828 Time: 28597127264183
Position: 189.38 139.77 -989.06 Orientation: -0.0104 0.1769 0.0325 0.9836 Time: 28597344241371
Position: 177.53 160.6 -978.34 Orientation: -0.0234 0.176 0.0251 0.9837 Time: 28597561259621
Position: 164.12 180.46 -969.95 Orientation: -0.0333 0.1756 0.0152 0.9837 Time: 28597749246484
Position: 149.45 198.15 -964.77 Orientation: -0.0435 0.1807 0.0121 0.9824 Time: 28597966238500
Position: 127.72 215.57 -963.94 Orientation: -0.0539 0.1826 0.0077 0.9816 Time: 28598184268472
Position: 82.14 238.8 -969.56 Orientation: -0.0675 0.1688 -0.0098 0.9832 Time: 28598401258777
Position: 34.18 257.03 -977.21 Orientation: -0.0822 0.1649 -0.0208 0.9826 Time: 28598588258441
Position: -22.56 269.8 -990.3 Orientation: -0.0887 0.1604 -0.0293 0.9826 Time: 28598805245325
Position: -84.2 280.33 -1006.28 Orientation: -0.101 0.1556 -0.0339 0.982 Time: 28599022212818
Position: -153.47 288.75 -1015.9 Orientation: -0.12 0.1315 -0.0475 0.9828 Time: 28599239242474
Position: -192.99 287.45 -1023.49 Orientation: -0.1116 0.1277 -0.0551 0.9839 Time: 28599456261865
Position: -217.82 290.95 -1030.49 Orientation: -0.1119 0.13 -0.0539 0.9836 Time: 28599673216242
Position: -229.72 291.92 -1037.11 Orientation: -0.1081 0.1224 -0.0435 0.9856 Time: 28599859211598
Position: -238.63 291.71 -1042.64 Orientation: -0.0975 0.1261 -0.051 0.9858 Time: 28600076224145
Position: -247.04 290.59 -1049.62 Orientation: -0.0776 0.1144 -0.0359 0.9897 Time: 28600295217933
Position: -247.68 290.61 -1049.44 Orientation: -0.0897 0.1038 -0.031 0.99 Time: 28600513213687
Position: -247.6 290.87 -1049.5 Orientation: -0.0927 0.1037 -0.0327 0.9897 Time: 28600730206844
Position: -247.53 291.11 -1049.8 Orientation: -0.0958 0.1046 -0.0341 0.9892 Time: 28600947187454
Position: -247.55 291.13 -1049.88 Orientation: -0.0959 0.1059 -0.0338 0.9891 Time: 28601167203799
Position: -247.53 291.12 -1049.83 Orientation: -0.096 0.1048 -0.034 0.9892 Time: 28601385177881
Position: -247.53 291.12 -1049.82 Orientation: -0.0962 0.1044 -0.034 0.9892 Time: 28601603196446
Position: -247.53 291.12 -1049.84 Orientation: -0.0958 0.1051 -0.034 0.9892 Time: 28601789211193
Position: -247.56 291.12 -1049.87 Orientation: -0.0959 0.1063 -0.0339 0.9891 Time: 28602006211764
Position: -247.56 291.13 -1049.86 Orientation: -0.096 0.106 -0.0338 0.9891 Time: 28602223222030
Position: -247.54 291.12 -1049.8 Orientation: -0.0962 0.1041 -0.0341 0.9893 Time: 28602442190154
Position: -247.53 291.12 -1049.87 Orientation: -0.0954 0.1063 -0.0339 0.9891 Time: 28602629196662
Position: -247.52 291.12 -1049.83 Orientation: -0.0957 0.1043 -0.0341 0.9893 Time: 28602846153890
Position: -247.55 291.11 -1049.86 Orientation: -0.0956 0.1066 -0.0339 0.9891 Time: 28603063193811
Position: -247.5 291.1 -1049.8 Orientation: -0.0957 0.1053 -0.034 0.9892 Time: 28603282171060
Position: -247.57 291.13 -1049.88 Orientation: -0.0955 0.1059 -0.034 0.9891 Time: 28603499200717
Position: -247.56 291.12 -1049.88 Orientation: -0.0958 0.1062 -0.0338 0.9891 Time: 28603718179676
Position: -247.55 291.13 -1049.86 Orientation: -0.0956 0.1049 -0.034 0.9892 Time: 28603935124928
Position: -247.53 291.12 -1049.85 Orientation: -0.0955 0.1059 -0.034 0.9891 Time: 28604154145520
Position: -247.56 291.12 -1049.86 Orientation: -0.0953 0.1057 -0.034 0.9892 Time: 28604374140763
Position: -247.53 291.12 -1049.83 Orientation: -0.096 0.105 -0.034 0.9892 Time: 28604562149868
Position: -247.53 291.12 -1049.83 Orientation: -0.0962 0.1043 -0.034 0.9892 Time: 28604786183443
Position: -247.54 291.12 -1049.84 Orientation: -0.0963 0.1055 -0.0339 0.9891 Time: 28605009179633
Position: -247.53 291.12 -1049.84 Orientation: -0.0958 0.1043 -0.0341 0.9893 Time: 28605201160343
Position: -247.53 291.12 -1049.83 Orientation: -0.0954 0.1037 -0.0342 0.9894 Time: 28605426150890
Position: -247.56 291.12 -1049.88 Orientation: -0.0957 0.1061 -0.0339 0.9891 Time: 28605618097952
Position: -247.56 291.13 -1049.9 Orientation: -0.0957 0.1057 -0.0339 0.9891 Time: 28605844140142
Position: -247.55 291.12 -1049.87 Orientation: -0.0958 0.106 -0.0339 0.9891 Time: 28606068156037
Position: -247.54 291.13 -1049.84 Orientation: -0.0955 0.1041 -0.0342 0.9893 Time: 28606260143591
Position: -247.55 291.12 -1049.85 Orientation: -0.096 0.1071 -0.0337 0.989 Time: 28606485142693
Position: -247.54 291.14 -1049.88 Orientation: -0.0954 0.1033 -0.0343 0.9894 Time: 28606709108401
Position: -247.55 291.12 -1049.85 Orientation: -0.0952 0.1048 -0.0342 0.9893 Time: 28606933108899
Position: -247.56 291.12 -1049.87 Orientation: -0.0956 0.1069 -0.0338 0.989 Time: 28607126140111
Position: -247.55 291.12 -1049.87 Orientation: -0.096 0.106 -0.0338 0.9891 Time: 28607350083578
Position: -247.54 291.12 -1049.84 Orientation: -0.0958 0.106 -0.0339 0.9891 Time: 28607576164549
Position: -247.55 291.12 -1049.87 Orientation: -0.0958 0.1063 -0.0338 0.9891 Time: 28607800106304
Position: -247.54 291.13 -1049.85 Orientation: -0.0956 0.1043 -0.0341 0.9893 Time: 28608027105467
Position: -247.56 291.12 -1049.87 Orientation: -0.0959 0.1074 -0.0337 0.989 Time: 28608220205115
Position: -247.56 291.12 -1049.89 Orientation: -0.0957 0.1066 -0.0338 0.9891 Time: 28608444134325
Position: -247.54 291.11 -1049.82 Orientation: -0.0951 0.1055 -0.0341 0.9892 Time: 28608637207169
Position: -247.55 291.12 -1049.85 Orientation: -0.0957 0.1063 -0.0338 0.9891 Time: 28608862088218
Position: -247.52 291.1 -1049.79 Orientation: -0.0958 0.1035 -0.0342 0.9894 Time: 28609086106395
Position: -247.55 291.12 -1049.87 Orientation: -0.096 0.1061 -0.0338 0.9891 Time: 28609278084823
Position: -247.57 291.13 -1049.92 Orientation: -0.0961 0.1066 -0.0337 0.989 Time: 28609502060227
Position: -247.54 291.11 -1049.83 Orientation: -0.0961 0.1061 -0.0338 0.9891 Time: 28609694128764
Position: -247.55 291.12 -1049.88 Orientation: -0.0957 0.1061 -0.0339 0.9891 Time: 28609917026861
Position: -247.55 291.12 -1049.86 Orientation: -0.096 0.1051 -0.0339 0.9892 Time: 28610137129893
Position: -247.55 291.12 -1049.88 Orientation: -0.0955 0.1056 -0.034 0.9892 Time: 28610360066771
Position: -247.54 291.13 -1049.87 Orientation: -0.0958 0.1049 -0.034 0.9892 Time: 28610580073421
Position: -247.55 291.13 -1049.88 Orientation: -0.0955 0.1049 -0.0341 0.9892 Time: 28610799028998
Position: -247.55 291.13 -1049.87 Orientation: -0.0954 0.105 -0.0341 0.9892 Time: 28610986074286
Position: -247.54 291.12 -1049.85 Orientation: -0.096 0.1057 -0.0339 0.9891 Time: 28611205059519
Position: -247.54 291.11 -1049.84 Orientation: -0.0958 0.1054 -0.0339 0.9892 Time: 28611423111163
Position: -247.55 291.12 -1049.86 Orientation: -0.0957 0.1054 -0.034 0.9892 Time: 28611640046149
Position: -247.57 291.12 -1049.9 Orientation: -0.0955 0.1071 -0.0338 0.989 Time: 28611828072932
Position: -247.52 291.11 -1049.82 Orientation: -0.0956 0.1037 -0.0342 0.9894 Time: 28612045078636
Position: -247.56 291.12 -1049.87 Orientation: -0.0957 0.1066 -0.0338 0.989 Time: 28612262067801
Position: -247.54 291.12 -1049.85 Orientation: -0.0957 0.1046 -0.0341 0.9893 Time: 28612449037239
Position: -247.56 291.12 -1049.9 Orientation: -0.0953 0.1062 -0.0339 0.9891 Time: 28612666047505
Position: -247.54 291.11 -1049.83 Orientation: -0.0953 0.1054 -0.0341 0.9892 Time: 28612884042118
Position: -247.57 291.13 -1049.91 Orientation: -0.0951 0.1067 -0.0339 0.9891 Time: 28613102117144
Position: -247.54 291.11 -1049.83 Orientation: -0.0955 0.1053 -0.034 0.9892 Time: 28613320333035
