Position: 105.987 116.187 -1121.31 Orientation: -0.0465693 0.109306 -0.0500029 0.991657 Time: 40533867070021
Position: 105.997 116.193 -1121.31 Orientation: -0.0462015 0.108404 -0.050135 0.991766 Time: 40534097185540
Position: 106 116.187 -1121.32 Orientation: -0.0461678 0.108836 -0.0500679 0.991724 Time: 40534007385600
Position: 105.99 116.193 -1121.28 Orientation: -0.0463674 0.108468 -0.0501675 0.99175 Time: 40534251153197
Position: 105.98 116.187 -1121.33 Orientation: -0.0462017 0.109671 -0.0499352 0.991637 Time: 40534395136008
Position: 105.993 116.183 -1121.3 Orientation: -0.0460694 0.108873 -0.0500363 0.991726 Time: 40534538700406
Position: 106.003 116.183 -1121.28 Orientation: -0.0462697 0.108074 -0.0501367 0.991799 Time: 40534769074652
Position: 106.003 116.19 -1121.28 Orientation: -0.0461366 0.108074 -0.0501702 0.991804 Time: 40534676929440
Position: 105.997 116.19 -1121.31 Orientation: -0.0461709 0.108843 -0.0500379 0.991725 Time: 40534910722266
Position: 105.993 116.18 -1121.29 Orientation: -0.0462681 0.108403 -0.0501348 0.991763 Time: 40535052002225
Position: 105.99 116.183 -1121.31 Orientation: -0.0464686 0.108838 -0.0501021 0.991708 Time: 40535143829208
Position: 105.993 116.187 -1121.29 Orientation: -0.0461679 0.108503 -0.050068 0.99176 Time: 40535284906710
Position: 105.973 116.18 -1121.29 Orientation: -0.0462023 0.109539 -0.0499692 0.99165 Time: 40535425824528
Position: 105.993 116.183 -1121.28 Orientation: -0.0464346 0.108336 -0.0502013 0.99176 Time: 40535516639795
Position: 106.007 116.187 -1121.28 Orientation: -0.0462689 0.107905 -0.0502024 0.991814 Time: 40535672909762
Position: 105.997 116.19 -1121.3 Orientation: -0.0464698 0.109241 -0.0500367 0.991667 Time: 40535767400816
Position: 106.007 116.177 -1121.27 Orientation: -0.0462685 0.107971 -0.0502353 0.991805 Time: 40535906901433
Position: 105.993 116.18 -1121.27 Orientation: -0.0463362 0.108407 -0.0501031 0.991761 Time: 40536050568676
Position: 106 116.187 -1121.3 Orientation: -0.0464019 0.107871 -0.050302 0.991807 Time: 40536192979164
Position: 106.003 116.183 -1121.29 Orientation: -0.0462355 0.107905 -0.050269 0.991812 Time: 40536285258586
Position: 106 116.187 -1121.28 Orientation: -0.0464681 0.107937 -0.0502683 0.991798 Time: 40536484725126
Position: 105.997 116.187 -1121.3 Orientation: -0.0462032 0.108707 -0.0501034 0.991735 Time: 40536580160410
Position: 105.99 116.187 -1121.28 Orientation: -0.0464701 0.109508 -0.0499704 0.991641 Time: 40536719349642
Position: 105.993 116.187 -1121.31 Orientation: -0.0463348 0.109003 -0.0500682 0.991698 Time: 40536859070586
Position: 105.993 116.183 -1121.3 Orientation: -0.0462365 0.108707 -0.0500701 0.991735 Time: 40537002052326
Position: 105.983 116.183 -1121.3 Orientation: -0.046404 0.109443 -0.0499709 0.991651 Time: 40537093790532
Position: 105.983 116.19 -1121.32 Orientation: -0.0462697 0.109707 -0.0499033 0.991632 Time: 40537235611328
Position: 106.007 116.187 -1121.27 Orientation: -0.0462026 0.107173 -0.0503362 0.99189 Time: 40537373937503
Position: 105.987 116.187 -1121.32 Orientation: -0.0462031 0.109374 -0.0500033 0.991666 Time: 40537517027981
Position: 105.997 116.183 -1121.29 Orientation: -0.0461358 0.108239 -0.0501361 0.991787 Time: 40537654232752
Position: 106 116.183 -1121.27 Orientation: -0.0461032 0.108107 -0.0501701 0.991802 Time: 40537747629016
Position: 106.007 116.183 -1121.29 Orientation: -0.0461352 0.108071 -0.0501353 0.991806 Time: 40537888305976
Position: 105.99 116.183 -1121.29 Orientation: -0.0464357 0.109072 -0.0501025 0.991684 Time: 40538032794454
Position: 105.983 116.173 -1121.3 Orientation: -0.0466035 0.109408 -0.0500371 0.991642 Time: 40538122359620
Position: 105.987 116.187 -1121.29 Orientation: -0.0463034 0.108941 -0.0500703 0.991706 Time: 40538263333327
Position: 106.003 116.19 -1121.29 Orientation: -0.0463024 0.108139 -0.050236 0.991785 Time: 40538423092591
Position: 105.993 116.183 -1121.3 Orientation: -0.0464027 0.109373 -0.0500029 0.991657 Time: 40538562071762
Position: 106 116.18 -1121.3 Orientation: -0.0462354 0.108572 -0.0501689 0.991745 Time: 40538702979504
Position: 105.993 116.183 -1121.29 Orientation: -0.0462689 0.108839 -0.0501358 0.991716 Time: 40538792824688
Position: 105.997 116.177 -1121.28 Orientation: -0.0466026 0.108306 -0.0502028 0.991755 Time: 40538933749349
Position: 105.993 116.183 -1121.27 Orientation: -0.0463024 0.108506 -0.0501026 0.991752 Time: 40539037375120
Position: 105.997 116.183 -1121.27 Orientation: -0.0462356 0.108572 -0.0501024 0.991748 Time: 40539183027964
Position: 106 116.183 -1121.29 Orientation: -0.0465028 0.10864 -0.0501364 0.991726 Time: 40539325704403
Position: 106 116.187 -1121.27 Orientation: -0.0463355 0.108538 -0.0501356 0.991745 Time: 40539468145497
Position: 106 116.19 -1121.31 Orientation: -0.0462022 0.108939 -0.0500024 0.991714 Time: 40539557442811
Position: 106.01 116.187 -1121.26 Orientation: -0.0461692 0.107539 -0.0502695 0.991855 Time: 40539697569999
Position: 105.99 116.187 -1121.3 Orientation: -0.0464373 0.109109 -0.0500043 0.991685 Time: 40539840682339
Position: 105.98 116.187 -1121.33 Orientation: -0.0465354 0.110105 -0.0498689 0.991577 Time: 40539932195846
Position: 105.98 116.203 -1121.32 Orientation: -0.0463703 0.110175 -0.0498373 0.991578 Time: 40540072715973
Position: 106.01 116.177 -1121.26 Orientation: -0.0463711 0.107677 -0.0503049 0.991829 Time: 40540213653181
Position: 106.013 116.18 -1121.27 Orientation: -0.0465021 0.107438 -0.050369 0.991846 Time: 40540355812736
Position: 106.01 116.187 -1121.28 Orientation: -0.0462357 0.107872 -0.0502359 0.991818 Time: 40540494990181
Position: 106 116.19 -1121.31 Orientation: -0.0464033 0.108608 -0.0501035 0.991736 Time: 40540636779610
Position: 105.99 116.187 -1121.27 Orientation: -0.0464704 0.108809 -0.0500707 0.991713 Time: 40540727760456
Position: 106.003 116.183 -1121.28 Orientation: -0.0463707 0.107743 -0.0503377 0.99182 Time: 40540867647737
Position: 105.983 116.193 -1121.31 Orientation: -0.0461355 0.109639 -0.049869 0.991647 Time: 40541009308278
Position: 105.99 116.193 -1121.32 Orientation: -0.0461024 0.109272 -0.0499692 0.991684 Time: 40541102538965
Position: 105.99 116.183 -1121.3 Orientation: -0.0464359 0.109373 -0.0500361 0.991654 Time: 40541242701132
Position: 105.993 116.193 -1121.32 Orientation: -0.0459366 0.109508 -0.0498702 0.991671 Time: 40541384000101
Position: 105.993 116.193 -1121.32 Orientation: -0.0459358 0.109372 -0.0498693 0.991686 Time: 40541476500801
Position: 106.01 116.177 -1121.24 Orientation: -0.0464029 0.107707 -0.0502032 0.991829 Time: 40541619987639
Position: 106 116.19 -1121.3 Orientation: -0.0463363 0.108674 -0.0501366 0.99173 Time: 40541757314645
Position: 106.003 116.187 -1121.28 Orientation: -0.0463694 0.108073 -0.0502029 0.991791 Time: 40541899620197
Position: 105.997 116.19 -1121.31 Orientation: -0.0464029 0.10864 -0.0501698 0.991729 Time: 40541991153665
Position: 105.987 116.187 -1121.28 Orientation: -0.0462027 0.10914 -0.050003 0.991692 Time: 40542131745269
Position: 106.01 116.183 -1121.29 Orientation: -0.0465706 0.107709 -0.0503042 0.991816 Time: 40542276144210
Position: 106.003 116.19 -1121.32 Orientation: -0.0462028 0.108773 -0.0501031 0.991727 Time: 40542411990142
Position: 105.993 116.197 -1121.29 Orientation: -0.0460368 0.108408 -0.0501038 0.991775 Time: 40542555578493
Position: 105.997 116.187 -1121.29 Orientation: -0.0463035 0.108575 -0.0501704 0.991741 Time: 40542695707013
Position: 106.007 116.183 -1121.29 Orientation: -0.0462353 0.108305 -0.0501355 0.991776 Time: 40542836925760
Position: 105.99 116.19 -1121.29 Orientation: -0.0461691 0.109239 -0.049936 0.991686 Time: 40542926882913
Position: 106.007 116.187 -1121.29 Orientation: -0.0465035 0.108142 -0.0502372 0.991776 Time: 40543067200202
Position: 106.003 116.193 -1121.31 Orientation: -0.0461364 0.108441 -0.0501034 0.991767 Time: 40543210698826
Position: 106.003 116.19 -1121.3 Orientation: -0.0462359 0.108173 -0.0501694 0.991788 Time: 40543302154353
Position: 106.003 116.19 -1121.31 Orientation: -0.046069 0.108639 -0.0500692 0.99175 Time: 40543441942782
Position: 105.987 116.193 -1121.3 Orientation: -0.0462366 0.109341 -0.0499702 0.99167 Time: 40543584539949
Position: 105.997 116.193 -1121.3 Orientation: -0.0462693 0.108806 -0.0500362 0.991724 Time: 40543676473579
Position: 105.993 116.187 -1121.3 Orientation: -0.046002 0.108405 -0.0501022 0.991777 Time: 40543816737450
Position: 105.98 116.19 -1121.3 Orientation: -0.0464019 0.109871 -0.049902 0.991607 Time: 40543961546438
Position: 105.987 116.19 -1121.32 Orientation: -0.0461696 0.109774 -0.0498699 0.991631 Time: 40544050455566
Position: 106.007 116.19 -1121.32 Orientation: -0.0461354 0.108338 -0.0501023 0.991778 Time: 40544190934631
Position: 105.987 116.19 -1121.29 Orientation: -0.0464026 0.109739 -0.0499028 0.991622 Time: 40544333246837
Position: 105.997 116.183 -1121.28 Orientation: -0.0465039 0.108409 -0.0501709 0.99175 Time: 40544425461625
Position: 105.993 116.193 -1121.33 Orientation: -0.0465369 0.109108 -0.0500705 0.991677 Time: 40544564955209
Position: 106 116.187 -1121.3 Orientation: -0.0461353 0.108371 -0.0501021 0.991775 Time: 40544707169512
Position: 105.993 116.187 -1121.29 Orientation: -0.0463011 0.108769 -0.0501012 0.991723 Time: 40544798792708
Position: 105.98 116.19 -1121.33 Orientation: -0.0462017 0.109671 -0.0499352 0.991637 Time: 40544939973815
Position: 105.993 116.173 -1121.31 Orientation: -0.0464685 0.109171 -0.0500687 0.991673 Time: 40545082199715
Position: 105.993 116.18 -1121.3 Orientation: -0.0463704 0.109175 -0.0500373 0.991679 Time: 40545173713793
Position: 106 116.183 -1121.35 Orientation: -0.0458697 0.108607 -0.0500033 0.991766 Time: 40545313416297
Position: 105.99 116.19 -1121.32 Orientation: -0.0463366 0.109308 -0.0499702 0.991669 Time: 40545461534936
Position: 105.987 116.187 -1121.33 Orientation: -0.0462706 0.109543 -0.0498709 0.991651 Time: 40545551566419
Position: 105.993 116.187 -1121.32 Orientation: -0.0462693 0.109139 -0.0500028 0.991689 Time: 40545688640591
Position: 106 116.187 -1121.29 Orientation: -0.0461689 0.108972 -0.0499691 0.991714 Time: 40545831803117
Position: 105.997 116.19 -1121.35 Orientation: -0.0461699 0.109374 -0.0499702 0.99167 Time: 40545985065882
Position: 106.003 116.19 -1121.31 Orientation: -0.0462037 0.108609 -0.050104 0.991745 Time: 40546124585128
Position: 106 116.18 -1121.29 Orientation: -0.0462035 0.108642 -0.0501038 0.991742 Time: 40546207420730
Position: 106.003 116.187 -1121.3 Orientation: -0.0464028 0.10804 -0.050203 0.991793 Time: 40546343797613
Position: 106.007 116.18 -1121.28 Orientation: -0.0462699 0.108008 -0.0502035 0.991803 Time: 40546486778023
Position: 105.993 116.177 -1121.29 Orientation: -0.0464026 0.109073 -0.0500361 0.991689 Time: 40546618881633
