Position: -189.673 147.59 -985.163 Orientation: -0.147109 0.111774 -0.0598039 0.980963 Time: 41484170459269
Position: -189.677 147.587 -985.167 Orientation: -0.146939 0.112538 -0.0597357 0.980906 Time: 41484317488062
Position: -189.68 147.587 -985.18 Orientation: -0.147007 0.113272 -0.0596696 0.980815 Time: 41484421252987
Position: -189.67 147.59 -985.157 Orientation: -0.14701 0.111874 -0.0598041 0.980967 Time: 41484578727051
Position: -189.663 147.583 -985.123 Orientation: -0.147174 0.111539 -0.0598029 0.98098 Time: 41484720509826
Position: -189.68 147.587 -985.163 Orientation: -0.147039 0.113004 -0.0597024 0.980839 Time: 41484864233720
Position: -189.687 147.59 -985.183 Orientation: -0.147042 0.113107 -0.0597037 0.980827 Time: 41484957043523
Position: -189.653 147.587 -985.123 Orientation: -0.147082 0.110578 -0.0598395 0.981101 Time: 41485095239669
Position: -189.66 147.59 -985.133 Orientation: -0.146975 0.110806 -0.0598701 0.981089 Time: 41485198392470
Position: -189.673 147.587 -985.16 Orientation: -0.147006 0.112705 -0.059736 0.980876 Time: 41485360448340
Position: -189.677 147.59 -985.167 Orientation: -0.146974 0.112073 -0.0597698 0.980951 Time: 41485503311648
Position: -189.66 147.583 -985.12 Orientation: -0.14724 0.111172 -0.0598028 0.981012 Time: 41485594159042
Position: -189.66 147.587 -985.127 Orientation: -0.147145 0.111276 -0.0598382 0.981012 Time: 41485734536404
Position: -189.663 147.587 -985.13 Orientation: -0.147108 0.11154 -0.0598367 0.980988 Time: 41485880995085
Position: -189.67 147.59 -985.147 Orientation: -0.147241 0.112039 -0.0597696 0.980915 Time: 41485970887034
Position: -189.677 147.59 -985.157 Orientation: -0.147209 0.11264 -0.0596702 0.980857 Time: 41486109711463
Position: -189.673 147.59 -985.167 Orientation: -0.146945 0.111842 -0.0598381 0.980978 Time: 41486253711002
Position: -189.66 147.59 -985.12 Orientation: -0.147173 0.110938 -0.0599026 0.981043 Time: 41486343145188
Position: -189.677 147.587 -985.173 Orientation: -0.146813 0.112843 -0.059772 0.980887 Time: 41486486061534
Position: -189.68 147.587 -985.18 Orientation: -0.147079 0.112876 -0.0596717 0.98085 Time: 41486626486610
Position: -189.677 147.59 -985.157 Orientation: -0.147173 0.112772 -0.059736 0.980844 Time: 41486766368759
Position: -189.663 147.58 -985.14 Orientation: -0.146974 0.111772 -0.0598031 0.980984 Time: 41486857697869
Position: -189.67 147.583 -985.14 Orientation: -0.147074 0.111672 -0.0598029 0.98098 Time: 41487045862924
Position: -189.677 147.59 -985.163 Orientation: -0.147002 0.111768 -0.0597676 0.980982 Time: 41487138255077
Position: -189.673 147.59 -985.16 Orientation: -0.147145 0.111909 -0.0597714 0.980945 Time: 41487279920750
Position: -189.667 147.587 -985.14 Orientation: -0.147211 0.112175 -0.059771 0.980904 Time: 41487425300230
Position: -189.67 147.597 -985.15 Orientation: -0.147375 0.112139 -0.0597365 0.980886 Time: 41487546648515
Position: -189.677 147.593 -985.157 Orientation: -0.14711 0.112041 -0.0597708 0.980935 Time: 41487636674485
Position: -189.677 147.593 -985.163 Orientation: -0.147146 0.112476 -0.0597051 0.980884 Time: 41487776588951
Position: -189.673 147.59 -985.163 Orientation: -0.147076 0.112107 -0.0598371 0.980928 Time: 41487918143795
Position: -189.673 147.593 -985.177 Orientation: -0.147145 0.111909 -0.0598046 0.980943 Time: 41488009998724
Position: -189.673 147.593 -985.157 Orientation: -0.147109 0.11214 -0.0597701 0.980924 Time: 41488150905705
Position: -189.687 147.59 -985.19 Orientation: -0.147047 0.112844 -0.0597054 0.980856 Time: 41488294546905
Position: -189.68 147.593 -985.18 Orientation: -0.146941 0.112739 -0.0597363 0.980882 Time: 41488384811451
Position: -189.677 147.59 -985.157 Orientation: -0.146907 0.112139 -0.0598696 0.980948 Time: 41488525438604
Position: -189.677 147.59 -985.167 Orientation: -0.147246 0.11231 -0.0597718 0.980884 Time: 41488669376171
Position: -189.693 147.593 -985.21 Orientation: -0.146943 0.113807 -0.0596373 0.980765 Time: 41488759140752
Position: -189.683 147.59 -985.17 Orientation: -0.147543 0.113008 -0.0596374 0.980767 Time: 41488902883465
Position: -189.667 147.593 -985.153 Orientation: -0.146842 0.11154 -0.0598371 0.981028 Time: 41489074391901
Position: -189.68 147.59 -985.163 Orientation: -0.146809 0.112507 -0.0598035 0.980925 Time: 41489215357243
Position: -189.683 147.597 -985.177 Orientation: -0.14708 0.11251 -0.0597387 0.980888 Time: 41489305468378
Position: -189.673 147.59 -985.163 Orientation: -0.146974 0.112072 -0.059803 0.98095 Time: 41489446476873
Position: -189.677 147.587 -985.153 Orientation: -0.147309 0.113074 -0.059637 0.980794 Time: 41489588256417
Position: -189.673 147.587 -985.143 Orientation: -0.147243 0.111907 -0.0598037 0.980928 Time: 41489706867062
Position: -189.673 147.583 -985.147 Orientation: -0.147178 0.112175 -0.0597713 0.980909 Time: 41489824282925
Position: -189.68 147.59 -985.157 Orientation: -0.146977 0.112541 -0.0597374 0.9809 Time: 41489968737566
Position: -189.687 147.59 -985.17 Orientation: -0.14698 0.112943 -0.0597386 0.980853 Time: 41490058596627
Position: -189.69 147.59 -985.19 Orientation: -0.147046 0.112843 -0.0597387 0.980854 Time: 41490198842819
Position: -189.677 147.587 -985.15 Orientation: -0.146907 0.112472 -0.0598029 0.980914 Time: 41490342906802
Position: -189.677 147.59 -985.163 Orientation: -0.146973 0.112438 -0.0597693 0.98091 Time: 41490432778029
Position: -189.677 147.59 -985.153 Orientation: -0.147111 0.112275 -0.0597712 0.980908 Time: 41490572046153
Position: -189.68 147.593 -985.187 Orientation: -0.147104 0.112437 -0.0597017 0.980895 Time: 41490717357767
Position: -189.683 147.597 -985.18 Orientation: -0.147009 0.112273 -0.0597701 0.980923 Time: 41490806719905
Position: -189.677 147.59 -985.167 Orientation: -0.146976 0.11194 -0.0598371 0.980962 Time: 41490947597611
Position: -189.68 147.583 -985.157 Orientation: -0.147013 0.112277 -0.0597721 0.980922 Time: 41491089456047
Position: -189.673 147.58 -985.153 Orientation: -0.147075 0.112473 -0.0597701 0.980891 Time: 41491243601829
Position: -189.677 147.58 -985.16 Orientation: -0.147174 0.112406 -0.0597365 0.980885 Time: 41491337983195
Position: -189.67 147.587 -985.15 Orientation: -0.147243 0.112207 -0.0597373 0.980898 Time: 41491477618783
Position: -189.683 147.583 -985.183 Orientation: -0.146945 0.113409 -0.0596712 0.980808 Time: 41491620355484
Position: -189.683 147.583 -985.18 Orientation: -0.146942 0.112973 -0.0597035 0.980857 Time: 41491711637829
Position: -189.673 147.59 -985.157 Orientation: -0.14708 0.11191 -0.059772 0.980954 Time: 41491852597848
Position: -189.67 147.583 -985.143 Orientation: -0.147076 0.11184 -0.0598037 0.980961 Time: 41491993200859
Position: -189.687 147.593 -985.187 Orientation: -0.146941 0.112739 -0.0597363 0.980882 Time: 41492085935953
Position: -189.683 147.587 -985.173 Orientation: -0.146946 0.11301 -0.0597052 0.980852 Time: 41492225996987
Position: -189.687 147.587 -985.18 Orientation: -0.146745 0.112709 -0.0597715 0.980913 Time: 41492330291532
Position: -189.677 147.583 -985.157 Orientation: -0.147014 0.112544 -0.0597722 0.980891 Time: 41492475999886
Position: -189.673 147.587 -985.143 Orientation: -0.147377 0.112608 -0.0597041 0.980834 Time: 41492618150126
Position: -189.677 147.59 -985.177 Orientation: -0.147007 0.112072 -0.0598027 0.980945 Time: 41492710439624
Position: -189.69 147.587 -985.177 Orientation: -0.147006 0.113338 -0.0596359 0.980809 Time: 41492850851584
Position: -189.68 147.583 -985.157 Orientation: -0.147239 0.112438 -0.0597689 0.98087 Time: 41492995306604
Position: -189.67 147.59 -985.157 Orientation: -0.147176 0.11204 -0.059737 0.980927 Time: 41493146005100
Position: -189.67 147.59 -985.143 Orientation: -0.14711 0.111741 -0.0597709 0.980969 Time: 41493240652607
Position: -189.68 147.587 -985.177 Orientation: -0.146944 0.112541 -0.0597377 0.980904 Time: 41493380812493
Position: -189.683 147.59 -985.18 Orientation: -0.146876 0.112707 -0.0597703 0.980894 Time: 41493524101626
Position: -189.69 147.59 -985.197 Orientation: -0.146842 0.113073 -0.0597369 0.980858 Time: 41493615245958
Position: -189.683 147.587 -985.19 Orientation: -0.147005 0.112771 -0.0597355 0.980869 Time: 41493754996367
Position: -189.68 147.587 -985.17 Orientation: -0.146877 0.112308 -0.0598043 0.980937 Time: 41493899687302
Position: -189.68 147.587 -985.173 Orientation: -0.146878 0.112575 -0.0597712 0.980908 Time: 41493989182131
Position: -189.677 147.587 -985.177 Orientation: -0.147071 0.112137 -0.0598017 0.980928 Time: 41494129282516
Position: -189.677 147.587 -985.177 Orientation: -0.14684 0.112338 -0.059736 0.980943 Time: 41494274447942
Position: -189.67 147.587 -985.147 Orientation: -0.146944 0.111908 -0.0598044 0.980973 Time: 41494443552555
Position: -189.67 147.583 -985.133 Orientation: -0.146909 0.111774 -0.0598037 0.980993 Time: 41494535282777
Position: -189.683 147.58 -985.16 Orientation: -0.14691 0.112941 -0.059704 0.980866 Time: 41494675491519
Position: -189.68 147.58 -985.15 Orientation: -0.146906 0.112871 -0.0597357 0.980872 Time: 41494817988692
Position: -189.677 147.58 -985.143 Orientation: -0.146944 0.112808 -0.0597378 0.980874 Time: 41494909145191
Position: -189.677 147.587 -985.157 Orientation: -0.147209 0.112274 -0.0597371 0.980895 Time: 41495050084870
Position: -189.67 147.583 -985.13 Orientation: -0.147073 0.111738 -0.0598024 0.980973 Time: 41495194780177
Position: -189.677 147.587 -985.16 Orientation: -0.146841 0.112206 -0.0598033 0.980954 Time: 41495283890242
Position: -189.673 147.58 -985.14 Orientation: -0.14681 0.112474 -0.0597705 0.98093 Time: 41495425041503
Position: -189.677 147.587 -985.147 Orientation: -0.147073 0.112605 -0.059736 0.980878 Time: 41495569393489
Position: -189.687 147.583 -985.18 Orientation: -0.147073 0.113205 -0.0597027 0.980811 Time: 41495656856331
Position: -189.68 147.593 -985.197 Orientation: -0.146943 0.111974 -0.059804 0.980965 Time: 41495797994475
Position: -189.683 147.59 -985.193 Orientation: -0.14691 0.112607 -0.0598039 0.980898 Time: 41495937319629
Position: -189.673 147.583 -985.163 Orientation: -0.147373 0.112538 -0.0597358 0.980841 Time: 41496041334346
Position: -189.69 147.583 -985.187 Orientation: -0.147039 0.113037 -0.0597021 0.980835 Time: 41496188019628
Position: -189.687 147.58 -985.173 Orientation: -0.147076 0.113041 -0.0596706 0.980831 Time: 41496327865087
Position: -189.667 147.587 -985.147 Orientation: -0.147116 0.111979 -0.0598064 0.980939 Time: 41496500813535
Position: -189.68 147.59 -985.183 Orientation: -0.147014 0.112811 -0.0597392 0.980863 Time: 41496592475131
Position: -189.677 147.59 -985.177 Orientation: -0.147046 0.112243 -0.059772 0.980921 Time: 41496736638346
Position: -189.677 147.59 -985.177 Orientation: -0.147045 0.112309 -0.0597716 0.980914 Time: 41496876846898
Position: -189.68 147.59 -985.18 Orientation: -0.146909 0.112374 -0.0597371 0.980929 Time: 41497015508221
Position: -189.673 147.587 -985.167 Orientation: -0.146877 0.112041 -0.0597709 0.98097 Time: 41497107772245
Position: -189.677 147.587 -985.16 Orientation: -0.146941 0.112139 -0.0597697 0.980949 Time: 41497247800012
Position: -189.677 147.587 -985.153 Orientation: -0.147174 0.112439 -0.0597363 0.980882 Time: 41497393138050
Position: -189.673 147.583 -985.15 Orientation: -0.147071 0.112437 -0.0597684 0.980895 Time: 41497482702455
Position: -189.69 147.587 -985.18 Orientation: -0.146778 0.113309 -0.0597379 0.980841 Time: 41497623192736
Position: -189.677 147.583 -985.163 Orientation: -0.147078 0.112342 -0.0597378 0.980907 Time: 41497766630338
Position: -189.673 147.587 -985.16 Orientation: -0.147143 0.112008 -0.0597707 0.980934 Time: 41497856702882
Position: -189.677 147.593 -985.177 Orientation: -0.147143 0.112608 -0.0597374 0.980867 Time: 41497996883489
Position: -189.673 147.59 -985.157 Orientation: -0.147208 0.11234 -0.0597034 0.98089 Time: 41498140841396
Position: -189.68 147.59 -985.163 Orientation: -0.147038 0.11247 -0.0597685 0.980897 Time: 41498230837330
Position: -189.687 147.583 -985.183 Orientation: -0.147043 0.113074 -0.0597371 0.980828 Time: 41498372460421
Position: -189.69 147.587 -985.187 Orientation: -0.146946 0.11331 -0.0597383 0.980816 Time: 41498511700790
Position: -189.673 147.583 -985.143 Orientation: -0.147077 0.112374 -0.059804 0.9809 Time: 41498654258035
Position: -189.67 147.587 -985.157 Orientation: -0.147106 0.111972 -0.0597693 0.980943 Time: 41498755440443
Position: -189.677 147.59 -985.167 Orientation: -0.147038 0.112503 -0.0597351 0.980895 Time: 41498901792477
Position: -189.663 147.587 -985.137 Orientation: -0.146944 0.111008 -0.0599042 0.981069 Time: 41499045846385
Position: -189.663 147.587 -985.13 Orientation: -0.147113 0.111243 -0.0598387 0.981021 Time: 41499135082487
Position: -189.687 147.587 -985.193 Orientation: -0.146875 0.11334 -0.0597368 0.980823 Time: 41499322233545
Position: -189.683 147.587 -985.17 Orientation: -0.146842 0.11244 -0.0598037 0.980927 Time: 41499416074645
Position: -189.683 147.59 -985.177 Orientation: -0.146845 0.112942 -0.0597046 0.980875 Time: 41499556600284
Position: -189.677 147.587 -985.16 Orientation: -0.146806 0.112672 -0.059736 0.98091 Time: 41499699957473
Position: -189.673 147.587 -985.15 Orientation: -0.146911 0.112275 -0.059771 0.980938 Time: 41499791058462
Position: -189.677 147.59 -985.167 Orientation: -0.147106 0.112571 -0.0597692 0.980875 Time: 41499931216448
Position: -189.657 147.587 -985.127 Orientation: -0.147111 0.111042 -0.0598713 0.981042 Time: 41500074439235
Position: -189.67 147.587 -985.15 Orientation: -0.147144 0.112275 -0.0597709 0.980903 Time: 41500165331114
Position: -189.667 147.59 -985.15 Orientation: -0.146944 0.111641 -0.0598043 0.981003 Time: 41500305992866
Position: -189.677 147.59 -985.167 Orientation: -0.147378 0.112242 -0.0597046 0.980876 Time: 41500449326862
Position: -189.687 147.597 -985.19 Orientation: -0.146846 0.112843 -0.0597717 0.980882 Time: 41500538215840
Position: -189.677 147.59 -985.143 Orientation: -0.147112 0.112209 -0.0597716 0.980915 Time: 41500680317984
Position: -189.677 147.587 -985.16 Orientation: -0.146875 0.112107 -0.0598369 0.980958 Time: 41500850475945
Position: -189.677 147.583 -985.157 Orientation: -0.146972 0.112204 -0.0597689 0.980937 Time: 41500945110525
Position: -189.683 147.59 -985.167 Orientation: -0.147005 0.112804 -0.0597353 0.980865 Time: 41501084885267
Position: -189.693 147.59 -985.163 Orientation: -0.147017 0.112946 -0.0597402 0.980847 Time: 41501228558213
Position: -189.69 147.59 -985.163 Orientation: -0.147077 0.112975 -0.0597043 0.980837 Time: 41501319293258
Position: -189.673 147.59 -985.147 Orientation: -0.147074 0.111639 -0.0598363 0.980982 Time: 41501459924784
Position: -189.687 147.59 -985.173 Orientation: -0.147045 0.112609 -0.0597715 0.980879 Time: 41501563036903
Position: -189.683 147.59 -985.163 Orientation: -0.147208 0.11294 -0.0596701 0.980823 Time: 41501709362894
Position: -189.683 147.597 -985.167 Orientation: -0.147108 0.111839 -0.0598366 0.980954 Time: 41501851431201
Position: -189.68 147.58 -985.153 Orientation: -0.147041 0.112606 -0.0597363 0.980883 Time: 41501976749548
Position: -189.677 147.58 -985.157 Orientation: -0.14721 0.112241 -0.0597705 0.980897 Time: 41502118369597
Position: -189.68 147.577 -985.17 Orientation: -0.147177 0.112241 -0.0597376 0.980904 Time: 41502208123723
Position: -189.693 147.583 -985.207 Orientation: -0.146908 0.113306 -0.0597367 0.980822 Time: 41502349795099
Position: -189.667 147.58 -985.127 Orientation: -0.147007 0.111105 -0.059903 0.981048 Time: 41502493755668
Position: -189.677 147.577 -985.167 Orientation: -0.147141 0.112139 -0.0597698 0.980919 Time: 41502583762817
Position: -189.68 147.58 -985.16 Orientation: -0.147039 0.112071 -0.0598024 0.98094 Time: 41502723813966
Position: -189.677 147.58 -985.153 Orientation: -0.146909 0.11174 -0.0598371 0.980995 Time: 41502867026678
Position: -189.68 147.587 -985.16 Orientation: -0.147046 0.112576 -0.0597385 0.980885 Time: 41502957222408
Position: -189.663 147.587 -985.137 Orientation: -0.147177 0.111608 -0.0598376 0.98097 Time: 41503098616428
