Position: -126.13 200.793 -1008.86 Orientation: -0.444253 0.113914 -0.205658 0.864504 Time: 41623261199067
Position: -125.437 195.76 -1005.6 Orientation: -0.443877 0.117354 -0.216638 0.86155 Time: 41623351033035
Position: -126.42 191.423 -1001.65 Orientation: -0.429471 0.121944 -0.246655 0.860143 Time: 41623492378008
Position: -132.18 198.063 -1002.58 Orientation: -0.447234 0.119342 -0.242518 0.852598 Time: 41623633785145
Position: -136.65 201.61 -1003.12 Orientation: -0.457743 0.125712 -0.241356 0.846413 Time: 41623725561941
Position: -141.55 207.533 -1003.22 Orientation: -0.469402 0.13261 -0.240352 0.83923 Time: 41623866194798
Position: -145.953 210.547 -1006.49 Orientation: -0.474561 0.152353 -0.245532 0.831441 Time: 41624009836187
Position: -149.8 209.24 -1009.04 Orientation: -0.464256 0.161219 -0.247263 0.835067 Time: 41624099489940
Position: -150.05 208.947 -1007.45 Orientation: -0.465655 0.158052 -0.245096 0.835532 Time: 41624239546031
Position: -149.573 207.057 -1006.15 Orientation: -0.471473 0.139445 -0.23562 0.838303 Time: 41624385788188
Position: -149.14 202.463 -1007.05 Orientation: -0.468344 0.13998 -0.235455 0.840012 Time: 41624474550939
Position: -152.473 199.537 -1008.62 Orientation: -0.462313 0.137014 -0.23599 0.843684 Time: 41624615329792
Position: -152.463 196.303 -1009.4 Orientation: -0.455236 0.141445 -0.240352 0.845567 Time: 41624757277955
Position: -148.407 193.657 -1010.24 Orientation: -0.450793 0.144275 -0.238881 0.847883 Time: 41624848950577
Position: -142.433 189.89 -1012.21 Orientation: -0.448688 0.149141 -0.234278 0.849441 Time: 41624992312709
Position: -140.17 186.187 -1014.84 Orientation: -0.445622 0.146518 -0.229762 0.852739 Time: 41625133826111
Position: -138.537 182.53 -1018.35 Orientation: -0.443646 0.139681 -0.228357 0.855289 Time: 41625272755666
Position: -135.177 178.767 -1020.68 Orientation: -0.442105 0.137112 -0.226453 0.857008 Time: 41625373570799
Position: -129.8 173.047 -1024.56 Orientation: -0.438649 0.131115 -0.223092 0.860596 Time: 41625521987327
Position: -125.207 164.643 -1030.1 Orientation: -0.435303 0.130878 -0.219418 0.863272 Time: 41625663414804
Position: -119.537 153.987 -1036.99 Orientation: -0.43761 0.139314 -0.218222 0.861086 Time: 41625803492377
Position: -116.61 147.23 -1041.37 Orientation: -0.432537 0.143112 -0.218685 0.862907 Time: 41625894060893
Position: -113.563 141.613 -1045.54 Orientation: -0.42807 0.145079 -0.216152 0.86544 Time: 41626034255948
Position: -108.683 132.99 -1051.88 Orientation: -0.421533 0.147078 -0.212384 0.869236 Time: 41626179413010
Position: -104.157 125.307 -1056.96 Orientation: -0.413474 0.151048 -0.210321 0.87292 Time: 41626268811267
Position: -99.72 115.153 -1064.93 Orientation: -0.405432 0.151579 -0.204783 0.877903 Time: 41626408816792
Position: -97.11 107.107 -1070.85 Orientation: -0.39827 0.153614 -0.201785 0.881514 Time: 41626550774650
Position: -95.4633 102.173 -1074.35 Orientation: -0.395022 0.152842 -0.199844 0.883549 Time: 41626642615320
Position: -93.6833 97.6733 -1078.17 Orientation: -0.394626 0.15161 -0.19588 0.884825 Time: 41626783417176
Position: -90.39 89.1133 -1085.53 Orientation: -0.393622 0.150475 -0.187944 0.887184 Time: 41626950273849
Position: -89.14 86.15 -1087.63 Orientation: -0.391229 0.151978 -0.186147 0.888365 Time: 41627030909036
Position: -88.1067 80.67 -1090.86 Orientation: -0.3855 0.15108 -0.186183 0.891011 Time: 41627171604055
Position: -87.9 74.4333 -1093.35 Orientation: -0.379667 0.152447 -0.189984 0.892479 Time: 41627313179051
Position: -87.75 69.75 -1095.63 Orientation: -0.375287 0.151475 -0.190044 0.894482 Time: 41627405378441
Position: -86.6867 62.0767 -1099.25 Orientation: -0.369857 0.149843 -0.190479 0.896923 Time: 41627545448409
Position: -85.8467 57.11 -1101.65 Orientation: -0.366938 0.144348 -0.189186 0.899293 Time: 41627690233445
Position: -84.9067 54.4633 -1103.74 Orientation: -0.36676 0.142344 -0.18608 0.900333 Time: 41627779607369
Position: -83.6867 48.56 -1108.61 Orientation: -0.363157 0.140543 -0.183879 0.902526 Time: 41627923275373
Position: -81.3967 44.0967 -1112.26 Orientation: -0.360222 0.141942 -0.180878 0.904088 Time: 41628060028084
Position: -79.6733 41.23 -1114.22 Orientation: -0.360063 0.140845 -0.180948 0.904309 Time: 41628202094871
Position: -78.4567 39.0567 -1115.62 Orientation: -0.361732 0.139779 -0.180083 0.903981 Time: 41628295133745
Position: -76.2367 35.3933 -1118.58 Orientation: -0.365466 0.135279 -0.176616 0.903848 Time: 41628434949549
Position: -74.9533 28.73 -1123.64 Orientation: -0.360991 0.134243 -0.175945 0.905929 Time: 41628580036654
Position: -74.4267 24.19 -1126.88 Orientation: -0.355176 0.13755 -0.177755 0.907377 Time: 41628669175805
Position: -73.9967 16.91 -1130.6 Orientation: -0.34799 0.142943 -0.179779 0.908928 Time: 41628809056242
Position: -74.6233 9.32 -1134.91 Orientation: -0.341096 0.138912 -0.179349 0.912245 Time: 41628955735631
Position: -73.21 5.29333 -1137.72 Orientation: -0.3366 0.138114 -0.178384 0.914223 Time: 41629046301296
Position: -71.59 0.19 -1140.7 Orientation: -0.332953 0.134275 -0.177911 0.916221 Time: 41629186303779
Position: -69.9067 -7.91333 -1146.65 Orientation: -0.332002 0.134214 -0.175019 0.917131 Time: 41629328141873
Position: -67.33 -18.8067 -1154.7 Orientation: -0.329259 0.142611 -0.174747 0.916905 Time: 41629465895465
Position: -64.3167 -24.8067 -1159.48 Orientation: -0.331169 0.145649 -0.171252 0.916399 Time: 41629558318414
Position: -61.1067 -34.1633 -1165.97 Orientation: -0.316827 0.146613 -0.170115 0.921513 Time: 41629698535711
Position: -62.11 -42.2567 -1172.94 Orientation: -0.309235 0.139682 -0.168419 0.925472 Time: 41629842315114
Position: -62.42 -45.93 -1176 Orientation: -0.305827 0.136279 -0.167282 0.927316 Time: 41629932994269
Position: -61.4567 -53.56 -1182.54 Orientation: -0.300456 0.13941 -0.166179 0.928803 Time: 41630072875658
Position: -60.29 -62.0567 -1190.56 Orientation: -0.295723 0.138111 -0.162079 0.931238 Time: 41630221629614
Position: -62.1867 -69.88 -1198.24 Orientation: -0.292923 0.135511 -0.158379 0.933139 Time: 41630356987368
Position: -64.9467 -77.0933 -1204.8 Orientation: -0.287759 0.132612 -0.158247 0.935183 Time: 41630499105671
Position: -66.6933 -82.7633 -1208.61 Orientation: -0.278587 0.130976 -0.158745 0.938102 Time: 41630590884558
Position: -68.3167 -89.4933 -1214.22 Orientation: -0.279389 0.12951 -0.154712 0.93874 Time: 41630775755740
Position: -69.17 -93.3033 -1218.61 Orientation: -0.287024 0.127511 -0.150179 0.937446 Time: 41630868924454
Position: -68.4467 -100.337 -1224.33 Orientation: -0.291557 0.135611 -0.144878 0.935743 Time: 41631012018163
Position: -69.1433 -105.41 -1223.75 Orientation: -0.295071 0.142418 -0.140351 0.934319 Time: 41631153303065
Position: -71.78 -110.7 -1219.25 Orientation: -0.299364 0.148315 -0.141915 0.931796 Time: 41631291948989
Position: -74.05 -111.6 -1216.03 Orientation: -0.31084 0.144919 -0.138251 0.92912 Time: 41631384408057
Position: -76.0933 -112.643 -1211.79 Orientation: -0.320156 0.140177 -0.134276 0.927265 Time: 41631523893466
Position: -75.48 -115.71 -1206.05 Orientation: -0.32507 0.15285 -0.126547 0.924636 Time: 41631664784099
Position: -73.26 -117.83 -1201.67 Orientation: -0.336306 0.163652 -0.118881 0.919774 Time: 41631757200775
Position: -73.9067 -120.923 -1195.25 Orientation: -0.3435 0.170583 -0.118045 0.915956 Time: 41631898386634
Position: -77.1 -122.077 -1189.12 Orientation: -0.356471 0.164951 -0.121546 0.911563 Time: 41632040447907
Position: -78.9033 -120.56 -1184.05 Orientation: -0.374111 0.158752 -0.122548 0.90544 Time: 41632181089698
Position: -79.5233 -117.92 -1179.67 Orientation: -0.386699 0.157846 -0.126077 0.899807 Time: 41632321616668
Position: -79.28 -116.847 -1177.43 Orientation: -0.387988 0.157609 -0.128507 0.89895 Time: 41632413431105
Position: -78.1333 -115.27 -1173.79 Orientation: -0.378729 0.161046 -0.13521 0.901303 Time: 41632554270411
Position: -76.69 -112.4 -1169.24 Orientation: -0.369261 0.162379 -0.145411 0.903402 Time: 41632698485904
Position: -76.3333 -110.053 -1166.08 Orientation: -0.358731 0.16593 -0.151294 0.906029 Time: 41632787534947
Position: -76.5533 -108.85 -1162.88 Orientation: -0.333159 0.174113 -0.159245 0.91287 Time: 41632927546744
Position: -77.18 -103.113 -1158.36 Orientation: -0.3295 0.165783 -0.160683 0.915493 Time: 41633070872187
Position: -78.01 -98.7833 -1154.84 Orientation: -0.329363 0.159481 -0.162448 0.916349 Time: 41633161519976
Position: -79.2467 -92.5833 -1149.19 Orientation: -0.329364 0.151114 -0.166249 0.917085 Time: 41633303664703
Position: -80.04 -83.92 -1141.73 Orientation: -0.328956 0.14411 -0.171112 0.917464 Time: 41633444104227
Position: -78.5167 -76.5567 -1135.57 Orientation: -0.331425 0.138944 -0.171313 0.917335 Time: 41633535607278
Position: -78.08 -69.9067 -1129.94 Orientation: -0.331759 0.137277 -0.173413 0.917071 Time: 41633676311043
Position: -79.4733 -64.7333 -1125.5 Orientation: -0.331762 0.135378 -0.176248 0.916812 Time: 41633779736257
Position: -81.41 -57.2867 -1120.21 Orientation: -0.337085 0.137141 -0.17911 0.914049 Time: 41633926197410
Position: -85.69 -50.0033 -1115.66 Orientation: -0.338491 0.132243 -0.181913 0.913698 Time: 41634067818410
Position: -88.91 -44.2667 -1112.15 Orientation: -0.338321 0.132908 -0.183945 0.913257 Time: 41634160549132
Position: -92.26 -36.6667 -1106.46 Orientation: -0.339386 0.134741 -0.187911 0.911785 Time: 41634302128309
Position: -93.7667 -29.49 -1101 Orientation: -0.337988 0.136642 -0.189179 0.911759 Time: 41634475990571
Position: -95.39 -25.4033 -1096.29 Orientation: -0.330829 0.136945 -0.19295 0.913547 Time: 41634617038417
Position: -97.1367 -22.1467 -1093.92 Orientation: -0.332794 0.134811 -0.193782 0.912975 Time: 41634706564422
Position: -99.9267 -17.2567 -1090.64 Orientation: -0.334532 0.132346 -0.196185 0.912187 Time: 41634846342016
Position: -101.52 -9.11667 -1084.23 Orientation: -0.339357 0.128709 -0.198614 0.910397 Time: 41634988880822
Position: -103.157 -0.61 -1078.16 Orientation: -0.3424 0.121545 -0.199319 0.910088 Time: 41635131251388
Position: -104.18 5.13667 -1074.63 Orientation: -0.341265 0.118544 -0.195751 0.911684 Time: 41635220746026
Position: -106.657 14.3033 -1069.23 Orientation: -0.342298 0.119778 -0.196151 0.911049 Time: 41635361993288
Position: -109.363 23.41 -1063.87 Orientation: -0.345993 0.122176 -0.200715 0.908336 Time: 41635505154103
Position: -110.343 29.6033 -1060.4 Orientation: -0.349989 0.122174 -0.201679 0.906591 Time: 41635596417819
Position: -110.1 38.92 -1055.96 Orientation: -0.354735 0.125279 -0.20152 0.904355 Time: 41635737304269
Position: -110.14 45.4267 -1052.78 Orientation: -0.359056 0.127908 -0.202813 0.90199 Time: 41635875815793
Position: -111.517 52.1367 -1049.55 Orientation: -0.362603 0.13008 -0.204287 0.899925 Time: 41636020251993
Position: -112.803 55.7267 -1047.35 Orientation: -0.3577 0.133379 -0.206853 0.900818 Time: 41636112895268
Position: -114.53 63.9967 -1042.22 Orientation: -0.358361 0.132544 -0.210483 0.899837 Time: 41636250983057
Position: -115.53 74.9133 -1035.04 Orientation: -0.364125 0.13791 -0.215182 0.895595 Time: 41636390535381
Position: -117.817 87.8033 -1028.35 Orientation: -0.373199 0.141012 -0.220586 0.890045 Time: 41636531372406
Position: -119.26 93.0133 -1025.98 Orientation: -0.376401 0.139746 -0.22292 0.888313 Time: 41636628059883
Position: -121.34 98.95 -1022.67 Orientation: -0.377796 0.138344 -0.226884 0.886936 Time: 41636765810433
Position: -124.217 103.493 -1019.77 Orientation: -0.378666 0.137445 -0.23112 0.88561 Time: 41636906675403
Position: -125.947 106.667 -1017.82 Orientation: -0.379764 0.137711 -0.233385 0.884504 Time: 41636998954065
Position: -128.743 111.703 -1014.43 Orientation: -0.381033 0.135712 -0.236854 0.883344 Time: 41637139666004
Position: -132.707 118.16 -1009.71 Orientation: -0.382397 0.134744 -0.241886 0.881537 Time: 41637281454292
Position: -135.08 121.37 -1007.35 Orientation: -0.3833 0.134178 -0.244855 0.880411 Time: 41637373134137
Position: -138.66 127.677 -1003.14 Orientation: -0.387228 0.13291 -0.248251 0.87793 Time: 41637514459150
Position: -141.68 133.903 -998.723 Orientation: -0.39044 0.134714 -0.252126 0.875123 Time: 41637658666090
Position: -143.58 138.377 -995.82 Orientation: -0.391866 0.137645 -0.255188 0.87314 Time: 41637749130051
Position: -146.583 145.443 -991.74 Orientation: -0.394869 0.141113 -0.26309 0.868878 Time: 41637888515277
Position: -150.287 150.863 -988.79 Orientation: -0.397293 0.141643 -0.268185 0.866125 Time: 41638030185513
Position: -151.687 153.777 -987.15 Orientation: -0.398304 0.14358 -0.270092 0.864748 Time: 41638122546869
Position: -154.52 161.22 -982.78 Orientation: -0.401734 0.146279 -0.273056 0.861773 Time: 41638263209381
Position: -157.69 166.733 -978.203 Orientation: -0.404328 0.147643 -0.275252 0.859626 Time: 41638405277498
Position: -159.723 167.957 -975.477 Orientation: -0.404231 0.151012 -0.275421 0.859032 Time: 41638496936812
Position: -162.673 168.897 -972.16 Orientation: -0.401726 0.159611 -0.276652 0.858257 Time: 41638638023059
Position: -165.827 170.027 -968.683 Orientation: -0.401794 0.162078 -0.276252 0.857891 Time: 41638779694625
Position: -166.047 170.667 -966.777 Orientation: -0.407437 0.165182 -0.271424 0.856177 Time: 41638872023094
Position: -167.687 170.307 -962.107 Orientation: -0.41851 0.171518 -0.261227 0.852755 Time: 41639010782699
Position: -170.77 168.143 -957.517 Orientation: -0.416369 0.176048 -0.261689 0.852739 Time: 41639155414323
Position: -171.613 166.24 -955.217 Orientation: -0.421805 0.181516 -0.256557 0.850477 Time: 41639245292394
Position: -172.143 163.423 -951.187 Orientation: -0.427446 0.186487 -0.249927 0.848557 Time: 41639386823096
Position: -171.853 162.693 -947.967 Orientation: -0.434335 0.187915 -0.241786 0.847101 Time: 41639528802055
Position: -171.293 161.83 -946.687 Orientation: -0.442041 0.191651 -0.233455 0.844611 Time: 41639670166609
Position: -171.3 159.95 -945.777 Orientation: -0.445036 0.193882 -0.229052 0.843735 Time: 41639760638935
Position: -172.61 156.163 -944.447 Orientation: -0.449709 0.194551 -0.225921 0.841945 Time: 41639901148796
Position: -171.893 152.707 -944.067 Orientation: -0.452681 0.18822 -0.224557 0.842156 Time: 41640045830036
Position: -169.71 147.64 -944.597 Orientation: -0.450709 0.185284 -0.222354 0.844446 Time: 41640138141396
Position: -165.343 139.757 -946.57 Orientation: -0.445611 0.180218 -0.219622 0.848951 Time: 41640275918751
Position: -162.887 131.463 -949.867 Orientation: -0.437045 0.171951 -0.218489 0.855387 Time: 41640421564752
Position: -161.323 120.93 -955.283 Orientation: -0.427331 0.165145 -0.216316 0.862162 Time: 41640557435016
Position: -160.483 115.933 -958.293 Orientation: -0.424135 0.165013 -0.214417 0.864237 Time: 41640649860247
Position: -159.067 109.697 -961.283 Orientation: -0.420131 0.162512 -0.212115 0.86723 Time: 41640789321513
Position: -154.99 103.63 -964.32 Orientation: -0.417644 0.159917 -0.206655 0.870226 Time: 41640931485250
Position: -153.29 99.8867 -966.373 Orientation: -0.414844 0.159283 -0.204488 0.872192 Time: 41641024036707
Position: -152.33 94.0233 -969.45 Orientation: -0.411071 0.155848 -0.202685 0.875014 Time: 41641164050215
Position: -150.69 86.8833 -973.663 Orientation: -0.406933 0.154412 -0.201516 0.87747 Time: 41641308055648
Position: -149.453 81.8933 -976.86 Orientation: -0.404435 0.153147 -0.199918 0.87921 Time: 41641400770781
Position: -147.617 72.6067 -982.153 Orientation: -0.395803 0.154614 -0.200619 0.882715 Time: 41641539165773
Position: -145.79 64.5333 -987.17 Orientation: -0.387591 0.15791 -0.200979 0.885689 Time: 41641683482020
Position: -145.157 61.4967 -989.373 Orientation: -0.384758 0.158744 -0.200613 0.886857 Time: 41641773198696
Position: -144.553 58.1833 -991.587 Orientation: -0.381403 0.161582 -0.200353 0.887852 Time: 41641913621111
Position: -144.463 54 -994.513 Orientation: -0.378434 0.161015 -0.198918 0.889547 Time: 41642053570746
Position: -144.05 49.7733 -997.337 Orientation: -0.375697 0.16028 -0.197116 0.891239 Time: 41642147118140
Position: -142.043 41.2267 -1003.24 Orientation: -0.370891 0.15831 -0.192413 0.894626 Time: 41642287097430
Position: -139.913 32.64 -1009.28 Orientation: -0.365326 0.156211 -0.18808 0.898198 Time: 41642431229659
Position: -138.6 28.62 -1011.96 Orientation: -0.36176 0.157978 -0.18648 0.899665 Time: 41642520913068
Position: -136.387 23.8067 -1015.29 Orientation: -0.359255 0.15751 -0.183211 0.901421 Time: 41642662745650
Position: -134.8 17.5467 -1020.15 Orientation: -0.35439 0.155244 -0.180279 0.904327 Time: 41642802700227
Position: -133.727 14.17 -1022.62 Orientation: -0.352157 0.153644 -0.178479 0.905828 Time: 41642899769046
Position: -131.253 7.86333 -1026.66 Orientation: -0.348098 0.15378 -0.175182 0.908015 Time: 41643037000051
Position: -128.32 0.873333 -1031.9 Orientation: -0.344559 0.154378 -0.170413 0.910168 Time: 41643180193373
Position: -127 -2.81333 -1035.05 Orientation: -0.343692 0.151811 -0.167145 0.911533 Time: 41643270716646
Position: -125.547 -8.4 -1039.83 Orientation: -0.340425 0.151178 -0.164745 0.913299 Time: 41643411245328
Position: -125.233 -14.7367 -1045.3 Orientation: -0.335396 0.148913 -0.163348 0.91578 Time: 41643552630223
Position: -125.08 -17.7533 -1047.82 Orientation: -0.332186 0.148842 -0.16301 0.91702 Time: 41643645014961
Position: -124.723 -21.17 -1050.59 Orientation: -0.329252 0.149075 -0.162009 0.918217 Time: 41643785824041
Position: -122.327 -26.8333 -1054.5 Orientation: -0.324047 0.15074 -0.159274 0.920273 Time: 41643928434895
Position: -120.88 -30.0967 -1057.03 Orientation: -0.321421 0.15141 -0.157477 0.921393 Time: 41644019554704
Position: -118.817 -34.43 -1060.6 Orientation: -0.320666 0.150915 -0.154382 0.92226 Time: 41644159111590
Position: -115.927 -40.9667 -1065.54 Orientation: -0.318463 0.150914 -0.15058 0.923652 Time: 41644303864118
Position: -114.467 -45.3733 -1069.06 Orientation: -0.316964 0.150048 -0.148014 0.924722 Time: 41644393561784
Position: -113.237 -54.76 -1076.3 Orientation: -0.307058 0.154179 -0.147645 0.92744 Time: 41644582221861
Position: -111.743 -59.56 -1079.84 Orientation: -0.299392 0.157647 -0.147113 0.929446 Time: 41644674314225
Position: -109.86 -64.5 -1083.53 Orientation: -0.291997 0.162383 -0.146815 0.931029 Time: 41644815153721
Position: -109.327 -73.1533 -1090.04 Orientation: -0.270993 0.173017 -0.150348 0.934892 Time: 41644958675918
Position: -108.997 -82.85 -1096.99 Orientation: -0.238025 0.182886 -0.15465 0.941265 Time: 41645099901318
Position: -107.93 -88.8333 -1101.51 Orientation: -0.220554 0.189018 -0.154948 0.944256 Time: 41645189708482
Position: -106.273 -96.1967 -1108.28 Orientation: -0.21468 0.197079 -0.152309 0.944391 Time: 41645329813809
Position: -106.197 -100.06 -1114.03 Orientation: -0.229051 0.200616 -0.147211 0.941073 Time: 41645474292212
Position: -105.867 -103.417 -1117.65 Orientation: -0.231755 0.204319 -0.14588 0.93982 Time: 41645563413492
Position: -106.72 -111.97 -1126.14 Orientation: -0.222482 0.207615 -0.14591 0.941333 Time: 41645705410321
Position: -106.32 -117.807 -1132.93 Orientation: -0.223116 0.207915 -0.14121 0.941834 Time: 41645864062249
Position: -105.693 -121.61 -1136.52 Orientation: -0.22532 0.206485 -0.141479 0.941583 Time: 41646001402752
Position: -105.987 -124.803 -1138 Orientation: -0.209621 0.214555 -0.145682 0.942763 Time: 41646141820605
Position: -106.53 -127.98 -1139.4 Orientation: -0.192281 0.223517 -0.151845 0.943404 Time: 41646235293480
Position: -108.657 -129.767 -1142.52 Orientation: -0.205822 0.224864 -0.14583 0.941173 Time: 41646374829835
Position: -110.69 -124.02 -1143.3 Orientation: -0.27074 0.202863 -0.124685 0.932738 Time: 41646516514329
Position: -112.447 -119.9 -1144.36 Orientation: -0.319676 0.178324 -0.104681 0.924689 Time: 41646659639785
Position: -113.427 -121.583 -1145.8 Orientation: -0.32429 0.171312 -0.0902064 0.925933 Time: 41646800571290
Position: -114.103 -122.66 -1146.03 Orientation: -0.32764 0.16672 -0.0798097 0.926546 Time: 41646901032455
Position: -117.07 -118.607 -1144.73 Orientation: -0.371462 0.14387 -0.0563478 0.915501 Time: 41647045255553
Position: -118.403 -117.31 -1142.06 Orientation: -0.372414 0.141064 -0.0425092 0.916298 Time: 41647149369502
Position: -119.557 -115.047 -1136.88 Orientation: -0.362262 0.153293 -0.0245042 0.919058 Time: 41647295743208
Position: -121.723 -108.033 -1131.86 Orientation: -0.410308 0.130224 -0.00266715 0.902597 Time: 41647436159540
Position: -123.123 -105.337 -1129.66 Orientation: -0.429459 0.121107 0.00403357 0.89492 Time: 41647529868710
Position: -124.65 -102.28 -1126.92 Orientation: -0.448818 0.11498 0.0102679 0.886136 Time: 41647669982782
Position: -125.153 -100.613 -1124.89 Orientation: -0.457995 0.11304 0.0122007 0.881654 Time: 41647813007485
Position: -124.95 -99.57 -1122.51 Orientation: -0.460574 0.115477 0.0133012 0.879977 Time: 41647904477269
Position: -125.19 -96.65 -1117.64 Orientation: -0.465702 0.115142 0.00960073 0.877366 Time: 41648043986631
Position: -123.563 -92.86 -1111.33 Orientation: -0.464828 0.117274 0.00506697 0.877586 Time: 41648184083213
Position: -122.22 -90.0667 -1105.62 Orientation: -0.458609 0.122478 -0.00390036 0.880149 Time: 41648327678028
Position: -121.27 -87.9267 -1101.17 Orientation: -0.447943 0.130079 -0.0130679 0.884452 Time: 41648467085115
Position: -120.857 -85.6567 -1098.57 Orientation: -0.446376 0.130546 -0.0165682 0.885117 Time: 41648558348640
Position: -121.633 -76.2267 -1091.73 Orientation: -0.456717 0.120847 -0.0242694 0.881031 Time: 41648699986749
Position: -123.273 -68.51 -1083.65 Orientation: -0.440004 0.135288 -0.0435737 0.886676 Time: 41648841399019
Position: -125.543 -64.5733 -1077.45 Orientation: -0.417328 0.149567 -0.065915 0.893936 Time: 41648933407168
Position: -129.877 -57.2233 -1067.96 Orientation: -0.390874 0.16095 -0.0922095 0.90156 Time: 41649073558879
Position: -131.087 -50.6833 -1062.65 Orientation: -0.394133 0.16128 -0.0957747 0.899708 Time: 41649177424367
Position: -130.61 -45.0033 -1056.66 Orientation: -0.382789 0.172577 -0.108606 0.901052 Time: 41649323341262
Position: -129.983 -40.3467 -1052.64 Orientation: -0.375688 0.18001 -0.118407 0.901352 Time: 41649464148250
Position: -129.697 -34.5667 -1047.19 Orientation: -0.372558 0.184212 -0.127975 0.900494 Time: 41649607325224
Position: -129.98 -29.1867 -1042.95 Orientation: -0.377566 0.181549 -0.133045 0.898211 Time: 41649697906478
Position: -133.047 -20.1933 -1037.09 Orientation: -0.387665 0.179181 -0.141312 0.893107 Time: 41649837664681
Position: -136.053 -12.61 -1031.24 Orientation: -0.385998 0.180748 -0.149345 0.892206 Time: 41649978872212
Position: -137.737 -4.25333 -1025.51 Orientation: -0.391523 0.172543 -0.148175 0.891618 Time: 41650121628873
Position: -137.93 -0.996667 -1023.11 Orientation: -0.391267 0.171381 -0.149446 0.891743 Time: 41650211930298
Position: -138.363 6.55333 -1017.61 Orientation: -0.388856 0.173577 -0.155609 0.891318 Time: 41650352146074
Position: -138.67 17.1867 -1010.17 Orientation: -0.395002 0.174749 -0.160115 0.88758 Time: 41650524076152
Position: -139.677 24.36 -1004.63 Orientation: -0.397904 0.17385 -0.164182 0.885716 Time: 41650617882464
Position: -141.063 29.8267 -1000.54 Orientation: -0.399097 0.171046 -0.168046 0.885 Time: 41650759261086
Position: -145.077 38.1967 -994.54 Orientation: -0.39826 0.171445 -0.176812 0.883591 Time: 41650898092738
Position: -147.923 43.67 -990.473 Orientation: -0.396532 0.17158 -0.182248 0.883237 Time: 41651002033696
Position: -149.87 49.31 -984.677 Orientation: -0.387223 0.176611 -0.189478 0.884853 Time: 41651151445021
Position: -150.877 53.5167 -980.603 Orientation: -0.385496 0.17648 -0.192414 0.885 Time: 41651257012480
Position: -152.303 60.8133 -974.723 Orientation: -0.388828 0.173179 -0.19408 0.88383 Time: 41651397952539
Position: -155.083 66.2633 -970.283 Orientation: -0.389504 0.170616 -0.197452 0.883284 Time: 41651542280002
Position: -157.253 70.4067 -967.42 Orientation: -0.391472 0.16865 -0.198653 0.882521 Time: 41651632200466
Position: -161.423 76.9833 -962.8 Orientation: -0.390139 0.16655 -0.20372 0.882355 Time: 41651775599477
Position: -164.887 82.2533 -958.857 Orientation: -0.385826 0.163011 -0.207947 0.883925 Time: 41651913036361
Position: -167.18 87.7533 -954.69 Orientation: -0.380273 0.155983 -0.208655 0.887426 Time: 41652052964324
Position: -168.313 94.91 -950.46 Orientation: -0.37727 0.145681 -0.202886 0.891786 Time: 41652146375416
Position: -169.833 106.043 -944.547 Orientation: -0.380602 0.134546 -0.200386 0.892684 Time: 41652287182975
Position: -172.093 111.643 -939.94 Orientation: -0.371128 0.13441 -0.205615 0.8955 Time: 41652429460012
Position: -174.557 115.717 -937.367 Orientation: -0.368729 0.134544 -0.208649 0.895769 Time: 41652521359044
Position: -177.56 121.07 -933.423 Orientation: -0.363449 0.141173 -0.217343 0.894839 Time: 41652661728801
Position: -179.707 125.757 -929.743 Orientation: -0.359495 0.147845 -0.222851 0.894004 Time: 41652804554089
Position: -182.343 130.667 -925.057 Orientation: -0.358506 0.149183 -0.225958 0.893398 Time: 41652943845405
Position: -183.343 131.543 -921.613 Orientation: -0.354008 0.151351 -0.23036 0.893703 Time: 41653035284393
Position: -183.073 133.667 -916.493 Orientation: -0.354166 0.153081 -0.231254 0.893115 Time: 41653176752932
Position: -183.137 134.51 -913.053 Orientation: -0.354667 0.153881 -0.231489 0.892718 Time: 41653317207664
Position: -183.75 134.937 -911.553 Orientation: -0.357856 0.152676 -0.229015 0.89229 Time: 41653409865197
Position: -184.003 134.027 -909.857 Orientation: -0.367587 0.159957 -0.2245 0.888197 Time: 41653550609642
Position: -184.577 134.697 -907.79 Orientation: -0.397911 0.167952 -0.21069 0.876965 Time: 41653694190770
Position: -187.803 132.243 -903.007 Orientation: -0.395542 0.174119 -0.215656 0.875626 Time: 41653834821155
Position: -190.513 129.683 -899.573 Orientation: -0.394734 0.172248 -0.214918 0.876542 Time: 41653924984758
Position: -194.22 121.43 -894.623 Orientation: -0.390967 0.167781 -0.211685 0.879877 Time: 41654068423120
Position: -195.77 115.62 -890.483 Orientation: -0.386532 0.168647 -0.209851 0.882107 Time: 41654209399298
Position: -195.43 110.85 -885.647 Orientation: -0.388634 0.177716 -0.207552 0.879945 Time: 41654352386742
Position: -196.773 106.637 -882.813 Orientation: -0.392201 0.194767 -0.194867 0.877651 Time: 41654486183198
Position: -198.663 103.443 -882.863 Orientation: -0.392266 0.203417 -0.177515 0.879339 Time: 41654568724715
Position: -202.543 98.4267 -880.833 Orientation: -0.377139 0.195653 -0.182552 0.886657 Time: 41654704878039
Position: -202.187 94.04 -878.44 Orientation: -0.373901 0.190218 -0.180717 0.889582 Time: 41654845144952
Position: -201.407 91.5733 -876.897 Orientation: -0.3797 0.184083 -0.180082 0.888545 Time: 41654939203337
Position: -198.647 85.86 -876.303 Orientation: -0.380431 0.177481 -0.185448 0.888472 Time: 41655078733039
Position: -193.69 76.94 -879.057 Orientation: -0.380775 0.172919 -0.180553 0.89023 Time: 41655222933134
Position: -190.1 69.7367 -882.377 Orientation: -0.380162 0.17038 -0.17528 0.892034 Time: 41655313137989
Position: -185.423 59.7567 -887.437 Orientation: -0.380475 0.166252 -0.166285 0.894398 Time: 41655469774850
Position: -183.397 51.4667 -891.76 Orientation: -0.374803 0.163282 -0.162549 0.89802 Time: 41655562486371
Position: -182.483 44.1667 -895.827 Orientation: -0.368802 0.163082 -0.160782 0.900854 Time: 41655702660895
Position: -181.517 36.8433 -900.407 Orientation: -0.363426 0.162945 -0.158878 0.903398 Time: 41655847318183
Position: -180.573 30.5533 -904.337 Orientation: -0.3584 0.164349 -0.156581 0.90555 Time: 41655936352017
Position: -177.9 20.1867 -910.55 Orientation: -0.351758 0.166711 -0.15001 0.908829 Time: 41656077868271
Position: -174.327 10.82 -916.48 Orientation: -0.352574 0.164752 -0.138883 0.910637 Time: 41656220138845
Position: -172.417 5.09333 -919.997 Orientation: -0.350096 0.163147 -0.134911 0.912477 Time: 41656311535250
Position: -171.78 0.43 -923.313 Orientation: -0.349531 0.155147 -0.132212 0.914482 Time: 41656451585448
Position: -171.813 -10.0633 -931.01 Orientation: -0.341496 0.144379 -0.130745 0.919479 Time: 41656595941236
Position: -170.823 -18.4633 -936.78 Orientation: -0.333564 0.144813 -0.130512 0.922351 Time: 41656686620012
Position: -167.807 -29.3133 -943.717 Orientation: -0.324934 0.148382 -0.129547 0.924996 Time: 41656826043638
Position: -164.84 -39.0433 -950.863 Orientation: -0.322261 0.149446 -0.126011 0.926248 Time: 41656967764821
Position: -162.933 -48.8267 -958.81 Orientation: -0.316633 0.149349 -0.123813 0.928498 Time: 41657111069351
Position: -161.543 -53.7767 -962.827 Orientation: -0.315225 0.150779 -0.121576 0.929041 Time: 41657201073840
Position: -156.947 -63.92 -970.14 Orientation: -0.309752 0.153309 -0.116174 0.931157 Time: 41657341388278
Position: -152.95 -72.3367 -976.07 Orientation: -0.30935 0.151975 -0.113139 0.931883 Time: 41657481892056
Position: -151.69 -77.3 -980.39 Orientation: -0.309558 0.149345 -0.110909 0.932507 Time: 41657574810977
Position: -150.797 -84.7033 -987.17 Orientation: -0.310102 0.14815 -0.107012 0.932972 Time: 41657716108806
Position: -151.04 -92.6367 -993 Orientation: -0.303027 0.154014 -0.106676 0.934384 Time: 41657858234143
Position: -151.81 -95.4867 -995.327 Orientation: -0.303331 0.152449 -0.103544 0.934895 Time: 41657950072722
Position: -152.89 -102.303 -1000.6 Orientation: -0.302826 0.151213 -0.100275 0.935615 Time: 41658090451604
Position: -151.55 -110.463 -1006.85 Orientation: -0.297391 0.151713 -0.0967747 0.937644 Time: 41658247745453
Position: -149.397 -117.173 -1012.26 Orientation: -0.289665 0.15315 -0.0943771 0.94007 Time: 41658351432816
Position: -146.413 -126.4 -1020.81 Orientation: -0.283485 0.152777 -0.0894391 0.942495 Time: 41658496297884
Position: -143.81 -135.763 -1029.51 Orientation: -0.27139 0.15338 -0.0884076 0.946048 Time: 41658639829586
Position: -141.39 -144.347 -1037.59 Orientation: -0.263053 0.154878 -0.0853397 0.948437 Time: 41658780968490
Position: -139.77 -150.503 -1043.48 Orientation: -0.258514 0.153308 -0.0821711 0.950218 Time: 41658870312758
Position: -137.117 -160.837 -1053.92 Orientation: -0.252888 0.149813 -0.0774733 0.952681 Time: 41659036248963
Position: -135.69 -165.327 -1059.04 Orientation: -0.250326 0.150516 -0.0747079 0.953468 Time: 41659128597203
Position: -132.527 -173.503 -1068.38 Orientation: -0.245357 0.148014 -0.06974 0.955525 Time: 41659274921673
Position: -129.65 -181.92 -1078.51 Orientation: -0.237348 0.145809 -0.0649039 0.958224 Time: 41659416653501
Position: -127.047 -187.093 -1084.74 Orientation: -0.231877 0.14504 -0.0613695 0.959911 Time: 41659508697390
Position: -123.93 -191.083 -1089.13 Orientation: -0.228819 0.148246 -0.0583049 0.960347 Time: 41659649234055
Position: -119.273 -196.197 -1093.67 Orientation: -0.224615 0.14811 -0.0536037 0.961633 Time: 41659795234023
Position: -111.787 -200.827 -1097.31 Orientation: -0.219585 0.143345 -0.0492375 0.963748 Time: 41659933453552
Position: -98.7 -203.283 -1098.76 Orientation: -0.214577 0.14084 -0.0428688 0.965548 Time: 41660073320683
Position: -87.34 -203.923 -1098.83 Orientation: -0.213948 0.139543 -0.0357691 0.966165 Time: 41660162464206
Position: -73.8967 -203.61 -1098.8 Orientation: -0.216079 0.138808 -0.0280015 0.966053 Time: 41660303525739
Position: -65.09 -203 -1099.28 Orientation: -0.218811 0.13834 -0.0211343 0.96568 Time: 41660447435551
Position: -55.9667 -200.17 -1097.24 Orientation: -0.226445 0.13194 -0.0137007 0.964949 Time: 41660588137984
Position: -50.7467 -196.393 -1093.28 Orientation: -0.235082 0.126308 -0.00856722 0.963696 Time: 41660678303488
Position: -45.5833 -189.827 -1086.77 Orientation: -0.240546 0.122407 -0.00843378 0.962852 Time: 41660819078730
Position: -39.87 -181.24 -1078.2 Orientation: -0.24165 0.128542 -0.0123675 0.961732 Time: 41660959936665
Position: -36.9233 -175.66 -1072.59 Orientation: -0.241842 0.130105 -0.0150672 0.961435 Time: 41661052022565
Position: -34.8267 -169.957 -1066.83 Orientation: -0.238918 0.130677 -0.0195682 0.962008 Time: 41661193347009
Position: -35.7233 -164.757 -1062.5 Orientation: -0.232614 0.134275 -0.0252682 0.962924 Time: 41661336426080
Position: -39.6167 -159.307 -1057.16 Orientation: -0.227252 0.138078 -0.0345029 0.96338 Time: 41661475863584
Position: -43.5733 -153.53 -1050.91 Orientation: -0.225385 0.139078 -0.0427701 0.963343 Time: 41661601432864
Position: -46.2567 -148.037 -1045.14 Orientation: -0.223482 0.138276 -0.0457032 0.963767 Time: 41661729787689
Position: -48.9 -141.947 -1039.24 Orientation: -0.222116 0.136477 -0.0471035 0.964272 Time: 41661821378187
Position: -54.7733 -130.717 -1028.83 Orientation: -0.223816 0.128509 -0.0541373 0.964604 Time: 41661960575974
Position: -58.7233 -118.95 -1019.02 Orientation: -0.234914 0.126274 -0.0598034 0.961922 Time: 41662104759530
Position: -61.41 -110.73 -1011.88 Orientation: -0.242325 0.128647 -0.0654401 0.959399 Time: 41662246383382
Position: -64.7233 -103.153 -1005.97 Orientation: -0.248682 0.128941 -0.070671 0.957359 Time: 41662335646667
Position: -69.8967 -89.1567 -995.943 Orientation: -0.257422 0.124511 -0.0785735 0.955017 Time: 41662495788604
Position: -72.14 -79.2767 -988.193 Orientation: -0.263721 0.123477 -0.0839067 0.952977 Time: 41662585555086
Position: -76.3367 -65.9633 -976.517 Orientation: -0.274085 0.124908 -0.0904061 0.949264 Time: 41662725953359
Position: -82.58 -53.2633 -965.337 Orientation: -0.284685 0.128942 -0.0974731 0.944895 Time: 41662866032452
Position: -87.0533 -45.6267 -958.363 Orientation: -0.288318 0.135308 -0.103506 0.942258 Time: 41662960270862
Position: -92.7633 -36.5133 -950.373 Orientation: -0.292355 0.141211 -0.110608 0.939337 Time: 41663099465417
Position: -95.7767 -30.05 -945.073 Orientation: -0.295488 0.14391 -0.114875 0.937433 Time: 41663244017769
Position: -97.9233 -25.42 -941.297 Orientation: -0.297591 0.145879 -0.118243 0.936044 Time: 41663333498720
Position: -101.07 -17.5967 -935.517 Orientation: -0.302403 0.147184 -0.123781 0.933578 Time: 41663474799400
Position: -102.453 -9.11 -929.337 Orientation: -0.308253 0.15111 -0.128508 0.930393 Time: 41663616601376
Position: -103.27 -4.29 -925.8 Orientation: -0.310155 0.154677 -0.131909 0.928697 Time: 41663709688726
Position: -105.257 2.66333 -921.24 Orientation: -0.313008 0.158854 -0.137718 0.926189 Time: 41663849030990
Position: -108.323 12.2033 -915.39 Orientation: -0.315796 0.165649 -0.148447 0.922386 Time: 41663991035993
Position: -114.297 27.1033 -906.09 Orientation: -0.32326 0.167514 -0.158913 0.917709 Time: 41664131073644
Position: -117.913 36.65 -900.153 Orientation: -0.331098 0.162448 -0.161415 0.915385 Time: 41664222653876
Position: -119.403 51.9967 -891 Orientation: -0.3426 0.162416 -0.165649 0.910388 Time: 41664363326464
Position: -119.49 69.3567 -882.687 Orientation: -0.356372 0.164251 -0.171319 0.903698 Time: 41664507108338
Position: -120.993 79.3733 -879.363 Orientation: -0.361912 0.160553 -0.175555 0.901345 Time: 41664597289620
Position: -123.483 92.8467 -876.83 Orientation: -0.371099 0.148446 -0.177449 0.899312 Time: 41664737611472
Position: -124.833 104.757 -876.467 Orientation: -0.37784 0.142882 -0.181819 0.896529 Time: 41664841880543
Position: -125.083 120.763 -878.757 Orientation: -0.380405 0.13568 -0.191286 0.894591 Time: 41664988235620
Position: -122.557 126.697 -882.49 Orientation: -0.355854 0.132166 -0.20365 0.902456 Time: 41665133140608
Position: -123.667 127.663 -885.987 Orientation: -0.336268 0.123113 -0.214155 0.908793 Time: 41665222169880
Position: -122.243 127.407 -893.387 Orientation: -0.350007 0.119214 -0.212491 0.904505 Time: 41665362146700
Position: -115.207 117.157 -902.707 Orientation: -0.34543 0.129011 -0.214652 0.904411 Time: 41665502517787
Position: -111.273 110.82 -908.333 Orientation: -0.345311 0.134017 -0.20916 0.905015 Time: 41665605733511
Position: -102.563 97.1433 -918.15 Orientation: -0.344489 0.141409 -0.201113 0.906026 Time: 41665752300550
Position: -96.27 84.0433 -926.553 Orientation: -0.343084 0.146374 -0.199576 0.906111 Time: 41665894444707
Position: -92.6533 73.76 -933.61 Orientation: -0.346958 0.149711 -0.195414 0.904997 Time: 41665987045780
Position: -85.79 53.9033 -945.613 Orientation: -0.336804 0.15395 -0.18612 0.910067 Time: 41666126274743
Position: -79.9233 33.6433 -957.15 Orientation: -0.313117 0.158792 -0.185363 0.917814 Time: 41666274318484
Position: -73.9133 13.4133 -969.123 Orientation: -0.290594 0.169916 -0.182651 0.923754 Time: 41666411523635
Position: -69.5933 -2.03 -979.3 Orientation: -0.279626 0.171782 -0.174716 0.928318 Time: 41666549177994
Position: -68.5433 -8.75 -983.547 Orientation: -0.274629 0.170451 -0.172152 0.930532 Time: 41666640464332
Position: -67.5267 -19.7833 -991.383 Orientation: -0.272151 0.169511 -0.167411 0.932295 Time: 41666781389943
Position: -64.4633 -32.49 -1000.8 Orientation: -0.282349 0.167643 -0.158142 0.931218 Time: 41666924979245
Position: -62 -42.4333 -1007.55 Orientation: -0.27965 0.166843 -0.153876 0.932889 Time: 41667015277629
Position: -59.7933 -55.04 -1018.35 Orientation: -0.292349 0.149792 -0.136523 0.934589 Time: 41667155692250
Position: -56.2567 -68.42 -1029.74 Orientation: -0.288594 0.148881 -0.122378 0.937855 Time: 41667297297281
Position: -54.8733 -76.08 -1035.7 Orientation: -0.279635 0.153519 -0.119282 0.940217 Time: 41667389969262
Position: -52.4367 -91.94 -1048.69 Orientation: -0.274245 0.161907 -0.106138 0.941972 Time: 41667531149798
Position: -51.7933 -102.233 -1057.42 Orientation: -0.267286 0.161512 -0.097507 0.944968 Time: 41667634816061
Position: -50.0333 -117.903 -1071.03 Orientation: -0.253515 0.157676 -0.0877052 0.950356 Time: 41667780173109
Position: -49.0633 -131.253 -1084.34 Orientation: -0.248556 0.149747 -0.0733735 0.954155 Time: 41667923150096
Position: -48.3833 -138.193 -1092.23 Orientation: -0.250366 0.152187 -0.0651752 0.953891 Time: 41668013691619
Position: -48.07 -142.143 -1100.63 Orientation: -0.278955 0.157546 -0.0499706 0.945974 Time: 41668154768171
Position: -48.9733 -147.433 -1104.69 Orientation: -0.271622 0.160413 -0.0502707 0.947609 Time: 41668295162451
Position: -48.6367 -150.443 -1107.56 Orientation: -0.270589 0.157346 -0.0478372 0.948544 Time: 41668439032531
Position: -46.7533 -154.743 -1114.36 Orientation: -0.280068 0.152352 -0.0404716 0.946949 Time: 41668578318335
Position: -44.5433 -158.567 -1122.45 Orientation: -0.29205 0.143141 -0.0321018 0.945086 Time: 41668717792147
Position: -43.25 -161.083 -1127.15 Orientation: -0.29155 0.142042 -0.0306351 0.945454 Time: 41668809730150
Position: -41.3467 -162.757 -1133.5 Orientation: -0.293163 0.13018 -0.029603 0.946696 Time: 41668950189634
Position: -39.2033 -162.267 -1139.71 Orientation: -0.296352 0.116141 -0.0306686 0.947495 Time: 41669094277951
Position: -37.15 -161.287 -1145.57 Orientation: -0.300581 0.106905 -0.0297681 0.947278 Time: 41669184234533
Position: -34.3433 -160.153 -1156.13 Orientation: -0.294458 0.103075 -0.0330695 0.949514 Time: 41669326923328
Position: -33.21 -154.613 -1164.43 Orientation: -0.279226 0.0977759 -0.0424707 0.95429 Time: 41669498899031
Position: -32.64 -147.673 -1168.72 Orientation: -0.274648 0.100672 -0.0474358 0.955083 Time: 41669599452775
Position: -33.8567 -137.72 -1172.43 Orientation: -0.270289 0.106242 -0.0496374 0.955611 Time: 41669746215238
Position: -32.9733 -133.133 -1170.69 Orientation: -0.271255 0.110509 -0.0491706 0.954877 Time: 41669888351790
Position: -33.9133 -127.5 -1166.11 Orientation: -0.273154 0.117309 -0.0526706 0.953337 Time: 41670028027110
Position: -35.2033 -123.58 -1161.93 Orientation: -0.272026 0.124979 -0.0531717 0.952657 Time: 41670119776532
Position: -36.7133 -114.32 -1152.64 Orientation: -0.274955 0.12951 -0.0615048 0.950707 Time: 41670259880718
Position: -36.4667 -108.313 -1146.52 Orientation: -0.279522 0.133311 -0.0655719 0.948576 Time: 41670363528351
Position: -38.0267 -100.597 -1138.41 Orientation: -0.277016 0.139341 -0.0727375 0.947922 Time: 41670510521405
Position: -40.6933 -93.64 -1128.95 Orientation: -0.265017 0.144676 -0.0734381 0.950495 Time: 41670650713228
Position: -42.8133 -88 -1121.69 Orientation: -0.264389 0.144079 -0.0782066 0.950381 Time: 41670743568656
Position: -44.79 -81.8767 -1114.52 Orientation: -0.267355 0.142445 -0.0831733 0.949375 Time: 41670883158240
Position: -46.8233 -77.4967 -1108.58 Orientation: -0.263783 0.143742 -0.0867388 0.949859 Time: 41670987106802
Position: -52.1633 -70.2567 -1100.87 Orientation: -0.269793 0.141947 -0.0932091 0.947826 Time: 41671134509523
Position: -58.0433 -61.8467 -1092.49 Orientation: -0.273186 0.14511 -0.0998072 0.945701 Time: 41671278469141
Position: -65.0567 -46.6733 -1078.43 Orientation: -0.276087 0.148178 -0.113475 0.942837 Time: 41671463793142
Position: -68.1033 -37.6867 -1070.61 Orientation: -0.281555 0.155879 -0.122009 0.938905 Time: 41671554976825
Position: -73.3167 -22.4967 -1058.98 Orientation: -0.293756 0.159079 -0.133343 0.933071 Time: 41671695386883
Position: -75.8633 -13.8867 -1052.25 Orientation: -0.300559 0.156813 -0.137745 0.930645 Time: 41671839103743
Position: -77.2533 -6.15667 -1046.11 Orientation: -0.30545 0.155108 -0.140774 0.928883 Time: 41671929022686
Position: -79.1067 4.71667 -1037.67 Orientation: -0.312495 0.155714 -0.14668 0.925519 Time: 41672069646798
Position: -83.0567 12.9467 -1031.32 Orientation: -0.31759 0.154778 -0.152678 0.922968 Time: 41672210118829
Position: -86.57 20.4533 -1025.22 Orientation: -0.325293 0.153979 -0.155712 0.919907 Time: 41672370548578
Position: -88.61 26.1667 -1020.44 Orientation: -0.329491 0.153211 -0.159045 0.917969 Time: 41672459665867
Position: -91.9733 35.09 -1013.12 Orientation: -0.335 0.151948 -0.16595 0.914958 Time: 41672599638884
Position: -93.8 40.4767 -1008.15 Orientation: -0.335831 0.153081 -0.171082 0.913518 Time: 41672714106095
Position: -95.3133 49.33 -1000.94 Orientation: -0.340454 0.157743 -0.178144 0.909655 Time: 41672865642936
Position: -97.2333 60.78 -994.373 Orientation: -0.345955 0.164111 -0.186212 0.904825 Time: 41673005597703
Position: -98.8667 69.2633 -989.45 Orientation: -0.349988 0.16881 -0.191545 0.901289 Time: 41673098932185
Position: -101.94 81.12 -981.917 Orientation: -0.35786 0.17438 -0.198415 0.895634 Time: 41673239227422
Position: -104.4 91.21 -974.723 Orientation: -0.363896 0.178381 -0.205484 0.890806 Time: 41673384133171
Position: -106.693 98.49 -969.757 Orientation: -0.367924 0.180979 -0.211447 0.887225 Time: 41673474835519
Position: -110.67 105.943 -965.43 Orientation: -0.369634 0.184617 -0.220654 0.883515 Time: 41673614250021
Position: -112.443 111.213 -964.647 Orientation: -0.362319 0.202963 -0.239868 0.877493 Time: 41673758018778
Position: -115.393 118.583 -964.45 Orientation: -0.361177 0.210659 -0.253264 0.872371 Time: 41673898207749
Position: -116.733 122.813 -964.427 Orientation: -0.362739 0.211223 -0.258794 0.86996 Time: 41673988524953
Position: -115.097 130.217 -965.843 Orientation: -0.365434 0.206252 -0.263824 0.868513 Time: 41674131973581
Position: -107.707 140.277 -970.133 Orientation: -0.359827 0.198881 -0.27142 0.870231 Time: 41674285486137
Position: -103.14 146 -973.547 Orientation: -0.363766 0.195218 -0.273791 0.868679 Time: 41674378527863
Position: -101.033 148.563 -980.717 Orientation: -0.365596 0.179381 -0.271721 0.871969 Time: 41674518767212
Position: -99.1633 143.787 -991.263 Orientation: -0.368801 0.161715 -0.261058 0.877316 Time: 41674660705109
Position: -96.6533 137.137 -998.72 Orientation: -0.36336 0.153911 -0.255652 0.882566 Time: 41674752928833
Position: -90.5667 128.737 -1009.85 Orientation: -0.367558 0.14941 -0.244016 0.884892 Time: 41674893519297
Position: -86.77 119.957 -1017.8 Orientation: -0.368695 0.150878 -0.236152 0.886302 Time: 41675038135332
Position: -84.1833 112.467 -1022.59 Orientation: -0.368041 0.15525 -0.231559 0.887031 Time: 41675127418769
Position: -78.6 102.413 -1031.04 Orientation: -0.371674 0.163718 -0.228192 0.884864 Time: 41675267210620
Position: -74.64 93.9867 -1037.53 Orientation: -0.370865 0.166948 -0.222519 0.886043 Time: 41675410659247
Position: -72.5 88.5367 -1040.99 Orientation: -0.368536 0.166916 -0.217821 0.888186 Time: 41675501075113
Position: -69.41 78.2633 -1047.99 Orientation: -0.362324 0.168144 -0.212081 0.891892 Time: 41675641524143
Position: -67.13 69.6667 -1054.4 Orientation: -0.355166 0.168482 -0.208052 0.895648 Time: 41675785141009
Position: -65.13 63.7833 -1057.65 Orientation: -0.348758 0.167145 -0.206681 0.898729 Time: 41675876031176
Position: -61.8433 53.4933 -1063.38 Orientation: -0.340836 0.165418 -0.201755 0.903196 Time: 41676015676650
Position: -56.73 41.8633 -1071.94 Orientation: -0.331969 0.164418 -0.195555 0.908032 Time: 41676159083265
Position: -52.3033 31.9867 -1079.49 Orientation: -0.323401 0.166585 -0.190487 0.911798 Time: 41676250544875
Position: -46.5733 16.0267 -1092.07 Orientation: -0.308562 0.172482 -0.183217 0.917317 Time: 41676390784984
Position: -42.61 5.49667 -1100.21 Orientation: -0.300429 0.177184 -0.178284 0.920089 Time: 41676534710954
Position: -39.78 -0.98 -1105.09 Orientation: -0.29509 0.183315 -0.175547 0.921141 Time: 41676624332770
Position: -35.1767 -12.87 -1114.25 Orientation: -0.283738 0.200427 -0.172123 0.921789 Time: 41676764789023
Position: -31.1667 -26.45 -1124.65 Orientation: -0.270019 0.215515 -0.170179 0.922866 Time: 41676907681986
Position: -28.55 -36.57 -1132.42 Orientation: -0.260523 0.22442 -0.166282 0.924183 Time: 41676999655537
Position: -27.36 -53.8167 -1144.34 Orientation: -0.236897 0.234163 -0.160587 0.929118 Time: 41677139272495
Position: -27.8733 -66.3633 -1153.4 Orientation: -0.220957 0.238125 -0.154883 0.932998 Time: 41677284309224
Position: -29.0767 -75.32 -1160.03 Orientation: -0.208355 0.241425 -0.152349 0.935464 Time: 41677373275192
Position: -29.9667 -90.8 -1172.91 Orientation: -0.182197 0.241406 -0.14139 0.942622 Time: 41677514457629
Position: -28.7933 -105.763 -1186.43 Orientation: -0.156316 0.235558 -0.106878 0.953234 Time: 41677657166005
Position: -27.7567 -113.413 -1193.59 Orientation: -0.149321 0.227532 -0.0822447 0.958733 Time: 41677748084307
Position: -26.71 -121.65 -1201.99 Orientation: -0.151724 0.213633 -0.04264 0.964117 Time: 41677888758416
Position: -24.3867 -131.007 -1209.22 Orientation: -0.143352 0.202593 -0.010468 0.968657 Time: 41678031691490
Position: -21.68 -142.327 -1216.04 Orientation: -0.129076 0.204115 0.017668 0.970239 Time: 41678172902633
Position: -20.9033 -148.147 -1219.7 Orientation: -0.128713 0.211788 0.0351702 0.968164 Time: 41678311309031
Position: -20.6233 -148.983 -1221.4 Orientation: -0.137185 0.215195 0.0500066 0.965594 Time: 41678403313758
Position: -21.6667 -148.543 -1226.13 Orientation: -0.145884 0.218726 0.0722085 0.962114 Time: 41678595069814
Position: -25.33 -148.8 -1226.07 Orientation: -0.138246 0.219253 0.0798404 0.962519 Time: 41678684544112
Position: -28.9267 -147.093 -1222.2 Orientation: -0.145112 0.221485 0.0792398 0.961045 Time: 41678824851516
Position: -31.56 -140.757 -1215.23 Orientation: -0.169525 0.228933 0.0825454 0.955006 Time: 41678967270559
Position: -30.5633 -134.883 -1210.93 Orientation: -0.19828 0.236649 0.0956065 0.946331 Time: 41679105496360
Position: -27.0333 -136.863 -1212.86 Orientation: -0.188018 0.257458 0.0959091 0.942956 Time: 41679249228808
Position: -24.5867 -139.313 -1215.32 Orientation: -0.174915 0.274758 0.0956751 0.940616 Time: 41679349977596
Position: -20.0667 -140.127 -1218.45 Orientation: -0.168514 0.29539 0.102375 0.934809 Time: 41679494980867
Position: -16.4833 -139.283 -1219.23 Orientation: -0.167949 0.305428 0.11161 0.930618 Time: 41679598903955
Position: -7.29333 -136.473 -1220.39 Orientation: -0.172709 0.328081 0.1357 0.91876 Time: 41679745099727
Position: 3.83333 -135.84 -1223.34 Orientation: -0.160188 0.362082 0.144819 0.906788 Time: 41679888821529
Position: 6.84 -136.8 -1224.68 Orientation: -0.146675 0.371954 0.142041 0.905517 Time: 41679978143936
