Position: -152.743 165.39 -1089.45 Orientation: 0.311091 0.185401 0.0145694 0.932007 Time: 40802092906754
Position: -154.01 169.033 -1086.41 Orientation: 0.300097 0.166469 0.0286728 0.938833 Time: 40802246117431
Position: -154.9 172.733 -1081.39 Orientation: 0.286105 0.14832 0.0506401 0.945294 Time: 40802338197438
Position: -154.873 172.943 -1078.26 Orientation: 0.275623 0.151312 0.0590382 0.947445 Time: 40802479703997
Position: -155.993 172.603 -1072.45 Orientation: 0.266922 0.149679 0.0713725 0.949344 Time: 40802639197120
Position: -156.847 173.017 -1069.34 Orientation: 0.272658 0.156914 0.0864411 0.945285 Time: 40802779828646
Position: -157.473 171.697 -1069.09 Orientation: 0.274796 0.161784 0.0752746 0.9448 Time: 40802869927425
Position: -156.777 173.133 -1071.03 Orientation: 0.277022 0.164179 0.0748058 0.943773 Time: 40803009358465
Position: -156.303 174.417 -1073.02 Orientation: 0.281216 0.161109 0.0794044 0.942686 Time: 40803152145922
Position: -156.12 173.43 -1073.47 Orientation: 0.284918 0.16141 0.0824718 0.941258 Time: 40803306257295
Position: -156.337 172.353 -1073.61 Orientation: 0.285425 0.160847 0.0819404 0.941247 Time: 40803399326206
Position: -158.013 170.06 -1072.26 Orientation: 0.284351 0.158276 0.0821383 0.941991 Time: 40803539744249
Position: -159.617 166.94 -1069.07 Orientation: 0.280925 0.154814 0.0803071 0.94375 Time: 40803682857729
Position: -161.33 162.84 -1064.41 Orientation: 0.276019 0.152977 0.0782722 0.945666 Time: 40803773654557
Position: -163.173 156.74 -1056.96 Orientation: 0.271415 0.155375 0.0793377 0.946519 Time: 40803914252055
Position: -165.27 151.79 -1049.26 Orientation: 0.26498 0.153641 0.0798373 0.948581 Time: 40804055449700
Position: -166.893 149.227 -1045.26 Orientation: 0.261883 0.153343 0.0794049 0.949525 Time: 40804147851358
Position: -168.47 146.233 -1040.74 Orientation: 0.25972 0.155746 0.0804396 0.949641 Time: 40804288149257
Position: -168.913 144.543 -1038.92 Orientation: 0.259651 0.157777 0.0803721 0.94933 Time: 40804391963988
Position: -170.977 137.86 -1030.68 Orientation: 0.254696 0.157218 0.0778091 0.950977 Time: 40804538551938
Position: -173.117 133.317 -1023.67 Orientation: 0.248756 0.158514 0.0738066 0.952652 Time: 40804696093868
Position: -177.113 126.64 -1011.86 Orientation: 0.23921 0.15954 0.0686363 0.955308 Time: 40804882936393
Position: -179.64 123.34 -1005.89 Orientation: 0.236344 0.160241 0.066203 0.956076 Time: 40804976333037
Position: -183.173 118.84 -997.857 Orientation: 0.231082 0.161644 0.0636709 0.957297 Time: 40805115695831
Position: -186.427 115.513 -991.12 Orientation: 0.227348 0.163177 0.0611706 0.958094 Time: 40805257841699
Position: -188.323 112.807 -986.417 Orientation: 0.224915 0.164911 0.0591706 0.958497 Time: 40805348811518
Position: -191.313 107.8 -978.073 Orientation: 0.218212 0.164643 0.0559031 0.960287 Time: 40805490248500
Position: -195.193 103.567 -971.567 Orientation: 0.214044 0.164908 0.0484691 0.961583 Time: 40805634167627
Position: -198.547 100.74 -967.07 Orientation: 0.209175 0.164506 0.0417682 0.963036 Time: 40805723642495
Position: -203.41 97.6067 -963.253 Orientation: 0.208654 0.16885 0.0378037 0.962561 Time: 40805863773486
Position: -204.94 95.53 -962.957 Orientation: 0.210678 0.170309 0.0397022 0.961786 Time: 40806007047981
Position: -203.953 93.3867 -964.297 Orientation: 0.212117 0.168147 0.0414034 0.961779 Time: 40806097934156
Position: -200.53 91.3767 -969.143 Orientation: 0.216087 0.167649 0.0483379 0.960658 Time: 40806239178757
Position: -197.47 91.0567 -974.73 Orientation: 0.221243 0.167374 0.0537691 0.959243 Time: 40806381119886
Position: -193.99 91.5133 -982.13 Orientation: 0.227189 0.16855 0.0597058 0.957294 Time: 40806508509380
Position: -191.527 92.6167 -987.613 Orientation: 0.231725 0.167551 0.0630068 0.95617 Time: 40806588588903
Position: -189.053 94.52 -992.95 Orientation: 0.235251 0.164312 0.0654716 0.955705 Time: 40806727861969
Position: -185.5 96.9033 -1000.29 Orientation: 0.241592 0.163717 0.0709408 0.953833 Time: 40806902209178
Position: -181.737 98.72 -1007.8 Orientation: 0.248949 0.16351 0.0767381 0.951525 Time: 40806993561480
Position: -177.357 100.007 -1015.82 Orientation: 0.256416 0.162644 0.0826386 0.949194 Time: 40807134012790
Position: -175.503 100.95 -1020.38 Orientation: 0.260549 0.16241 0.0854718 0.947857 Time: 40807276410541
Position: -173.917 103.013 -1025.94 Orientation: 0.265519 0.160678 0.0877062 0.946567 Time: 40807418751262
Position: -173.043 105.6 -1030.47 Orientation: 0.268254 0.157246 0.0869734 0.94644 Time: 40807571481554
Position: -172.027 107.323 -1034.05 Orientation: 0.27079 0.15458 0.0877744 0.946083 Time: 40807664345537
Position: -170.087 109.357 -1040.84 Orientation: 0.277316 0.150442 0.0903052 0.944621 Time: 40807805511435
Position: -167.21 110.513 -1048.27 Orientation: 0.28239 0.146879 0.0943746 0.943279 Time: 40807946594641
Position: -166.367 111.32 -1053.31 Orientation: 0.285926 0.14358 0.0947419 0.942685 Time: 40808039605951
Position: -165.623 112.927 -1058.69 Orientation: 0.28876 0.139779 0.0948086 0.942386 Time: 40808178979961
Position: -164.033 113.91 -1063.17 Orientation: 0.291352 0.135475 0.0963396 0.942061 Time: 40808321433221
Position: -162.01 114.383 -1067.39 Orientation: 0.293985 0.132841 0.0998061 0.941257 Time: 40808413112876
Position: -159.897 115.16 -1074.17 Orientation: 0.299194 0.130279 0.103976 0.939521 Time: 40808553846487
Position: -157.41 116.203 -1080.33 Orientation: 0.305097 0.129113 0.108278 0.937295 Time: 40808696721960
Position: -154.323 116.88 -1086.51 Orientation: 0.309721 0.125142 0.111008 0.935997 Time: 40808838529639
Position: -152.743 117.113 -1089.67 Orientation: 0.311488 0.125042 0.113174 0.935164 Time: 40808927834747
Position: -150.687 117.4 -1094.85 Orientation: 0.314391 0.121109 0.113209 0.934706 Time: 40809068855979
Position: -149.637 118.193 -1097.83 Orientation: 0.315455 0.119075 0.114941 0.934397 Time: 40809172039576
Position: -148.953 119.563 -1101.28 Orientation: 0.317387 0.116607 0.117041 0.933793 Time: 40809318360434
Position: -147.7 119.763 -1103.91 Orientation: 0.317501 0.116479 0.11968 0.933436 Time: 40809463929445
Position: -146.933 117.867 -1104.49 Orientation: 0.31539 0.115675 0.120842 0.934102 Time: 40809602129583
Position: -147.133 115.787 -1103.25 Orientation: 0.31325 0.116573 0.121306 0.93465 Time: 40809692385384
Position: -148.097 112.41 -1100.01 Orientation: 0.310785 0.118207 0.119841 0.935456 Time: 40809833249973
Position: -148.347 109.96 -1097 Orientation: 0.308337 0.122815 0.119781 0.93568 Time: 40809975656279
Position: -148.793 107.067 -1093.36 Orientation: 0.304356 0.118809 0.116575 0.937903 Time: 40810117400274
Position: -149.183 104.93 -1090.55 Orientation: 0.301398 0.114079 0.113412 0.939831 Time: 40810207576423
Position: -150.143 102.283 -1086.77 Orientation: 0.298994 0.113444 0.11221 0.94082 Time: 40810348189509
Position: -152.223 99.33 -1081.57 Orientation: 0.294887 0.117375 0.111108 0.941764 Time: 40810488314036
Position: -154.323 96.4067 -1076.47 Orientation: 0.291755 0.117075 0.108308 0.943102 Time: 40810631873493
Position: -155.213 94.99 -1074.25 Orientation: 0.290495 0.117112 0.107077 0.943627 Time: 40810721715635
Position: -156.52 91.78 -1069.85 Orientation: 0.288283 0.117674 0.106606 0.944288 Time: 40810879967020
Position: -156.66 89.31 -1066.56 Orientation: 0.28649 0.117243 0.107875 0.944744 Time: 40810971639452
Position: -157.61 85.46 -1061.32 Orientation: 0.282217 0.11714 0.105673 0.94629 Time: 40811111537950
Position: -159.413 82.6633 -1056.94 Orientation: 0.27855 0.117741 0.10304 0.947592 Time: 40811255881571
Position: -161.053 81.0067 -1053.71 Orientation: 0.275857 0.117277 0.101075 0.948648 Time: 40811345741203
Position: -163.303 78.6 -1049.49 Orientation: 0.271081 0.117273 0.0986052 0.950284 Time: 40811486051078
Position: -164.363 77.13 -1047.19 Orientation: 0.269277 0.118005 0.0973371 0.950837 Time: 40811589505758
Position: -166.667 74.4667 -1042.74 Orientation: 0.264418 0.116875 0.0951064 0.952564 Time: 40811735646781
Position: -168.58 71.7067 -1038.38 Orientation: 0.260626 0.118712 0.0939759 0.953494 Time: 40811876427916
Position: -170.127 69.25 -1034.68 Orientation: 0.257752 0.120509 0.0934401 0.954102 Time: 40812020887309
Position: -173.483 65.88 -1029.36 Orientation: 0.251057 0.115477 0.0865413 0.957155 Time: 40812158330657
Position: -175.367 63.8333 -1026.52 Orientation: 0.248053 0.117809 0.0855402 0.957744 Time: 40812251053204
Position: -177.153 60.35 -1022.17 Orientation: 0.24448 0.120707 0.0842047 0.95842 Time: 40812390951132
Position: -178.337 56.63 -1017.24 Orientation: 0.239915 0.123908 0.0827053 0.959295 Time: 40812534655444
Position: -178.96 54.4667 -1014.54 Orientation: 0.237485 0.127077 0.0824398 0.959508 Time: 40812627404796
Position: -180.317 51.7033 -1010.85 Orientation: 0.235052 0.128477 0.0818064 0.959975 Time: 40812765965746
Position: -183.337 48.3167 -1005.9 Orientation: 0.232316 0.129709 0.0811057 0.960534 Time: 40812908533066
Position: -189.287 45.6367 -1001.02 Orientation: 0.229783 0.128676 0.0742719 0.961835 Time: 40813097716871
Position: -191.803 44.7867 -999.953 Orientation: 0.229382 0.131008 0.0710046 0.961862 Time: 40813208169157
Position: -193.01 43.0867 -1000.26 Orientation: 0.230787 0.134912 0.0692061 0.961117 Time: 40813358451333
Position: -192.28 41.1667 -1003.19 Orientation: 0.234916 0.139543 0.0667045 0.959632 Time: 40813505447999
Position: -191.777 40.2167 -1005.88 Orientation: 0.235381 0.138875 0.0684707 0.95949 Time: 40813643441688
Position: -190.803 39.7633 -1010.05 Orientation: 0.239317 0.139543 0.0701049 0.958301 Time: 40813798130017
Position: -189.57 40.6267 -1015.47 Orientation: 0.243081 0.136475 0.0701708 0.95779 Time: 40813939421382
Position: -188.127 42.1467 -1020.19 Orientation: 0.244916 0.133109 0.0710714 0.95773 Time: 40814028752534
Position: -185.727 44.3367 -1026.66 Orientation: 0.248553 0.131044 0.0737392 0.956876 Time: 40814169549637
Position: -184.103 46.56 -1033.99 Orientation: 0.253626 0.12808 0.0735074 0.955964 Time: 40814342101915
Position: -183.087 48.6233 -1039.99 Orientation: 0.257787 0.123476 0.0724056 0.95554 Time: 40814486294597
Position: -182.833 49.54 -1042.16 Orientation: 0.257548 0.119973 0.0710373 0.956153 Time: 40814575292502
Position: -181.997 50.1633 -1044.32 Orientation: 0.256712 0.118472 0.0704365 0.95661 Time: 40814715652564
Position: -180.257 50.6233 -1046.91 Orientation: 0.255989 0.116777 0.0708394 0.956982 Time: 40814819606829
Position: -177.163 51.8767 -1051.16 Orientation: 0.258386 0.114008 0.0760722 0.95627 Time: 40814964358216
Position: -176.16 53.64 -1054.48 Orientation: 0.259618 0.112275 0.0786388 0.955933 Time: 40815106931430
Position: -173.667 54.53 -1058.76 Orientation: 0.26116 0.107444 0.079875 0.955966 Time: 40815234427571
Position: -172.367 54.83 -1060.67 Orientation: 0.262515 0.105373 0.0803047 0.955789 Time: 40815323517105
Position: -171.457 55.9133 -1063.44 Orientation: 0.264618 0.104507 0.081939 0.955166 Time: 40815464216686
Position: -170.087 56.7333 -1066.58 Orientation: 0.267059 0.102677 0.083008 0.954592 Time: 40815568087307
Position: -166.743 56.6967 -1072.27 Orientation: 0.270722 0.0997079 0.08414 0.953776 Time: 40815714282129
Position: -162.823 56.7867 -1078.55 Orientation: 0.274113 0.0962046 0.0873375 0.952879 Time: 40815856240557
Position: -161.05 57.7867 -1083.4 Orientation: 0.27818 0.0942712 0.0885709 0.951779 Time: 40815948319804
Position: -157.987 59.6967 -1089.71 Orientation: 0.28312 0.0916732 0.0907732 0.950368 Time: 40816088089223
Position: -154.54 60.81 -1096.88 Orientation: 0.287224 0.0912076 0.0948746 0.948779 Time: 40816232849165
Position: -152.47 61.16 -1101.32 Orientation: 0.290081 0.089771 0.096538 0.947879 Time: 40816322327835
Position: -149.96 61.0133 -1107.3 Orientation: 0.293289 0.0888068 0.0985742 0.946772 Time: 40816463010498
Position: -146.003 60.5433 -1114.35 Orientation: 0.295886 0.088439 0.102073 0.945627 Time: 40816604350529
Position: -143.323 60.51 -1118.54 Orientation: 0.297221 0.0862395 0.104307 0.945168 Time: 40816696648962
Position: -140.39 61.0667 -1124.71 Orientation: 0.300391 0.0835401 0.106675 0.944143 Time: 40816839918705
Position: -139.223 61.36 -1127.33 Orientation: 0.302226 0.0841739 0.108609 0.943281 Time: 40816944462662
Position: -138.637 61.6933 -1128.83 Orientation: 0.300792 0.0808736 0.108143 0.944081 Time: 40817087368932
Position: -138.793 62.04 -1129.4 Orientation: 0.30049 0.0778727 0.107175 0.94454 Time: 40817230715285
Position: -139.037 61.5833 -1128.52 Orientation: 0.300031 0.080575 0.107711 0.944398 Time: 40817322134503
Position: -139.547 59.4533 -1125.41 Orientation: 0.296958 0.0799733 0.106609 0.945545 Time: 40817461508512
Position: -139.607 55.8867 -1120.49 Orientation: 0.293088 0.0799058 0.106208 0.946802 Time: 40817601507954
Position: -141.387 51.7067 -1114.74 Orientation: 0.289725 0.082407 0.103876 0.947881 Time: 40817746057644
Position: -142.533 48.7833 -1110.75 Orientation: 0.285628 0.0822748 0.10211 0.949327 Time: 40817836076200
Position: -143.497 43.98 -1104.81 Orientation: 0.279458 0.0803405 0.0996755 0.951585 Time: 40817978670135
Position: -144.233 39.26 -1099.1 Orientation: 0.274848 0.0828044 0.0970719 0.952984 Time: 40818166307471
Position: -145.697 34.2467 -1095.02 Orientation: 0.274991 0.0847075 0.0919415 0.953284 Time: 40818307259886
Position: -146.183 29.29 -1089.65 Orientation: 0.270383 0.0857718 0.0910721 0.95459 Time: 40818460144350
Position: -146.717 26.0767 -1085.36 Orientation: 0.267147 0.0852711 0.0899713 0.95565 Time: 40818552783253
Position: -147.323 21.37 -1079.03 Orientation: 0.261149 0.0864051 0.089772 0.957223 Time: 40818694278407
Position: -148.463 17.84 -1074.06 Orientation: 0.256389 0.0868077 0.0882078 0.958618 Time: 40818835530041
Position: -150.1 15.75 -1070.69 Orientation: 0.252218 0.0850727 0.085006 0.960168 Time: 40818928033782
Position: -152.933 12.7033 -1065.91 Orientation: 0.24578 0.0815044 0.080271 0.962552 Time: 40819067858901
Position: -155.873 10.1867 -1061.93 Orientation: 0.242581 0.082505 0.0772381 0.963526 Time: 40819208517992
Position: -158.88 8.01667 -1058.17 Orientation: 0.239842 0.0822362 0.0738359 0.964501 Time: 40819301366576
Position: -162.95 4.35333 -1052.87 Orientation: 0.234985 0.0841731 0.0710055 0.965741 Time: 40819441478176
Position: -165.96 0.116667 -1048.87 Orientation: 0.230614 0.0848052 0.0684042 0.966926 Time: 40819585004174
Position: -167.613 -2.43 -1046.1 Orientation: 0.227358 0.0842423 0.0661404 0.967903 Time: 40819675629151
Position: -171.587 -4.89667 -1042.44 Orientation: 0.223348 0.0830056 0.0601707 0.969332 Time: 40819817131338
Position: -175.86 -6.43333 -1041.46 Orientation: 0.226349 0.0881728 0.0565039 0.9684 Time: 40819960903517
Position: -178.31 -7.84333 -1039.53 Orientation: 0.22535 0.0899399 0.0547706 0.96857 Time: 40820051294480
Position: -180.127 -10.1567 -1036.62 Orientation: 0.221887 0.0899749 0.0531715 0.969455 Time: 40820190589788
Position: -181.963 -12.2067 -1033.76 Orientation: 0.218149 0.0913732 0.0513704 0.97027 Time: 40820334143732
Position: -184.203 -13.9533 -1030.43 Orientation: 0.212687 0.0903088 0.0464712 0.971828 Time: 40820425430449
Position: -185.617 -17.2133 -1027.11 Orientation: 0.210278 0.0964384 0.0366019 0.972185 Time: 40820566325074
Position: -187.193 -19.0733 -1024.24 Orientation: 0.20515 0.0955409 0.0305358 0.973577 Time: 40820707389269
Position: -188.573 -19.9267 -1023.15 Orientation: 0.202743 0.0943376 0.0254678 0.974345 Time: 40820800740099
Position: -189.06 -20.88 -1025.58 Orientation: 0.20351 0.0952048 0.0151341 0.974315 Time: 40820940333485
Position: -186.493 -20.2467 -1034.85 Orientation: 0.209878 0.0949049 0.00720038 0.973084 Time: 40821083676417
Position: -183.987 -18.6967 -1042.32 Orientation: 0.215712 0.0948384 0.00646702 0.971819 Time: 40821174287896
Position: -180.417 -16.99 -1048.87 Orientation: 0.21805 0.0930405 0.00996743 0.971441 Time: 40821314968658
Position: -177.077 -16.4 -1054.42 Orientation: 0.222913 0.0926053 0.0144342 0.970323 Time: 40821457193038
Position: -172.747 -15.5233 -1061.76 Orientation: 0.230117 0.0941071 0.0210683 0.968373 Time: 40821598024739
Position: -169.353 -14.3567 -1067.59 Orientation: 0.236455 0.0972756 0.0268358 0.966388 Time: 40821688639261
Position: -166.127 -12.6767 -1074.49 Orientation: 0.241257 0.0962093 0.0306696 0.965193 Time: 40821829086769
Position: -162.653 -11.58 -1081.04 Orientation: 0.245648 0.096039 0.0349354 0.963957 Time: 40821968864933
Position: -159.93 -11.1033 -1086.04 Orientation: 0.249981 0.0988058 0.0394023 0.96239 Time: 40822114075794
Position: -157.64 -10.94 -1090.26 Orientation: 0.252921 0.098208 0.0418701 0.961579 Time: 40822203756350
Position: -155.3 -11.0333 -1095.5 Orientation: 0.255187 0.094741 0.0422368 0.961311 Time: 40822343809970
Position: -154.603 -11.2333 -1101.46 Orientation: 0.257752 0.0932736 0.0406697 0.960838 Time: 40822486706545
Position: -153.993 -10.99 -1105.96 Orientation: 0.257517 0.0961732 0.0394693 0.960665 Time: 40822587949974
Position: -151.5 -9.55333 -1111.35 Orientation: 0.252888 0.0930746 0.0451705 0.961948 Time: 40822733734179
Position: -147.747 -8.20333 -1116.44 Orientation: 0.249119 0.0935737 0.0567043 0.962273 Time: 40822877638097
Position: -144.623 -7.91 -1120.94 Orientation: 0.250152 0.0932736 0.062538 0.961672 Time: 40822967372072
Position: -141.007 -8.00333 -1126.01 Orientation: 0.253324 0.0940423 0.0675731 0.960425 Time: 40823107836310
Position: -135.567 -7.77 -1133.23 Orientation: 0.258777 0.0954371 0.0742696 0.958337 Time: 40823252979114
Position: -132.82 -6.77667 -1138.02 Orientation: 0.264046 0.0980047 0.0787704 0.956279 Time: 40823341840717
Position: -130.693 -4.98 -1144.29 Orientation: 0.269992 0.0961423 0.0809742 0.954623 Time: 40823482532315
Position: -128.557 -3.35 -1149.67 Orientation: 0.27309 0.0960415 0.0848406 0.953415 Time: 40823626959390
Position: -127.71 -1.90667 -1153.18 Orientation: 0.274988 0.0947074 0.0866401 0.952841 Time: 40823716254423
Position: -128.21 0.206667 -1158.13 Orientation: 0.27975 0.0920056 0.0873053 0.951658 Time: 40823860379809
Position: -127.787 2.64 -1164.85 Orientation: 0.288554 0.0956736 0.0897398 0.948435 Time: 40824015814093
Position: -126.44 2.37 -1166.27 Orientation: 0.290018 0.0948726 0.0912391 0.947926 Time: 40824107052905
Position: -124.267 -0.266667 -1164.94 Orientation: 0.286985 0.0928059 0.0945727 0.948727 Time: 40824249732385
Position: -123.603 -4.2 -1159.4 Orientation: 0.279924 0.0899077 0.0988085 0.950682 Time: 40824389279576
Position: -123.9 -7.29333 -1154.47 Orientation: 0.273888 0.0861734 0.100808 0.952574 Time: 40824480485121
Position: -124.757 -13.4967 -1146.45 Orientation: 0.267582 0.0836382 0.100506 0.954622 Time: 40824669920239
Position: -125.57 -15.7267 -1142.98 Orientation: 0.265081 0.0826377 0.0997719 0.955484 Time: 40824761081490
Position: -126.913 -18.35 -1138.46 Orientation: 0.262788 0.0836069 0.0990081 0.956112 Time: 40824902948670
Position: -128.57 -21.96 -1132.48 Orientation: 0.258821 0.0857737 0.097608 0.957145 Time: 40825044832389
Position: -129.56 -24.7067 -1128.29 Orientation: 0.256256 0.0864078 0.0962087 0.95792 Time: 40825135705067
Position: -130.77 -29.3567 -1120.88 Orientation: 0.250419 0.0895067 0.0956071 0.959238 Time: 40825277118286
Position: -132.397 -34 -1112.5 Orientation: 0.243488 0.0884743 0.0949415 0.961183 Time: 40825423127569
Position: -133.47 -37.0633 -1107.02 Orientation: 0.238088 0.0868077 0.0946084 0.962719 Time: 40825558116907
Position: -134.563 -38.4667 -1104.48 Orientation: 0.236256 0.0865751 0.0932091 0.963327 Time: 40825650494042
Position: -137.153 -40.3267 -1100.87 Orientation: 0.234207 0.0879026 0.0905361 0.963962 Time: 40825790710768
Position: -139.033 -41.97 -1098.21 Orientation: 0.231849 0.0861058 0.0879726 0.964931 Time: 40825931675731
Position: -139.533 -43.27 -1096.36 Orientation: 0.230054 0.085541 0.0867744 0.96552 Time: 40826024918964
Position: -140.27 -45.7033 -1092.81 Orientation: 0.226451 0.0862399 0.0856732 0.966407 Time: 40826166037528
Position: -141.137 -46.86 -1090.89 Orientation: 0.224451 0.0868736 0.0853734 0.966843 Time: 40826269261806
Position: -145.157 -48.7767 -1086.68 Orientation: 0.220248 0.086139 0.0796386 0.968364 Time: 40826416313221
Position: -148.92 -50.21 -1083.53 Orientation: 0.21678 0.0869052 0.0740044 0.969524 Time: 40826577151687
Position: -153.78 -52.0767 -1079.58 Orientation: 0.212017 0.0863736 0.0663387 0.971178 Time: 40826665378354
Position: -156.973 -53.5267 -1076.86 Orientation: 0.209118 0.0872406 0.0625386 0.971981 Time: 40826805476267
Position: -161.007 -55.89 -1073.27 Orientation: 0.207213 0.0897723 0.0587703 0.972394 Time: 40826949737765
Position: -163.623 -58.3567 -1069.1 Orientation: 0.204782 0.0906399 0.0569375 0.972937 Time: 40827087398017
Position: -165.98 -61.4933 -1063.28 Orientation: 0.201576 0.0927708 0.0574359 0.973377 Time: 40827229011793
Position: -167.097 -63.3567 -1060.25 Orientation: 0.201078 0.0970386 0.0587365 0.972986 Time: 40827320262962
Position: -169.497 -64.9267 -1057.63 Orientation: 0.202152 0.0978755 0.0580386 0.972721 Time: 40827460783279
Position: -171.53 -65.5967 -1056.41 Orientation: 0.201016 0.0991411 0.0566711 0.972909 Time: 40827603551916
Position: -174.2 -66.53 -1054.67 Orientation: 0.200978 0.101072 0.054303 0.972853 Time: 40827743428362
Position: -176.32 -68.51 -1052.18 Orientation: 0.199477 0.103339 0.052636 0.973016 Time: 40827883155009
Position: -177.44 -69.7367 -1050.97 Orientation: 0.198712 0.103639 0.051703 0.97319 Time: 40827975812732
Position: -180.01 -70.53 -1050.76 Orientation: 0.198245 0.102539 0.0480361 0.97359 Time: 40828115898859
Position: -180.87 -70.6833 -1051.36 Orientation: 0.201419 0.102343 0.0438374 0.973157 Time: 40828260896046
Position: -176.437 -71.55 -1050.87 Orientation: 0.20555 0.105442 0.0476706 0.971781 Time: 40828349896803
Position: -162.673 -73.94 -1047.97 Orientation: 0.204711 0.106039 0.0655037 0.970854 Time: 40828490534982
Position: -149.26 -75.2133 -1048.26 Orientation: 0.207041 0.106337 0.0750362 0.969637 Time: 40828633615575
Position: -140.083 -74.4667 -1048.39 Orientation: 0.206617 0.103442 0.0823733 0.969445 Time: 40828772379932
Position: -133.563 -74.4067 -1046.81 Orientation: 0.208178 0.103772 0.0879382 0.968587 Time: 40828864810485
Position: -123.97 -75.79 -1042 Orientation: 0.206914 0.102374 0.0943732 0.968401 Time: 40829004805554
Position: -115.807 -77.8033 -1038.56 Orientation: 0.20295 0.101075 0.0966748 0.969149 Time: 40829149641536
Position: -111.86 -78.57 -1037.75 Orientation: 0.202914 0.102641 0.0979069 0.968868 Time: 40829238638111
Position: -107.38 -79.45 -1034.5 Orientation: 0.200222 0.102878 0.0991776 0.969273 Time: 40829380084408
Position: -103.223 -81.3067 -1029.96 Orientation: 0.193045 0.101506 0.0999396 0.970794 Time: 40829521567204
Position: -100.09 -82.1533 -1028.25 Orientation: 0.190376 0.104005 0.103838 0.970648 Time: 40829613326702
Position: -96.8333 -82.6767 -1025.65 Orientation: 0.186687 0.104178 0.107878 0.970905 Time: 40829753965451
Position: -92.1333 -82.8 -1022.79 Orientation: 0.183644 0.104239 0.11364 0.970822 Time: 40829896274616
Position: -90.49 -82.4967 -1022.88 Orientation: 0.183877 0.103906 0.113873 0.970786 Time: 40830036571184
Position: -90.8867 -81.3667 -1023.32 Orientation: 0.184411 0.102173 0.11254 0.971024 Time: 40830127482453
Position: -89.46 -79.48 -1025.41 Orientation: 0.186046 0.102974 0.113641 0.970499 Time: 40830268007332
Position: -87.13 -77.2067 -1030.3 Orientation: 0.19098 0.10124 0.114408 0.969633 Time: 40830412078539
Position: -86.41 -75.8867 -1032.34 Orientation: 0.193045 0.100273 0.114407 0.969325 Time: 40830502283583
Position: -84.5133 -72.9467 -1035.89 Orientation: 0.195946 0.097873 0.115741 0.968829 Time: 40830643194937
Position: -82.5 -69.7033 -1042.06 Orientation: 0.202608 0.0957704 0.116271 0.967605 Time: 40830785597821
Position: -80.8633 -65.9167 -1049.22 Orientation: 0.209518 0.0958084 0.118277 0.965885 Time: 40830923752906
Position: -79.68 -63.6933 -1052.94 Orientation: 0.212746 0.093739 0.118474 0.965358 Time: 40831027415366
Position: -76.18 -60.8167 -1057.85 Orientation: 0.216683 0.0961738 0.122242 0.963772 Time: 40831173291769
Position: -72.8833 -58.5 -1061.81 Orientation: 0.219854 0.0960092 0.125179 0.962692 Time: 40831317629877
Position: -70.9233 -56.7 -1064.38 Orientation: 0.22175 0.0941403 0.126743 0.962237 Time: 40831407437041
Position: -69.01 -54.39 -1067.81 Orientation: 0.222946 0.0920384 0.12834 0.961953 Time: 40831565286364
Position: -66.6433 -51.3833 -1072.92 Orientation: 0.226719 0.0937743 0.130744 0.960579 Time: 40831657315614
Position: -65.2933 -48.6733 -1076.47 Orientation: 0.229251 0.0932406 0.131877 0.959874 Time: 40831800702839
Position: -64.3533 -44.1367 -1082.49 Orientation: 0.23342 0.089141 0.130978 0.959382 Time: 40831940976786
Position: -62.9367 -38.8233 -1090.28 Orientation: 0.240281 0.0856717 0.131074 0.95799 Time: 40832078321661
Position: -60.3033 -34.01 -1097.09 Orientation: 0.245317 0.0850058 0.133776 0.956398 Time: 40832222608253
Position: -58.7033 -31.52 -1100.97 Orientation: 0.248249 0.0831386 0.134575 0.955693 Time: 40832314671341
Position: -57.3633 -27.51 -1107.05 Orientation: 0.253017 0.0794053 0.134076 0.95483 Time: 40832500545303
Position: -55.85 -23.9067 -1111.84 Orientation: 0.255116 0.0760048 0.135875 0.954294 Time: 40832642145011
Position: -53.5867 -20.8967 -1115.79 Orientation: 0.253788 0.0726395 0.137245 0.954714 Time: 40832781873749
Position: -52.0067 -19.41 -1118.16 Orientation: 0.254083 0.0696712 0.137209 0.954862 Time: 40832873434212
Position: -49.8167 -16.8633 -1122.19 Orientation: 0.254582 0.067204 0.140975 0.954357 Time: 40833014026006
Position: -48.94 -15.1133 -1126.25 Orientation: 0.254746 0.0652365 0.14324 0.954113 Time: 40833156630397
Position: -48.92 -14.4167 -1128.21 Orientation: 0.254345 0.0636029 0.143373 0.95431 Time: 40833247279706
Position: -50.7933 -12.8467 -1132.39 Orientation: 0.251016 0.062804 0.143042 0.955293 Time: 40833389015337
Position: -51.06 -10.8333 -1136.4 Orientation: 0.244957 0.0587056 0.141247 0.957392 Time: 40833531586840
Position: -49.7333 -9.46 -1139.48 Orientation: 0.243889 0.0558718 0.142013 0.957721 Time: 40833623594419
Position: -47.2367 -7.71 -1143.7 Orientation: 0.245581 0.0530365 0.143975 0.957156 Time: 40833763315362
Position: -45.4233 -5.97333 -1147.64 Orientation: 0.247954 0.0548047 0.145712 0.956181 Time: 40833935631536
Position: -44.2133 -5.46667 -1148.74 Orientation: 0.249652 0.0566042 0.146778 0.955472 Time: 40834027454907
Position: -41.64 -5.48667 -1147.17 Orientation: 0.250156 0.0575386 0.148047 0.955088 Time: 40834167828086
Position: -37.3967 -5.70667 -1144.89 Orientation: 0.252653 0.060638 0.149111 0.954073 Time: 40834312001947
Position: -35.7333 -5.83 -1142.15 Orientation: 0.252092 0.0628064 0.151549 0.953697 Time: 40834451441922
Position: -35.23 -6.5 -1136.32 Orientation: 0.247959 0.0660734 0.152149 0.954464 Time: 40834590666703
Position: -35.7567 -6.67333 -1131.76 Orientation: 0.245219 0.072739 0.150545 0.954941 Time: 40834682112535
Position: -38.65 -6.7 -1124.23 Orientation: 0.239253 0.0723392 0.148879 0.956745 Time: 40834823787523
Position: -43.9567 -7.47 -1118.91 Orientation: 0.233117 0.0684716 0.14211 0.959569 Time: 40834961650993
Position: -47.8367 -7.17667 -1115.01 Orientation: 0.229152 0.0653721 0.137011 0.96148 Time: 40835091298883
Position: -49.78 -7.07333 -1110.52 Orientation: 0.225751 0.0649383 0.135644 0.962507 Time: 40835182259577
Position: -49.1433 -8.15333 -1104.16 Orientation: 0.220878 0.0676036 0.138241 0.963085 Time: 40835322720012
Position: -47.1933 -8.47 -1097.92 Orientation: 0.21702 0.07094 0.143914 0.962891 Time: 40835463828881
Position: -47.11 -8.22667 -1092.07 Orientation: 0.211783 0.0700056 0.146445 0.963743 Time: 40835556447063
Position: -47.9733 -8.20667 -1085.92 Orientation: 0.206242 0.0718362 0.148006 0.964572 Time: 40835697092466
Position: -49.99 -8.04333 -1081.54 Orientation: 0.203112 0.0738711 0.147942 0.965091 Time: 40835839433758
Position: -52.4667 -8.01667 -1078.95 Orientation: 0.201984 0.0734728 0.146046 0.965647 Time: 40835930826551
Position: -56.3167 -8.26667 -1074.95 Orientation: 0.19951 0.0734369 0.14304 0.966614 Time: 40836071035483
Position: -59.8067 -8.96 -1069.83 Orientation: 0.195319 0.0746071 0.14068 0.967726 Time: 40836214235079
Position: -63.1233 -9.69 -1066.17 Orientation: 0.193318 0.0759738 0.138113 0.968391 Time: 40836306139053
Position: -68.84 -10.5933 -1061.17 Orientation: 0.18991 0.0735706 0.132607 0.970019 Time: 40836445706775
Position: -72.5033 -10.9833 -1057.39 Orientation: 0.186381 0.0738055 0.129743 0.971072 Time: 40836548931434
Position: -76.2 -11.4933 -1051.1 Orientation: 0.182177 0.0776044 0.127874 0.971822 Time: 40836695228340
Position: -79.8667 -11.5167 -1045.55 Orientation: 0.178748 0.0809398 0.12641 0.972378 Time: 40836837693767
Position: -83.12 -11.8233 -1040.05 Orientation: 0.174843 0.0812046 0.12284 0.973522 Time: 40836928679935
Position: -87.34 -13.2367 -1032.85 Orientation: 0.170746 0.0845395 0.119042 0.974437 Time: 40837069868075
Position: -89.97 -13.3467 -1028.52 Orientation: 0.169548 0.0854406 0.12001 0.974449 Time: 40837173213637
Position: -94.8367 -13.0367 -1021.75 Orientation: 0.166276 0.0863715 0.117073 0.975288 Time: 40837319111142
Position: -98.38 -12.82 -1015.96 Orientation: 0.165344 0.090006 0.115841 0.975265 Time: 40837463557798
Position: -100.917 -12.9867 -1011.76 Orientation: 0.163275 0.0920046 0.114239 0.975616 Time: 40837553131327
Position: -103.803 -12.8767 -1007.72 Orientation: 0.163407 0.0948373 0.112938 0.975474 Time: 40837693749166
Position: -107.69 -13.1067 -1002.67 Orientation: 0.162311 0.0991069 0.111174 0.975435 Time: 40837836791168
Position: -112.45 -13.7667 -997.263 Orientation: 0.161779 0.103275 0.108642 0.975376 Time: 40837976406796
Position: -116.263 -13.6733 -993.163 Orientation: 0.161276 0.105673 0.106039 0.975489 Time: 40838118670716
Position: -118.347 -12.22 -992.117 Orientation: 0.161645 0.106174 0.104541 0.975535 Time: 40838261307995
Position: -118.763 -9.99333 -993.843 Orientation: 0.163073 0.107204 0.105304 0.975103 Time: 40838399003796
Position: -118.693 -8.16333 -996.213 Orientation: 0.164813 0.106042 0.104942 0.974976 Time: 40838538605166
Position: -118.123 -5.73 -1000.01 Orientation: 0.16705 0.102143 0.104777 0.97503 Time: 40838665887823
Position: -116.213 -4.41 -1003.79 Orientation: 0.169878 0.0986065 0.105774 0.974798 Time: 40838754758741
Position: -112.957 -3.15667 -1008.47 Orientation: 0.173409 0.0979717 0.109006 0.973883 Time: 40838894946382
Position: -111.06 -1.45 -1012.92 Orientation: 0.176877 0.0965054 0.11094 0.973187 Time: 40839053107280
Position: -109.527 0.753333 -1018.11 Orientation: 0.181585 0.095343 0.112411 0.972266 Time: 40839240841377
Position: -108.327 1.78667 -1020.93 Orientation: 0.18385 0.0933754 0.113044 0.971957 Time: 40839333416786
Position: -106.563 3.91333 -1026.18 Orientation: 0.187416 0.0918411 0.11481 0.971215 Time: 40839473547207
Position: -104.92 6.43 -1032.44 Orientation: 0.192482 0.0895404 0.116176 0.970276 Time: 40839612339129
Position: -103.237 8.44333 -1037.34 Orientation: 0.196311 0.0884716 0.118273 0.969354 Time: 40839756889009
Position: -102.65 9.8 -1040.53 Orientation: 0.199179 0.0869719 0.118374 0.968892 Time: 40839941224677
Position: -102.46 10.5767 -1042.52 Orientation: 0.200041 0.0863699 0.118638 0.968736 Time: 40840033590026
Position: -102.063 12.0467 -1045.45 Orientation: 0.201382 0.0838732 0.118376 0.968709 Time: 40840174715623
Position: -100.827 14.5167 -1049.8 Orientation: 0.204981 0.0834393 0.119375 0.967869 Time: 40840318594068
Position: -99.3767 16.5267 -1053.47 Orientation: 0.208548 0.0807723 0.120175 0.967234 Time: 40840408152390
Position: -97.0933 19.3467 -1058.71 Orientation: 0.21215 0.0788395 0.122043 0.966376 Time: 40840548595336
Position: -95.8733 21.2567 -1062.38 Orientation: 0.215021 0.0788743 0.123445 0.96556 Time: 40840689972246
Position: -95.6833 22.9933 -1066.18 Orientation: 0.218981 0.077905 0.123075 0.964796 Time: 40840781731364
Position: -94.4733 25.8267 -1071.9 Orientation: 0.224444 0.0775371 0.124806 0.963346 Time: 40840922770655
Position: -92.05 29.13 -1079.18 Orientation: 0.231479 0.0768039 0.126006 0.961583 Time: 40841066574961
Position: -89.1833 31.7067 -1084.24 Orientation: 0.237553 0.0775399 0.129211 0.959615 Time: 40841157483759
Position: -85.75 35.1467 -1090.28 Orientation: 0.242778 0.0753034 0.131473 0.958177 Time: 40841296935710
Position: -83.8033 37.6067 -1094.46 Orientation: 0.246051 0.0734387 0.133043 0.95727 Time: 40841441897538
Position: -82.3533 40.2533 -1098.81 Orientation: 0.249279 0.0712703 0.133874 0.956482 Time: 40841531568210
Position: -80.9267 44.5267 -1105.1 Orientation: 0.253115 0.0634703 0.131974 0.956288 Time: 40841674858483
Position: -80.5 48.4567 -1110.65 Orientation: 0.255882 0.0584702 0.130608 0.956058 Time: 40841819468816
Position: -80.1033 50.9133 -1113.59 Orientation: 0.256659 0.0558721 0.13118 0.955927 Time: 40841972374951
Position: -79.01 52.1367 -1114.69 Orientation: 0.258216 0.0549034 0.131941 0.955459 Time: 40842111375413
Position: -77.7067 52.7233 -1113.87 Orientation: 0.258313 0.0557361 0.13364 0.955148 Time: 40842202549211
Position: -76.6633 53.42 -1110.97 Orientation: 0.258917 0.0573037 0.135042 0.954695 Time: 40842342656059
Position: -77.9233 54.4767 -1108.08 Orientation: 0.257123 0.0573719 0.133779 0.955353 Time: 40842483983733
Position: -79.1867 55.3833 -1105.06 Orientation: 0.256256 0.0599387 0.134079 0.955386 Time: 40842576543365
Position: -78.9433 54.7367 -1096.88 Orientation: 0.258186 0.0728388 0.134777 0.953871 Time: 40842716920536
Position: -80.1967 50.66 -1086.06 Orientation: 0.249417 0.0735049 0.131809 0.956564 Time: 40842859489377
Position: -81.7767 48.2767 -1081.21 Orientation: 0.246145 0.0727034 0.130306 0.957678 Time: 40842951242221
Position: -85.0833 46.27 -1075.23 Orientation: 0.243148 0.0763046 0.128374 0.958424 Time: 40843091323596
Position: -88.2733 45.6467 -1068.08 Orientation: 0.236653 0.0780732 0.126811 0.960114 Time: 40843233360916
Position: -91.4067 44.94 -1062.73 Orientation: 0.23155 0.0771057 0.122942 0.961938 Time: 40843324659990
Position: -96.1367 44.33 -1056 Orientation: 0.225216 0.0766056 0.117409 0.96417 Time: 40843465864669
Position: -99.3633 44.0233 -1049.77 Orientation: 0.219618 0.0802399 0.116476 0.965279 Time: 40843609411199
Position: -100.96 43.7367 -1046.02 Orientation: 0.216251 0.0814065 0.116176 0.965977 Time: 40843699117799
Position: -101.56 43.17 -1043.56 Orientation: 0.214244 0.0817039 0.115506 0.96648 Time: 40843839860344
Position: -100.667 43.41 -1041.7 Orientation: 0.212253 0.0824411 0.116878 0.966691 Time: 40843982646851
Position: -101.533 43.7833 -1039.51 Orientation: 0.210284 0.0822735 0.115676 0.96728 Time: 40844074576488
Position: -103.787 43.8433 -1034.48 Orientation: 0.207212 0.0831716 0.113207 0.968158 Time: 40844214113795
Position: -106.443 43.55 -1027.81 Orientation: 0.202683 0.0887738 0.111842 0.968778 Time: 40844357784650
Position: -109.787 43.61 -1022.73 Orientation: 0.200082 0.0927737 0.109542 0.969206 Time: 40844448243288
Position: -114.963 44.3933 -1016.92 Orientation: 0.198776 0.101005 0.106605 0.96898 Time: 40844588816833
Position: -119.863 45.0567 -1011.96 Orientation: 0.196713 0.104774 0.102307 0.969464 Time: 40844733738361
Position: -124.573 46.9367 -1007.48 Orientation: 0.198477 0.111506 0.100105 0.968583 Time: 40844870546962
Position: -127.737 47.5567 -1003.61 Orientation: 0.196643 0.113339 0.0968046 0.969079 Time: 40844963574432
Position: -131.697 47.49 -996.077 Orientation: 0.192578 0.11804 0.0935386 0.969655 Time: 40845156559489
Position: -134.61 47.0567 -991.877 Orientation: 0.188215 0.117376 0.0891069 0.971009 Time: 40845244203877
Position: -136.93 46.72 -987.803 Orientation: 0.183774 0.116705 0.0854034 0.972272 Time: 40845384673438
Position: -138.977 46.4367 -983.643 Orientation: 0.18191 0.11864 0.0846713 0.972453 Time: 40845528150770
Position: -140.37 46.4233 -981.093 Orientation: 0.180778 0.124708 0.0847721 0.971895 Time: 40845619230088
Position: -145.087 46.1733 -973.44 Orientation: 0.173815 0.125844 0.0796734 0.973449 Time: 40845758673865
Position: -149.983 46.55 -964.997 Orientation: 0.16548 0.12701 0.0729391 0.975277 Time: 40845901917754
Position: -152.023 48.43 -962.667 Orientation: 0.162877 0.125141 0.0697042 0.976193 Time: 40846041375598
Position: -152.223 50.04 -963.673 Orientation: 0.163448 0.124245 0.0695729 0.976221 Time: 40846132600532
Position: -150.723 54.2633 -969.407 Orientation: 0.168876 0.121707 0.0722707 0.975421 Time: 40846273574810
Position: -147.897 58.3767 -976.947 Orientation: 0.175851 0.118245 0.0759743 0.974332 Time: 40846415598253
Position: -145.753 60.8333 -982.36 Orientation: 0.182319 0.118145 0.0791747 0.972899 Time: 40846507213273
Position: -142.983 63.89 -989.133 Orientation: 0.190048 0.117576 0.0833065 0.971142 Time: 40846648609384
Position: -140.523 66.2733 -994.167 Orientation: 0.195909 0.116105 0.087204 0.969812 Time: 40846792192413
Position: -139.343 67.3367 -997.063 Orientation: 0.199211 0.11724 0.0895716 0.968786 Time: 40846882044060
Position: -136.66 69.1233 -1003.15 Orientation: 0.20518 0.114974 0.0925726 0.967529 Time: 40847022004341
Position: -134.303 70.6567 -1008.8 Orientation: 0.210446 0.11384 0.0953725 0.966259 Time: 40847164491249
Position: -133.543 71.7633 -1012.96 Orientation: 0.215282 0.113508 0.0960069 0.965169 Time: 40847256584753
Position: -132.847 73.45 -1020.59 Orientation: 0.224253 0.11431 0.097442 0.962886 Time: 40847397442119
Position: -131.567 74.58 -1025.91 Orientation: 0.228576 0.111405 0.0984376 0.962108 Time: 40847538875679
Position: -130.847 75.05 -1028.24 Orientation: 0.230718 0.110375 0.0988409 0.961674 Time: 40847631082293
Position: -129.083 76.1233 -1033.66 Orientation: 0.235114 0.106806 0.0997058 0.960923 Time: 40847771321262
Position: -126.6 77.6533 -1040.42 Orientation: 0.240153 0.104809 0.102075 0.959647 Time: 40847915215105
Position: -125.463 78.78 -1044.84 Orientation: 0.244083 0.102974 0.102274 0.958833 Time: 40848005261605
Position: -124.057 80.5267 -1051.1 Orientation: 0.249219 0.101341 0.103608 0.957541 Time: 40848144844726
Position: -122.277 82.2333 -1055.29 Orientation: 0.252246 0.0986051 0.105605 0.956816 Time: 40848287577054
Position: -120.873 83.5533 -1058.03 Orientation: 0.254381 0.0987723 0.107806 0.955988 Time: 40848379812944
Position: -116.423 87.3133 -1064.96 Orientation: 0.260583 0.0984061 0.11294 0.95376 Time: 40848520247145
Position: -111.68 91.6267 -1071.14 Orientation: 0.266417 0.0960061 0.118674 0.951694 Time: 40848661354303
Position: -108.507 96.28 -1077.09 Orientation: 0.27302 0.094307 0.123542 0.94937 Time: 40848800117519
Position: -107.16 98.69 -1080 Orientation: 0.275976 0.0917365 0.124571 0.948633 Time: 40848883845074
Position: -105.18 101.623 -1082.83 Orientation: 0.276293 0.0894752 0.126079 0.948557 Time: 40849019733778
Position: -102.637 104.743 -1086.43 Orientation: 0.278123 0.0856404 0.12781 0.948144 Time: 40849161182167
Position: -101.237 106.163 -1088.13 Orientation: 0.279314 0.0835376 0.128307 0.947915 Time: 40849253065610
Position: -99.43 107.837 -1090.46 Orientation: 0.277377 0.084903 0.124771 0.948834 Time: 40849393408943
Position: -98.3933 108.983 -1090.09 Orientation: 0.276083 0.0840383 0.123741 0.949423 Time: 40849496851267
Position: -98.7067 109.203 -1085.26 Orientation: 0.269125 0.0891415 0.123745 0.950954 Time: 40849643005597
Position: -100.53 109.297 -1079.94 Orientation: 0.262559 0.0983765 0.121545 0.952161 Time: 40849785178079
Position: -102.783 108.773 -1075.69 Orientation: 0.256895 0.0971774 0.118546 0.954206 Time: 40849877669274
Position: -108.663 106.973 -1066.82 Orientation: 0.248319 0.0956407 0.108608 0.957807 Time: 40850018960449
Position: -114.017 104.94 -1058.88 Orientation: 0.239449 0.0952396 0.10384 0.96063 Time: 40850160108098
Position: -116.687 103.25 -1053.15 Orientation: 0.230886 0.0912409 0.100042 0.963514 Time: 40850251420479
Position: -118.543 101.81 -1044.32 Orientation: 0.219178 0.0839376 0.100272 0.966882 Time: 40850393104212
Position: -121.617 100.183 -1035.68 Orientation: 0.206956 0.0780419 0.0938437 0.970707 Time: 40850533195091
Position: -123.943 99.44 -1030.74 Orientation: 0.20252 0.0803412 0.0916756 0.971662 Time: 40850676870129
Position: -126.61 98.7833 -1025 Orientation: 0.195417 0.0803072 0.0887746 0.973387 Time: 40850765842560
Position: -132.36 97.4333 -1015.17 Orientation: 0.183277 0.0815711 0.0821711 0.976219 Time: 40850907270798
Position: -135.953 96.5633 -1007.41 Orientation: 0.174776 0.0848047 0.0791044 0.977754 Time: 40851048284806
Position: -138 96.2033 -1002.9 Orientation: 0.170544 0.0849387 0.0773716 0.978629 Time: 40851141623090
Position: -140.363 95.67 -997.887 Orientation: 0.165547 0.0865072 0.0752396 0.979515 Time: 40851283881688
Position: -143.8 94.7433 -991.173 Orientation: 0.158613 0.0886737 0.0720057 0.980711 Time: 40851421744017
Position: -147.42 93.24 -983.49 Orientation: 0.151209 0.0937056 0.0690375 0.981626 Time: 40851566017681
Position: -148.983 92.3867 -978.697 Orientation: 0.148176 0.10264 0.0685377 0.98123 Time: 40851655890810
Position: -153.337 91.4433 -970 Orientation: 0.141342 0.111774 0.0667709 0.981362 Time: 40851795885118
Position: -156.19 90.6733 -964.487 Orientation: 0.13584 0.113605 0.064003 0.982113 Time: 40851900196202
Position: -158.2 89.3033 -958.78 Orientation: 0.130406 0.116372 0.0626363 0.982613 Time: 40852047645688
Position: -159.323 88.8733 -955.133 Orientation: 0.127007 0.11684 0.0618035 0.983055 Time: 40852152197630
Position: -162.257 89.7333 -949.247 Orientation: 0.12361 0.117543 0.0605385 0.983483 Time: 40852297979362
Position: -166.913 91.6867 -941.78 Orientation: 0.120539 0.124139 0.0590361 0.983145 Time: 40852483647635
Position: -169.637 92.49 -937.63 Orientation: 0.118872 0.124239 0.0565694 0.98348 Time: 40852626669107
Position: -170.847 92.7967 -934.44 Orientation: 0.117008 0.124109 0.0545039 0.983837 Time: 40852716396808
Position: -171.007 93.6833 -930.53 Orientation: 0.114104 0.124638 0.0534686 0.984168 Time: 40852857179845
Position: -169.773 95.5633 -930.923 Orientation: 0.114942 0.123976 0.0543041 0.984108 Time: 40852998857304
Position: -168.427 97.4067 -932.97 Orientation: 0.116608 0.122075 0.0551373 0.984104 Time: 40853091313711
Position: -165.64 100.633 -937.11 Orientation: 0.120443 0.120977 0.0590716 0.983549 Time: 40853231557622
Position: -163.32 104.05 -942.367 Orientation: 0.125842 0.117108 0.0613376 0.983202 Time: 40853373993963
Position: -160.053 108.797 -950.11 Orientation: 0.13471 0.112308 0.0652379 0.982336 Time: 40853512561756
Position: -157.137 111.617 -955.837 Orientation: 0.14021 0.109175 0.0688717 0.981671 Time: 40853605617360
Position: -152.617 115.617 -966.33 Orientation: 0.151778 0.107941 0.0758389 0.979572 Time: 40853746136916
Position: -147.74 119.817 -977.387 Orientation: 0.163144 0.103107 0.0820056 0.977767 Time: 40853894020592
Position: -144.017 123.143 -985.47 Orientation: 0.169578 0.10214 0.086739 0.976364 Time: 40854028551217
Position: -140.277 127.03 -993.023 Orientation: 0.173448 0.0973415 0.0892409 0.975949 Time: 40854169666550
Position: -136.76 129.783 -999.147 Orientation: 0.177648 0.094841 0.0913407 0.975245 Time: 40854260835784
Position: -131.21 134.013 -1007.35 Orientation: 0.18105 0.0956087 0.0960754 0.974089 Time: 40854401480237
Position: -129 140.217 -1012.46 Orientation: 0.170714 0.0900743 0.0957081 0.976516 Time: 40854543285064
Position: -127.42 145.677 -1020.09 Orientation: 0.180345 0.0913393 0.0984064 0.974397 Time: 40854685809992
Position: -126.61 147.763 -1023.57 Orientation: 0.18565 0.0912414 0.0999422 0.973253 Time: 40854775834441
Position: -125.167 151.183 -1028.58 Orientation: 0.190009 0.0906712 0.102338 0.972215 Time: 40854915782175
Position: -124.413 154.84 -1034.55 Orientation: 0.198243 0.0896376 0.101571 0.970746 Time: 40855058304822
Position: -122.767 158.4 -1039.75 Orientation: 0.203646 0.0923057 0.103306 0.969193 Time: 40855198954027
Position: -121.737 160.253 -1042.76 Orientation: 0.206447 0.0922393 0.103407 0.968596 Time: 40855290391304
Position: -121.26 162.937 -1046.26 Orientation: 0.208477 0.0942381 0.102972 0.968015 Time: 40855431017508
Position: -121.163 164.74 -1048.26 Orientation: 0.209675 0.0961372 0.102004 0.967672 Time: 40855576890679
Position: -119.593 167.583 -1050.81 Orientation: 0.210609 0.100038 0.100404 0.967241 Time: 40855730702264
Position: -117.97 169.813 -1052.89 Orientation: 0.210552 0.104043 0.0975755 0.96712 Time: 40855901986760
Position: -117.93 169.927 -1052.81 Orientation: 0.209048 0.103674 0.0940731 0.967833 Time: 40855992147321
Position: -118.063 168.367 -1050.9 Orientation: 0.204815 0.103608 0.0913402 0.969006 Time: 40856132797477
Position: -117.94 167.29 -1049.68 Orientation: 0.202349 0.104308 0.090707 0.969509 Time: 40856293268668
Position: -117.5 166.81 -1048.89 Orientation: 0.201313 0.10204 0.0900059 0.970031 Time: 40856382234256
Position: -117.223 167.163 -1048.92 Orientation: 0.201783 0.102642 0.0899073 0.969879 Time: 40856523221270
Position: -117.117 168.29 -1049.01 Orientation: 0.202683 0.101442 0.0892406 0.969879 Time: 40856665670539
Position: -116.12 168.907 -1049.12 Orientation: 0.203518 0.100842 0.0908082 0.969621 Time: 40856757663099
Position: -114.727 169.853 -1050.25 Orientation: 0.205945 0.101473 0.0934721 0.968789 Time: 40856896459774
Position: -113.89 170.663 -1050.82 Orientation: 0.206854 0.102344 0.0949096 0.968364 Time: 40857040662150
Position: -113.633 170.807 -1050.91 Orientation: 0.206778 0.102839 0.0949721 0.968322 Time: 40857131320395
Position: -113.72 170.783 -1051.01 Orientation: 0.206614 0.103674 0.0946729 0.968297 Time: 40857271189236
Position: -113.3 170.973 -1051.32 Orientation: 0.205946 0.101939 0.0950057 0.968591 Time: 40857415039547
Position: -112.423 171.147 -1051.65 Orientation: 0.206013 0.101473 0.096006 0.968527 Time: 40857555921815
Position: -112.557 171.333 -1051.82 Orientation: 0.206622 0.103011 0.0966768 0.968168 Time: 40857646063937
Position: -112.827 171.7 -1051.98 Orientation: 0.207443 0.103938 0.0964714 0.967914 Time: 40857786141699
Position: -113.12 171.66 -1051.84 Orientation: 0.207222 0.101877 0.0955768 0.968269 Time: 40857930332480
Position: -113.453 171.61 -1051.54 Orientation: 0.206952 0.102043 0.0954421 0.968323 Time: 40858019803926
Position: -114.2 171.687 -1051.15 Orientation: 0.206416 0.103008 0.0950406 0.968374 Time: 40858160673267
