Position: 46.53 -80.2033 -1188.6 Orientation: -0.121808 0.170145 -0.0747717 0.974999 Time: 40668507951245
Position: 46.5267 -80.23 -1188.62 Orientation: -0.121977 0.170147 -0.0747395 0.97498 Time: 40668738547908
Position: 46.5467 -80.1933 -1188.56 Orientation: -0.121778 0.169182 -0.0749403 0.975157 Time: 40668349206167
Position: 46.5267 -80.2167 -1188.59 Orientation: -0.12181 0.170247 -0.0747728 0.974981 Time: 40668598165224
Position: 46.5267 -80.25 -1188.63 Orientation: -0.122475 0.170444 -0.0747715 0.974863 Time: 40668881947489
Position: 46.5367 -80.2533 -1188.61 Orientation: -0.121912 0.16935 -0.0747073 0.975129 Time: 40669113457206
Position: 46.5333 -80.2467 -1188.62 Orientation: -0.122077 0.169681 -0.0747065 0.975051 Time: 40668972657061
Position: 46.55 -80.2633 -1188.6 Orientation: -0.122108 0.168578 -0.0747718 0.975233 Time: 40669255082578
Position: 46.5467 -80.2733 -1188.61 Orientation: -0.122309 0.16858 -0.0747724 0.975208 Time: 40669347851700
Position: 46.54 -80.2767 -1188.66 Orientation: -0.12211 0.169547 -0.074606 0.975078 Time: 40669487565420
Position: 46.5533 -80.2867 -1188.66 Orientation: -0.121842 0.168813 -0.0746055 0.975239 Time: 40669591416460
Position: 46.5667 -80.2933 -1188.63 Orientation: -0.121774 0.167543 -0.0747045 0.975459 Time: 40669737713556
Position: 46.5267 -80.3 -1188.64 Orientation: -0.122106 0.169374 -0.0745701 0.975111 Time: 40669879183425
Position: 46.53 -80.3 -1188.65 Orientation: -0.122007 0.16941 -0.0744711 0.975125 Time: 40669971651238
Position: 46.55 -80.3067 -1188.64 Orientation: -0.12204 0.168442 -0.0745372 0.975283 Time: 40670105812878
Position: 46.5267 -80.32 -1188.67 Orientation: -0.122274 0.169777 -0.0744713 0.975028 Time: 40670236260902
Position: 46.5133 -80.3167 -1188.67 Orientation: -0.122106 0.170609 -0.0743038 0.974916 Time: 40670394186835
Position: 46.53 -80.3233 -1188.69 Orientation: -0.121944 0.169515 -0.0743734 0.975122 Time: 40670567177485
Position: 46.53 -80.3167 -1188.68 Orientation: -0.121943 0.169613 -0.074339 0.975108 Time: 40670656992633
Position: 46.5467 -80.3333 -1188.69 Orientation: -0.122011 0.168249 -0.0744737 0.975325 Time: 40670798138571
Position: 46.5433 -80.3333 -1188.72 Orientation: -0.121676 0.168879 -0.0743054 0.975271 Time: 40670944694584
Position: 46.54 -80.3467 -1188.7 Orientation: -0.122144 0.169215 -0.0743398 0.975152 Time: 40671034428560
Position: 46.5433 -80.3467 -1188.68 Orientation: -0.122108 0.168578 -0.0743384 0.975267 Time: 40671174758776
Position: 46.5433 -80.35 -1188.71 Orientation: -0.121508 0.168478 -0.0742715 0.975364 Time: 40671317016613
Position: 46.5467 -80.3567 -1188.74 Orientation: -0.121706 0.168609 -0.0742705 0.975317 Time: 40671416694753
Position: 46.5333 -80.3533 -1188.7 Orientation: -0.121908 0.169177 -0.0742381 0.975195 Time: 40671562619632
Position: 46.5267 -80.36 -1188.72 Orientation: -0.121342 0.169613 -0.0740388 0.975206 Time: 40671707624994
Position: 46.5433 -80.38 -1188.71 Orientation: -0.12244 0.168409 -0.0743375 0.975254 Time: 40671845270228
Position: 46.5333 -80.3667 -1188.72 Orientation: -0.121676 0.169146 -0.0741387 0.975238 Time: 40671983238444
Position: 46.5533 -80.38 -1188.72 Orientation: -0.122071 0.16844 -0.0742361 0.975303 Time: 40672077228583
Position: 46.5467 -80.3833 -1188.72 Orientation: -0.121876 0.168212 -0.0741721 0.975371 Time: 40672217425728
Position: 46.5333 -80.3933 -1188.72 Orientation: -0.122007 0.168976 -0.0741709 0.975223 Time: 40672360489972
Position: 46.5367 -80.4 -1188.75 Orientation: -0.12204 0.168976 -0.0741375 0.975221 Time: 40672500227264
Position: 46.55 -80.4033 -1188.71 Orientation: -0.122041 0.168144 -0.0742046 0.97536 Time: 40672591568540
Position: 46.5467 -80.4 -1188.76 Orientation: -0.121477 0.168481 -0.0740398 0.975385 Time: 40672731767017
Position: 46.5433 -80.41 -1188.76 Orientation: -0.121909 0.16878 -0.0741056 0.975274 Time: 40672873666324
Position: 46.53 -80.41 -1188.74 Orientation: -0.122007 0.16901 -0.0740711 0.975225 Time: 40672976576366
Position: 46.5267 -80.4167 -1188.75 Orientation: -0.122042 0.169112 -0.0740719 0.975203 Time: 40673123773588
Position: 46.54 -80.42 -1188.74 Orientation: -0.121674 0.16831 -0.0740376 0.97539 Time: 40673266355357
Position: 46.5333 -80.4267 -1188.75 Orientation: -0.122075 0.169111 -0.0740716 0.975199 Time: 40673405170661
Position: 46.5333 -80.4267 -1188.75 Orientation: -0.121574 0.168744 -0.0740379 0.975327 Time: 40673497301235
Position: 46.5333 -80.4333 -1188.77 Orientation: -0.121771 0.168973 -0.0739693 0.975268 Time: 40673639590819
Position: 46.5233 -80.4333 -1188.78 Orientation: -0.121809 0.169746 -0.073872 0.975137 Time: 40673794621329
Position: 46.5333 -80.44 -1188.76 Orientation: -0.121973 0.168709 -0.074004 0.975286 Time: 40673886871476
Position: 46.5167 -80.44 -1188.79 Orientation: -0.121875 0.170145 -0.0738049 0.975064 Time: 40674027545585
Position: 46.5367 -80.4467 -1188.78 Orientation: -0.121773 0.168909 -0.0738707 0.975287 Time: 40674171658804
Position: 46.53 -80.45 -1188.76 Orientation: -0.121841 0.169211 -0.0738049 0.975231 Time: 40674261599989
Position: 46.5333 -80.45 -1188.78 Orientation: -0.121309 0.168579 -0.0738055 0.975407 Time: 40674401876407
Position: 46.53 -80.45 -1188.79 Orientation: -0.121411 0.168982 -0.0738069 0.975324 Time: 40674542474475
Position: 46.53 -80.4567 -1188.81 Orientation: -0.121375 0.169178 -0.0737715 0.975297 Time: 40674635500043
Position: 46.54 -80.4667 -1188.74 Orientation: -0.121842 0.168379 -0.0738719 0.97537 Time: 40674776434589
Position: 46.5233 -80.47 -1188.79 Orientation: -0.121776 0.169446 -0.0737055 0.975206 Time: 40674916827158
Position: 46.5267 -80.47 -1188.78 Orientation: -0.121475 0.169344 -0.0736715 0.975264 Time: 40675010849044
Position: 46.5433 -80.4833 -1188.76 Orientation: -0.12194 0.168242 -0.0738371 0.975384 Time: 40675150995813
Position: 46.5233 -80.48 -1188.79 Orientation: -0.121739 0.169441 -0.0737034 0.975211 Time: 40675294116517
Position: 46.5167 -80.4867 -1188.8 Orientation: -0.121708 0.169945 -0.0736383 0.975132 Time: 40675384502157
Position: 46.53 -80.49 -1188.76 Orientation: -0.12164 0.168909 -0.0736706 0.975318 Time: 40675527288664
Position: 46.52 -80.5033 -1188.8 Orientation: -0.121642 0.169612 -0.073572 0.975204 Time: 40675716883466
Position: 46.5233 -80.5067 -1188.79 Orientation: -0.121872 0.169007 -0.0736365 0.975275 Time: 40675870557228
Position: 46.5367 -80.51 -1188.75 Orientation: -0.121909 0.16818 -0.0737057 0.975408 Time: 40675961116240
Position: 46.5267 -80.5167 -1188.78 Orientation: -0.121774 0.168977 -0.0736378 0.975292 Time: 40676101693207
Position: 46.5133 -80.5167 -1188.82 Orientation: -0.121674 0.170277 -0.073471 0.975091 Time: 40676244753268
Position: 46.52 -80.5267 -1188.81 Orientation: -0.121644 0.169381 -0.0735062 0.975249 Time: 40676386208120
Position: 46.52 -80.5333 -1188.83 Orientation: -0.121708 0.169245 -0.0735048 0.975264 Time: 40676476382748
Position: 46.5133 -80.53 -1188.86 Orientation: -0.121407 0.169743 -0.0734042 0.975223 Time: 40676617328321
Position: 46.5267 -80.5367 -1188.84 Orientation: -0.12161 0.168847 -0.0734728 0.975348 Time: 40676759537302
Position: 46.53 -80.54 -1188.84 Orientation: -0.121774 0.168644 -0.0734714 0.975363 Time: 40676850412831
Position: 46.53 -80.5433 -1188.79 Orientation: -0.12171 0.168013 -0.0735058 0.975477 Time: 40676991243012
Position: 46.52 -80.5567 -1188.84 Orientation: -0.121709 0.169013 -0.073439 0.975309 Time: 40677134062216
Position: 46.5233 -80.56 -1188.84 Orientation: -0.121776 0.169147 -0.0734392 0.975278 Time: 40677225042301
Position: 46.5233 -80.5667 -1188.82 Orientation: -0.12191 0.169047 -0.0734392 0.975278 Time: 40677365465286
Position: 46.5333 -80.5633 -1188.86 Orientation: -0.121542 0.168445 -0.0733717 0.975434 Time: 40677508056180
Position: 46.5267 -80.57 -1188.86 Orientation: -0.121741 0.16891 -0.0734044 0.975326 Time: 40677609322801
Position: 46.5233 -80.5733 -1188.82 Orientation: -0.121844 0.168882 -0.0733732 0.97532 Time: 40677754816532
Position: 46.52 -80.58 -1188.86 Orientation: -0.121839 0.169141 -0.0733367 0.975279 Time: 40677895942890
Position: 46.5333 -80.5867 -1188.83 Orientation: -0.121741 0.168311 -0.0733716 0.975432 Time: 40678040513491
Position: 46.53 -80.59 -1188.85 Orientation: -0.121572 0.168607 -0.073303 0.975407 Time: 40678130243664
Position: 46.5367 -80.6033 -1188.89 Orientation: -0.121606 0.167941 -0.0733701 0.975512 Time: 40678270206986
Position: 46.5433 -80.6 -1188.84 Orientation: -0.121808 0.167511 -0.0733713 0.975561 Time: 40678412826015
Position: 46.52 -80.6 -1188.89 Orientation: -0.121609 0.169213 -0.0731722 0.975307 Time: 40678554622858
Position: 46.5333 -80.6033 -1188.87 Orientation: -0.121542 0.167879 -0.0732721 0.975538 Time: 40678690985293
Position: 46.53 -80.6067 -1188.87 Orientation: -0.121745 0.168583 -0.0732736 0.975392 Time: 40678774323711
Position: 46.55 -80.61 -1188.87 Orientation: -0.121442 0.167779 -0.0732386 0.975571 Time: 40678910357653
Position: 46.54 -80.6133 -1188.89 Orientation: -0.121409 0.168212 -0.0732052 0.975503 Time: 40679054564022
Position: 46.5467 -80.62 -1188.86 Orientation: -0.121676 0.167547 -0.0732726 0.975579 Time: 40679145247169
Position: 46.54 -80.6233 -1188.87 Orientation: -0.121641 0.167911 -0.0731713 0.975528 Time: 40679283977308
Position: 46.5233 -80.6267 -1188.88 Orientation: -0.12174 0.168475 -0.0732037 0.975416 Time: 40679428606080
Position: 46.5167 -80.6233 -1188.93 Orientation: -0.121406 0.168774 -0.0731367 0.975411 Time: 40679518590418
Position: 46.5333 -80.6333 -1188.85 Orientation: -0.121843 0.167446 -0.0732723 0.975575 Time: 40679658574081
Position: 46.5333 -80.6333 -1188.91 Orientation: -0.121609 0.167846 -0.0732387 0.975538 Time: 40679801102811
Position: 46.5167 -80.6433 -1188.93 Orientation: -0.121676 0.169213 -0.0730721 0.975306 Time: 40679929545653
Position: 46.52 -80.6467 -1188.94 Orientation: -0.12154 0.169442 -0.0730373 0.975286 Time: 40680018256886
Position: 46.55 -80.65 -1188.91 Orientation: -0.121673 0.167342 -0.073204 0.975619 Time: 40680157851983
Position: 46.5433 -80.6533 -1188.9 Orientation: -0.121443 0.16738 -0.0731393 0.975646 Time: 40680299488761
Position: 46.5233 -80.6567 -1188.91 Orientation: -0.121543 0.168513 -0.0730725 0.975444 Time: 40680391698227
Position: 46.5233 -80.6633 -1188.92 Orientation: -0.121508 0.168244 -0.0730713 0.975495 Time: 40680532465485
Position: 46.52 -80.6667 -1188.92 Orientation: -0.121776 0.168746 -0.0730723 0.975375 Time: 40680677386632
Position: 46.52 -80.6633 -1188.92 Orientation: -0.121445 0.168916 -0.0730068 0.975392 Time: 40680766142159
Position: 46.53 -80.6767 -1188.91 Orientation: -0.121738 0.168207 -0.0730696 0.975473 Time: 40680906918351
Position: 46.53 -80.6767 -1188.92 Orientation: -0.121542 0.168012 -0.0730052 0.975536 Time: 40681010166773
