Position: -146.983 -57.4 -1113.81 Orientation: -0.149715 0.109344 -0.0566722 0.981029 Time: 41459375323907
Position: -146.993 -57.4 -1113.84 Orientation: -0.149641 0.110473 -0.0565697 0.98092 Time: 41459467583179
Position: -146.987 -57.4033 -1113.84 Orientation: -0.149508 0.109439 -0.0566363 0.981052 Time: 41459606906052
Position: -146.99 -57.41 -1113.86 Orientation: -0.149411 0.109975 -0.0566376 0.981007 Time: 41460120435231
Position: -146.977 -57.4 -1113.82 Orientation: -0.149439 0.109071 -0.0566355 0.981103 Time: 41459745658813
Position: -146.967 -57.41 -1113.81 Orientation: -0.149641 0.108606 -0.0567363 0.981118 Time: 41459978449618
Position: -146.99 -57.4133 -1113.87 Orientation: -0.149377 0.110107 -0.0566038 0.980999 Time: 41460263861997
Position: -146.983 -57.4033 -1113.85 Orientation: -0.149479 0.109809 -0.056638 0.981015 Time: 41459889531745
Position: -146.983 -57.41 -1113.86 Orientation: -0.149378 0.109709 -0.0566044 0.981043 Time: 41460354309229
Position: -146.983 -57.4067 -1113.82 Orientation: -0.149608 0.109306 -0.0566031 0.981053 Time: 41460495169256
Position: -146.987 -57.4033 -1113.85 Orientation: -0.149415 0.109745 -0.0566058 0.981034 Time: 41460636388953
Position: -146.97 -57.4067 -1113.82 Orientation: -0.14968 0.108543 -0.0567051 0.981121 Time: 41460728134764
Position: -146.99 -57.4033 -1113.85 Orientation: -0.149444 0.110274 -0.0566373 0.980968 Time: 41460868686257
Position: -146.987 -57.4133 -1113.86 Orientation: -0.149542 0.109973 -0.0566032 0.980989 Time: 41461011075644
Position: -146.987 -57.41 -1113.85 Orientation: -0.149611 0.110041 -0.0566041 0.980971 Time: 41461154518378
Position: -146.983 -57.4133 -1113.85 Orientation: -0.149674 0.109872 -0.0566027 0.98098 Time: 41461306861245
Position: -146.96 -57.4133 -1113.82 Orientation: -0.149541 0.107872 -0.0567029 0.981217 Time: 41461402227333
Position: -146.983 -57.4033 -1113.83 Orientation: -0.149608 0.109573 -0.0566365 0.981022 Time: 41461542470102
Position: -146.99 -57.4067 -1113.86 Orientation: -0.149477 0.110274 -0.0566038 0.980965 Time: 41461697472098
Position: -146.97 -57.41 -1113.82 Orientation: -0.149739 0.108604 -0.0567022 0.981106 Time: 41461799354455
Position: -146.987 -57.41 -1113.85 Orientation: -0.149543 0.110174 -0.056637 0.980964 Time: 41461944589079
Position: -146.973 -57.41 -1113.83 Orientation: -0.149442 0.10914 -0.0566701 0.981093 Time: 41462088906846
Position: -146.977 -57.4067 -1113.82 Orientation: -0.149777 0.109574 -0.0566037 0.980998 Time: 41462179158085
Position: -146.987 -57.4133 -1113.85 Orientation: -0.149675 0.109473 -0.0566366 0.981023 Time: 41462319512064
Position: -146.993 -57.4067 -1113.85 Orientation: -0.149707 0.109805 -0.0566028 0.980982 Time: 41462422756303
Position: -147.013 -57.41 -1113.89 Orientation: -0.149547 0.111777 -0.0565052 0.98079 Time: 41462568779273
Position: -146.983 -57.41 -1113.83 Orientation: -0.149779 0.109409 -0.056638 0.981014 Time: 41462672612254
Position: -146.997 -57.41 -1113.91 Orientation: -0.149413 0.109909 -0.0566048 0.981016 Time: 41462865940824
Position: -146.98 -57.4067 -1113.85 Orientation: -0.149776 0.109607 -0.0566035 0.980994 Time: 41462960602018
Position: -146.98 -57.4067 -1113.86 Orientation: -0.149341 0.108772 -0.0566695 0.98115 Time: 41463098912604
Position: -146.983 -57.4033 -1113.84 Orientation: -0.149673 0.109605 -0.0566025 0.98101 Time: 41463242827169
Position: -146.967 -57.4033 -1113.81 Orientation: -0.149612 0.108409 -0.0566714 0.981148 Time: 41463333452526
Position: -146.987 -57.41 -1113.84 Orientation: -0.149873 0.110238 -0.0565692 0.980911 Time: 41463474248109
Position: -146.99 -57.41 -1113.83 Orientation: -0.149507 0.109772 -0.0566693 0.981013 Time: 41463615151668
Position: -146.987 -57.4067 -1113.82 Orientation: -0.149512 0.110109 -0.0565713 0.98098 Time: 41463709789480
Position: -146.993 -57.41 -1113.85 Orientation: -0.149576 0.110174 -0.0566035 0.980961 Time: 41463847788492
Position: -146.99 -57.4033 -1113.84 Orientation: -0.149472 0.109937 -0.0566021 0.981004 Time: 41463990682025
Position: -146.993 -57.4067 -1113.85 Orientation: -0.149578 0.110375 -0.0565709 0.98094 Time: 41464082328603
Position: -146.99 -57.41 -1113.87 Orientation: -0.149743 0.110274 -0.0565369 0.980928 Time: 41464222825348
Position: -146.977 -57.4067 -1113.86 Orientation: -0.149139 0.109138 -0.056669 0.98114 Time: 41464367306602
Position: -146.993 -57.4067 -1113.85 Orientation: -0.149647 0.110443 -0.0565718 0.980922 Time: 41464456501261
Position: -146.997 -57.4033 -1113.87 Orientation: -0.149509 0.110274 -0.0565702 0.980962 Time: 41464597011693
Position: -146.973 -57.41 -1113.81 Orientation: -0.149678 0.108675 -0.0567375 0.981105 Time: 41464741928468
Position: -146.973 -57.4067 -1113.83 Orientation: -0.149541 0.109072 -0.0567029 0.981084 Time: 41464841156260
Position: -146.98 -57.4067 -1113.84 Orientation: -0.149476 0.109974 -0.056637 0.980997 Time: 41464986850166
Position: -146.98 -57.41 -1113.85 Orientation: -0.149574 0.109705 -0.0566027 0.981014 Time: 41465131691851
Position: -146.993 -57.41 -1113.86 Orientation: -0.149506 0.110138 -0.0566357 0.980974 Time: 41465221342372
Position: -146.98 -57.41 -1113.85 Orientation: -0.149477 0.109041 -0.0566705 0.981099 Time: 41465361044876
Position: -146.977 -57.41 -1113.82 Orientation: -0.149773 0.109171 -0.0566357 0.981041 Time: 41465508900227
Position: -146.98 -57.41 -1113.83 Orientation: -0.149676 0.10944 -0.0566035 0.981028 Time: 41465597503293
Position: -146.983 -57.4033 -1113.85 Orientation: -0.149306 0.109805 -0.0566357 0.981042 Time: 41465736906198
Position: -146.987 -57.41 -1113.87 Orientation: -0.149575 0.109973 -0.0565697 0.980986 Time: 41465875784426
Position: -146.967 -57.4033 -1113.8 Orientation: -0.149476 0.108473 -0.0567367 0.981158 Time: 41466020152570
Position: -146.957 -57.4033 -1113.79 Orientation: -0.149412 0.107775 -0.0567711 0.981243 Time: 41466109884644
Position: -147.01 -57.4133 -1113.88 Orientation: -0.149575 0.112373 -0.0564697 0.98072 Time: 41466250662738
Position: -146.98 -57.4033 -1113.83 Orientation: -0.149544 0.108908 -0.0567039 0.981102 Time: 41466396060467
Position: -146.977 -57.4 -1113.82 Orientation: -0.149342 0.108673 -0.0566701 0.98116 Time: 41466485725435
Position: -146.983 -57.4067 -1113.84 Orientation: -0.149612 0.109675 -0.0566045 0.981011 Time: 41466627597178
Position: -146.987 -57.41 -1113.84 Orientation: -0.14957 0.110236 -0.0566013 0.980955 Time: 41466768524691
Position: -146.993 -57.41 -1113.88 Orientation: -0.149478 0.110509 -0.0565377 0.980942 Time: 41466906467052
Position: -147 -57.4067 -1113.9 Orientation: -0.149479 0.110776 -0.0565379 0.980912 Time: 41467048357045
Position: -146.99 -57.4067 -1113.86 Orientation: -0.149577 0.110141 -0.0565705 0.980967 Time: 41467190446262
Position: -146.983 -57.4067 -1113.86 Orientation: -0.149476 0.109707 -0.0566036 0.981029 Time: 41467283646153
Position: -146.97 -57.4067 -1113.83 Orientation: -0.149645 0.108675 -0.0567045 0.981112 Time: 41467424664153
Position: -146.993 -57.41 -1113.87 Orientation: -0.149577 0.109807 -0.0566372 0.981 Time: 41467527668675
Position: -146.997 -57.41 -1113.87 Orientation: -0.149374 0.110539 -0.0566029 0.980951 Time: 41467685064798
Position: -146.98 -57.4033 -1113.82 Orientation: -0.14931 0.109307 -0.056637 0.981097 Time: 41467826313390
Position: -146.987 -57.4067 -1113.83 Orientation: -0.149511 0.109808 -0.056671 0.981008 Time: 41467966423660
Position: -146.997 -57.4067 -1113.84 Orientation: -0.149538 0.110804 -0.0565685 0.980898 Time: 41468108826544
Position: -146.983 -57.4067 -1113.84 Orientation: -0.149708 0.109472 -0.0566363 0.981018 Time: 41468200914155
Position: -146.987 -57.41 -1113.85 Orientation: -0.149473 0.109872 -0.0566025 0.981011 Time: 41468340322573
Position: -146.99 -57.4033 -1113.85 Orientation: -0.149177 0.110375 -0.0565374 0.981003 Time: 41468487553634
Position: -146.983 -57.4033 -1113.82 Orientation: -0.149507 0.109205 -0.0566359 0.981078 Time: 41468577971401
Position: -146.98 -57.4067 -1113.83 Orientation: -0.149679 0.109242 -0.056638 0.981048 Time: 41468714709665
Position: -146.98 -57.4033 -1113.85 Orientation: -0.14964 0.109371 -0.0566024 0.981041 Time: 41468857478683
Position: -146.993 -57.4033 -1113.88 Orientation: -0.149206 0.109971 -0.0566023 0.98104 Time: 41468949263464
Position: -146.97 -57.4033 -1113.81 Orientation: -0.149678 0.108075 -0.0567375 0.981171 Time: 41469090387160
Position: -146.977 -57.4033 -1113.82 Orientation: -0.149809 0.109906 -0.05657 0.980958 Time: 41469245811179
Position: -146.97 -57.4033 -1113.81 Orientation: -0.149444 0.109041 -0.0566375 0.981106 Time: 41469338250096
Position: -146.98 -57.4067 -1113.83 Orientation: -0.149243 0.109374 -0.0566704 0.981098 Time: 41469480189704
Position: -146.99 -57.4067 -1113.84 Orientation: -0.149377 0.109507 -0.0566038 0.981066 Time: 41469621486963
Position: -146.987 -57.4033 -1113.82 Orientation: -0.149741 0.109439 -0.0566362 0.981016 Time: 41469713466407
Position: -146.98 -57.4 -1113.81 Orientation: -0.149773 0.108871 -0.0566689 0.981073 Time: 41469854223589
Position: -146.983 -57.4033 -1113.81 Orientation: -0.149512 0.109509 -0.0566378 0.981043 Time: 41469995238358
Position: -146.99 -57.4067 -1113.84 Orientation: -0.149711 0.110208 -0.056604 0.980937 Time: 41470087138340
Position: -146.973 -57.4067 -1113.8 Orientation: -0.149977 0.108341 -0.0567038 0.981098 Time: 41470229051904
Position: -146.987 -57.4067 -1113.83 Orientation: -0.149678 0.109608 -0.0566044 0.981009 Time: 41470373059238
Position: -147 -57.4067 -1113.88 Orientation: -0.149477 0.110607 -0.0565371 0.980931 Time: 41470462986545
Position: -146.987 -57.4033 -1113.84 Orientation: -0.149676 0.10974 -0.0566035 0.980995 Time: 41470602964695
Position: -146.973 -57.4 -1113.82 Orientation: -0.149746 0.108509 -0.0566715 0.981117 Time: 41470744462130
Position: -146.987 -57.4033 -1113.85 Orientation: -0.149573 0.109738 -0.0566025 0.98101 Time: 41470837954775
Position: -146.997 -57.4033 -1113.85 Orientation: -0.149578 0.110075 -0.0565709 0.980974 Time: 41470976924060
Position: -146.993 -57.4067 -1113.86 Orientation: -0.149375 0.109873 -0.0566698 0.981022 Time: 41471117751010
Position: -146.973 -57.4 -1113.83 Orientation: -0.149545 0.108542 -0.0566379 0.981146 Time: 41471259609445
Position: -146.967 -57.4033 -1113.81 Orientation: -0.149575 0.107773 -0.0567364 0.98122 Time: 41471352020988
Position: -146.977 -57.4033 -1113.82 Orientation: -0.149639 0.109104 -0.0566354 0.981069 Time: 41471491261357
Position: -146.98 -57.4033 -1113.84 Orientation: -0.149342 0.109006 -0.0566699 0.981123 Time: 41471635998487
Position: -146.973 -57.4033 -1113.83 Orientation: -0.149308 0.108472 -0.0567363 0.981184 Time: 41471726519479
Position: -146.98 -57.4033 -1113.83 Orientation: -0.149409 0.10924 -0.0566033 0.981091 Time: 41471866796086
Position: -146.98 -57.4067 -1113.83 Orientation: -0.149812 0.109108 -0.0566377 0.981042 Time: 41472008300744
Position: -146.993 -57.4033 -1113.85 Orientation: -0.14971 0.110274 -0.0565704 0.980931 Time: 41472100377900
Position: -146.97 -57.4033 -1113.79 Orientation: -0.149741 0.108539 -0.0566694 0.981115 Time: 41472240927873
Position: -146.973 -57.4033 -1113.8 Orientation: -0.149707 0.108872 -0.0567027 0.981081 Time: 41472385027215
Position: -146.987 -57.4033 -1113.83 Orientation: -0.149445 0.109576 -0.0566379 0.981046 Time: 41472523994790
Position: -146.973 -57.4033 -1113.82 Orientation: -0.149307 0.108538 -0.0567026 0.981179 Time: 41472614945789
Position: -146.977 -57.4 -1113.84 Orientation: -0.149609 0.10894 -0.0566035 0.981094 Time: 41472755829578
Position: -146.983 -57.4 -1113.82 Orientation: -0.149379 0.109943 -0.0566048 0.981017 Time: 41472902738038
Position: -146.983 -57.4 -1113.84 Orientation: -0.14961 0.108874 -0.0566704 0.981097 Time: 41473039774190
Position: -146.983 -57.4033 -1113.85 Orientation: -0.149714 0.10971 -0.0566053 0.980992 Time: 41473160701212
Position: -146.99 -57.4 -1113.85 Orientation: -0.149715 0.109945 -0.0565725 0.980967 Time: 41473305945910
Position: -146.977 -57.4033 -1113.82 Orientation: -0.149848 0.10921 -0.0566054 0.981027 Time: 41473395381427
Position: -146.97 -57.4033 -1113.82 Orientation: -0.149574 0.108772 -0.0566694 0.981114 Time: 41473535572490
Position: -146.973 -57.4 -1113.8 Orientation: -0.149645 0.109041 -0.0566709 0.981073 Time: 41473680149745
Position: -146.98 -57.41 -1113.83 Orientation: -0.149844 0.109408 -0.0566374 0.981004 Time: 41473769590585
Position: -146.98 -57.4 -1113.83 Orientation: -0.149511 0.109208 -0.056671 0.981075 Time: 41473910643564
Position: -146.987 -57.4033 -1113.84 Orientation: -0.149279 0.110376 -0.0566048 0.980984 Time: 41474051918391
Position: -146.99 -57.4033 -1113.83 Orientation: -0.149614 0.110144 -0.0566053 0.980959 Time: 41474154508113
Position: -146.987 -57.4 -1113.84 Orientation: -0.14924 0.109605 -0.0566357 0.981074 Time: 41474300125598
Position: -146.98 -57.4033 -1113.84 Orientation: -0.149641 0.109272 -0.0566362 0.98105 Time: 41474442622202
Position: -146.99 -57.4033 -1113.85 Orientation: -0.149575 0.110206 -0.0566033 0.980958 Time: 41474582064268
Position: -146.973 -57.4033 -1113.81 Orientation: -0.149779 0.109109 -0.056638 0.981047 Time: 41474674246169
