Position: -109.153 198.087 -1039.4 Orientation: 0.161977 0.15961 0.05417 0.972293 Time: 40882386158884
Position: -107.88 195.49 -1040.33 Orientation: 0.163645 0.153578 0.0590043 0.972704 Time: 40882544614058
Position: -106.253 192.043 -1042.84 Orientation: 0.167644 0.15661 0.0629039 0.971294 Time: 40882684934959
Position: -106.523 190.383 -1043.8 Orientation: 0.169946 0.156945 0.0629047 0.97084 Time: 40882777809017
Position: -107.27 187.947 -1044.59 Orientation: 0.170844 0.160543 0.0629371 0.970091 Time: 40882916746365
Position: -105.46 185.993 -1045.59 Orientation: 0.17151 0.162009 0.0660704 0.969522 Time: 40883056338801
Position: -102.247 183.663 -1047.71 Orientation: 0.171217 0.160916 0.0683734 0.969596 Time: 40883340861509
Position: -103.613 184.977 -1046.41 Orientation: 0.171216 0.161415 0.0677729 0.969555 Time: 40883198843009
Position: -101.247 182.227 -1048.19 Orientation: 0.170612 0.160745 0.0678381 0.969768 Time: 40883430486746
Position: -101.18 180.947 -1047.67 Orientation: 0.169378 0.160544 0.0676047 0.970034 Time: 40883573160904
Position: -101.463 180.347 -1048 Orientation: 0.16951 0.164043 0.068104 0.969391 Time: 40883675888069
Position: -100.697 178.71 -1050.04 Orientation: 0.171014 0.16608 0.0695057 0.96868 Time: 40883820550679
Position: -98.46 176.433 -1052.34 Orientation: 0.171077 0.164777 0.0726379 0.968661 Time: 40883962868397
Position: -97.39 174.777 -1054.06 Orientation: 0.171745 0.163145 0.0737718 0.968734 Time: 40884054565922
Position: -96.7467 172.583 -1056.39 Orientation: 0.172946 0.162812 0.0751388 0.968471 Time: 40884194515747
Position: -97.5567 169.117 -1058.17 Orientation: 0.173541 0.164407 0.0749699 0.968108 Time: 40884338228424
Position: -98.71 165.963 -1059.42 Orientation: 0.175409 0.164342 0.0741038 0.967849 Time: 40884428424154
Position: -98.97 160.673 -1060.91 Orientation: 0.176208 0.164374 0.0748366 0.967642 Time: 40884569267262
Position: -96.98 155.313 -1061.54 Orientation: 0.174244 0.161577 0.0762049 0.968362 Time: 40884713301970
Position: -95.84 152.477 -1062.42 Orientation: 0.173979 0.160278 0.0773388 0.968535 Time: 40884803161221
Position: -96.07 149.79 -1064.07 Orientation: 0.174508 0.159207 0.0774036 0.968612 Time: 40884942632563
Position: -95.28 146.17 -1067.03 Orientation: 0.175347 0.159612 0.079306 0.96824 Time: 40885085419640
Position: -94.14 142.853 -1069.3 Orientation: 0.175446 0.160311 0.0817724 0.967901 Time: 40885177855325
Position: -91.99 137.387 -1073.09 Orientation: 0.176608 0.15764 0.0851036 0.967841 Time: 40885317950007
Position: -88.7967 130.473 -1078.24 Orientation: 0.177349 0.15368 0.0880075 0.968083 Time: 40885460978512
Position: -86.45 125.523 -1082.02 Orientation: 0.178183 0.150047 0.0892413 0.968387 Time: 40885552284429
Position: -84.1867 121.037 -1085.47 Orientation: 0.179214 0.147111 0.0914404 0.968442 Time: 40885692902268
Position: -83.61 118.047 -1087.62 Orientation: 0.17981 0.149675 0.0930053 0.967789 Time: 40885835772419
Position: -84.45 115.173 -1090.45 Orientation: 0.182214 0.152879 0.0936408 0.966777 Time: 40885974771170
Position: -83.9767 113.18 -1092.09 Orientation: 0.182644 0.154242 0.0955723 0.96629 Time: 40886066252170
Position: -82.7633 109.927 -1094.46 Orientation: 0.182045 0.15521 0.099073 0.965895 Time: 40886258207453
Position: -82.4733 107.94 -1096.7 Orientation: 0.183179 0.15531 0.0994066 0.965631 Time: 40886347466366
Position: -81.58 105.117 -1098.1 Orientation: 0.182283 0.155981 0.100109 0.96562 Time: 40886487883268
Position: -79.9833 101.267 -1098.59 Orientation: 0.180348 0.155879 0.101275 0.965878 Time: 40886630845999
Position: -79.1367 98.48 -1100.82 Orientation: 0.180882 0.15528 0.102475 0.965748 Time: 40886771769709
Position: -78.9433 96.83 -1103.78 Orientation: 0.183146 0.155744 0.103207 0.965168 Time: 40886862525285
Position: -79.2033 94.4767 -1107.27 Orientation: 0.184379 0.15581 0.10344 0.964898 Time: 40887002410476
Position: -79.0633 92.5367 -1110.26 Orientation: 0.18621 0.156275 0.104872 0.964316 Time: 40887142456681
Position: -79.4 90.5333 -1112.28 Orientation: 0.186876 0.155441 0.104338 0.96438 Time: 40887287570591
Position: -79.2767 88.78 -1114.22 Orientation: 0.187641 0.15644 0.105238 0.963972 Time: 40887376798708
Position: -79.0267 85.7967 -1117.36 Orientation: 0.188652 0.156949 0.106111 0.963596 Time: 40887516918102
Position: -78.07 82.3133 -1121.06 Orientation: 0.190347 0.156178 0.107475 0.963237 Time: 40887658461541
Position: -77.27 79.5633 -1123.93 Orientation: 0.191809 0.15544 0.108572 0.962943 Time: 40887751358791
Position: -75.4967 75.76 -1128.52 Orientation: 0.194041 0.154873 0.111605 0.96224 Time: 40887894061083
Position: -73.7533 72.4767 -1133.07 Orientation: 0.197248 0.154278 0.113708 0.961437 Time: 40888050557460
Position: -73.2633 70.4667 -1135.65 Orientation: 0.198482 0.154246 0.114376 0.961109 Time: 40888142372657
Position: -75.3067 66.62 -1139.86 Orientation: 0.20295 0.149845 0.110342 0.961344 Time: 40888309142453
Position: -76.19 64.77 -1141.18 Orientation: 0.204281 0.147777 0.108708 0.961568 Time: 40888389332615
Position: -77.85 61.5033 -1143.06 Orientation: 0.205813 0.147009 0.106907 0.961561 Time: 40888529475012
Position: -79.93 59.2067 -1146.21 Orientation: 0.209941 0.146305 0.105771 0.960902 Time: 40888674422393
Position: -80.0033 57.0567 -1148.82 Orientation: 0.212313 0.144942 0.105707 0.960594 Time: 40888766801808
Position: -78.6233 52.8633 -1152.81 Orientation: 0.214576 0.142273 0.108238 0.960208 Time: 40888904061709
Position: -78.8867 48.5067 -1157.14 Orientation: 0.218786 0.144046 0.110343 0.958753 Time: 40889049232268
Position: -79.4933 46.6133 -1158.35 Orientation: 0.219513 0.142841 0.109873 0.958821 Time: 40889138414761
Position: -79.0467 42.8567 -1160.38 Orientation: 0.219718 0.144612 0.112442 0.958211 Time: 40889278646315
Position: -77.37 37.1167 -1162.83 Orientation: 0.219385 0.148279 0.116176 0.957281 Time: 40889420651508
Position: -76.38 32.94 -1164.27 Orientation: 0.218754 0.148814 0.117711 0.957155 Time: 40889511964839
Position: -74.2833 27.69 -1166.96 Orientation: 0.218478 0.154175 0.12134 0.955915 Time: 40889656144594
Position: -73.4 24.0933 -1171.49 Orientation: 0.222453 0.160247 0.124044 0.95365 Time: 40889794321730
Position: -73.7533 22.5167 -1172.78 Orientation: 0.222888 0.159082 0.123178 0.953856 Time: 40889886018685
Position: -75.6567 19.4833 -1175.73 Orientation: 0.224889 0.157216 0.119779 0.954129 Time: 40890030712282
Position: -76.82 15.29 -1179.21 Orientation: 0.224586 0.153913 0.116177 0.955183 Time: 40890168122172
Position: -75.87 10.8267 -1183.16 Orientation: 0.225487 0.157514 0.11671 0.954318 Time: 40890310597103
Position: -75.98 8.63667 -1185.73 Orientation: 0.225683 0.159945 0.119109 0.953571 Time: 40890401949025
Position: -76.5433 5.11 -1189.08 Orientation: 0.225651 0.156212 0.121409 0.953907 Time: 40890542122979
Position: -77.17 2.40667 -1190.9 Orientation: 0.225026 0.14515 0.11948 0.956044 Time: 40890685370670
Position: -79.2833 0.283333 -1193.27 Orientation: 0.225583 0.140344 0.116442 0.957004 Time: 40890776062372
Position: -83.1467 -1.12333 -1196.79 Orientation: 0.229876 0.140939 0.114971 0.956073 Time: 40890915616407
Position: -84.28 -3.54333 -1197.62 Orientation: 0.228384 0.136077 0.114375 0.957205 Time: 40891058789579
Position: -83.6533 -5.71667 -1197.55 Orientation: 0.224517 0.131377 0.116609 0.958506 Time: 40891150220773
Position: -82.1967 -9.12 -1197.86 Orientation: 0.218351 0.128711 0.124144 0.959346 Time: 40891290546426
Position: -80.25 -12.9367 -1199.65 Orientation: 0.221986 0.129611 0.125744 0.958182 Time: 40891436291660
Position: -79.3 -15.6833 -1201.25 Orientation: 0.224115 0.126775 0.125242 0.958131 Time: 40891538795837
Position: -78.48 -19.6533 -1203.89 Orientation: 0.223214 0.121208 0.123708 0.95926 Time: 40891683651019
Position: -76.9033 -23.33 -1207.51 Orientation: 0.221719 0.115377 0.12301 0.960415 Time: 40891840037327
Position: -75.39 -25.0633 -1212.36 Orientation: 0.220946 0.115007 0.128974 0.959855 Time: 40891996720002
Position: -74.34 -27.2933 -1215.27 Orientation: 0.220252 0.116376 0.134344 0.959113 Time: 40892134425879
Position: -73.9267 -30.0433 -1216.33 Orientation: 0.219516 0.116209 0.13551 0.959138 Time: 40892226466345
Position: -73.08 -33.8333 -1217.1 Orientation: 0.220115 0.116141 0.136276 0.9589 Time: 40892370446304
Position: -72.54 -35.9367 -1216.29 Orientation: 0.219042 0.116671 0.135872 0.959139 Time: 40892475325029
Position: -72.9433 -38.8133 -1213.25 Orientation: 0.215616 0.117975 0.130976 0.960436 Time: 40892616561264
Position: -73.7167 -41.9633 -1209.52 Orientation: 0.213947 0.116574 0.124841 0.961796 Time: 40892761632211
Position: -75.3033 -44.7267 -1206.01 Orientation: 0.213844 0.113572 0.120639 0.962714 Time: 40892850225772
Position: -78.25 -48.65 -1199.57 Orientation: 0.21115 0.111142 0.114776 0.964308 Time: 40892991458016
Position: -80.0367 -51.22 -1194.74 Orientation: 0.206178 0.110039 0.112139 0.965819 Time: 40893133210565
Position: -81.87 -53.64 -1190.37 Orientation: 0.202715 0.108241 0.109975 0.967004 Time: 40893225589791
Position: -85.74 -56.0367 -1184.88 Orientation: 0.19992 0.110911 0.107477 0.967564 Time: 40893365965822
Position: -88.78 -57.3333 -1180.57 Orientation: 0.198717 0.113343 0.104876 0.967815 Time: 40893510637937
Position: -89.4 -58.1067 -1177.68 Orientation: 0.196514 0.113108 0.104774 0.968303 Time: 40893599378256
Position: -90.39 -59.3267 -1172.27 Orientation: 0.192946 0.112474 0.102874 0.969298 Time: 40893741767072
Position: -90.74 -60.17 -1167.13 Orientation: 0.187078 0.108206 0.0997725 0.971256 Time: 40893884725240
Position: -91.23 -60.93 -1160.93 Orientation: 0.179445 0.103673 0.0943726 0.973728 Time: 40893974099164
Position: -93.0933 -58.9333 -1156.98 Orientation: 0.178049 0.10751 0.0910082 0.973888 Time: 40894114013821
Position: -96.32 -53.9933 -1154.9 Orientation: 0.178845 0.108007 0.087639 0.973996 Time: 40894257084338
Position: -98.5967 -49.9033 -1152.28 Orientation: 0.176081 0.107609 0.0845737 0.974814 Time: 40894348206428
Position: -102.333 -44 -1147.94 Orientation: 0.171876 0.105106 0.0775708 0.976419 Time: 40894489669644
Position: -103.94 -41.1733 -1146.23 Orientation: 0.170677 0.105706 0.0750713 0.97676 Time: 40894631452230
Position: -104.567 -39.1333 -1144.75 Orientation: 0.170544 0.107673 0.074738 0.976594 Time: 40894723052993
Position: -105.157 -36.86 -1141.93 Orientation: 0.169207 0.105171 0.0733362 0.977205 Time: 40894863706190
Position: -103.97 -34.86 -1140.29 Orientation: 0.168511 0.10634 0.0746716 0.977098 Time: 40895009191556
Position: -102.167 -32.0933 -1138.37 Orientation: 0.166083 0.105244 0.0760074 0.977529 Time: 40895162612294
Position: -100.83 -29.4967 -1137.28 Orientation: 0.164976 0.106406 0.0785379 0.977391 Time: 40895254142530
Position: -99.5667 -26.1167 -1135.37 Orientation: 0.163313 0.109076 0.0809399 0.97718 Time: 40895393350392
Position: -99.2233 -23.96 -1133.29 Orientation: 0.16231 0.109307 0.0816717 0.97726 Time: 40895497331841
Position: -99.2433 -19.47 -1129.84 Orientation: 0.161708 0.111206 0.0828043 0.97705 Time: 40895646115644
Position: -98.9267 -15.2767 -1127.16 Orientation: 0.161241 0.115439 0.0858039 0.976378 Time: 40895783636933
Position: -99.2067 -12.9 -1125.7 Orientation: 0.160709 0.114906 0.0843712 0.976653 Time: 40895927767071
Position: -99.13 -10.3033 -1124.38 Orientation: 0.159677 0.114208 0.084039 0.976933 Time: 40896017882768
Position: -100 -4.79333 -1121.45 Orientation: 0.156879 0.111509 0.0807396 0.977975 Time: 40896158377612
Position: -101.523 1.05 -1118.49 Orientation: 0.155211 0.111274 0.0782722 0.978469 Time: 40896300798365
Position: -102.483 4.49 -1116.46 Orientation: 0.155013 0.112509 0.0775731 0.978415 Time: 40896392079189
Position: -103.717 7.66333 -1113.73 Orientation: 0.154947 0.11431 0.07584 0.978352 Time: 40896532074068
Position: -104.997 11.14 -1111.12 Orientation: 0.15598 0.119911 0.0758067 0.97752 Time: 40896674751267
Position: -105.72 13.6 -1110.16 Orientation: 0.158145 0.123876 0.0754389 0.976706 Time: 40896765804350
Position: -107.31 16.3633 -1107.42 Orientation: 0.155473 0.118272 0.0717031 0.97811 Time: 40896906852957
Position: -106.537 18.6333 -1105.99 Orientation: 0.15441 0.117075 0.0720049 0.9784 Time: 40897050947737
Position: -106.297 19.8533 -1105.14 Orientation: 0.153474 0.116172 0.0703032 0.978778 Time: 40897140510241
Position: -107.223 21.64 -1104.11 Orientation: 0.152706 0.117705 0.0685694 0.978838 Time: 40897281596107
Position: -109.837 24.1933 -1101.44 Orientation: 0.150906 0.114004 0.0649025 0.979805 Time: 40897423885121
Position: -111.303 25.68 -1099.85 Orientation: 0.150509 0.113674 0.0619705 0.980094 Time: 40897515046562
Position: -112.187 27.6133 -1097.23 Orientation: 0.148013 0.111277 0.059172 0.980922 Time: 40897655239715
Position: -112.567 29.22 -1095.7 Orientation: 0.147472 0.11147 0.0588687 0.981 Time: 40897770827190
Position: -112.92 31.72 -1093.46 Orientation: 0.147439 0.109504 0.057602 0.981302 Time: 40897921140352
Position: -114.093 34.1267 -1091.72 Orientation: 0.146044 0.108408 0.0551374 0.981773 Time: 40898065126394
Position: -115.93 36.62 -1090.86 Orientation: 0.146147 0.109977 0.0537717 0.981659 Time: 40898155262622
Position: -120.48 42.7567 -1085.67 Orientation: 0.141447 0.0988431 0.0451378 0.983964 Time: 40898344027445
Position: -121.683 45.4833 -1081.97 Orientation: 0.136443 0.0954401 0.042203 0.985136 Time: 40898436134637
Position: -122.313 47.9 -1079.22 Orientation: 0.134344 0.0971412 0.0409033 0.985313 Time: 40898576475689
Position: -122.433 51.73 -1072.4 Orientation: 0.12721 0.0994409 0.0406364 0.986042 Time: 40898718803293
Position: -124.91 55.35 -1067.94 Orientation: 0.124573 0.102138 0.0378019 0.986215 Time: 40898860942317
Position: -126.757 57.95 -1066.73 Orientation: 0.125438 0.103471 0.0368014 0.986004 Time: 40898950399505
Position: -128.473 61.5 -1065.24 Orientation: 0.126178 0.104909 0.0359699 0.985789 Time: 40899091063348
Position: -128.913 64.7867 -1063.76 Orientation: 0.12708 0.107211 0.0365039 0.985405 Time: 40899233325177
Position: -130.063 68.3733 -1061.96 Orientation: 0.126207 0.106673 0.0361021 0.985591 Time: 40899375839460
Position: -130.297 71.17 -1061.68 Orientation: 0.127807 0.110939 0.037702 0.984853 Time: 40899465362423
Position: -129.45 74.6267 -1060.88 Orientation: 0.130375 0.115774 0.0410358 0.983827 Time: 40899606559308
Position: -130.447 79.0767 -1058.65 Orientation: 0.131945 0.121844 0.0433371 0.982785 Time: 40899749044886
Position: -132.447 82.3933 -1057.6 Orientation: 0.134141 0.125407 0.0429358 0.982057 Time: 40899838787035
Position: -135.02 87.07 -1057.17 Orientation: 0.138206 0.129539 0.0424685 0.980977 Time: 40899980272113
Position: -136.673 91.1833 -1057.12 Orientation: 0.140913 0.131712 0.0420371 0.980321 Time: 40900123158423
Position: -137.233 94.6333 -1056.51 Orientation: 0.141979 0.131278 0.0430036 0.980183 Time: 40900223655137
Position: -137.893 98.3067 -1056.31 Orientation: 0.145709 0.129275 0.0439028 0.979862 Time: 40900372311192
Position: -140.243 101.487 -1055.12 Orientation: 0.147449 0.132114 0.0413376 0.979335 Time: 40900514016026
Position: -140.907 103.917 -1053.24 Orientation: 0.147109 0.133375 0.0410692 0.979226 Time: 40900604031350
Position: -142.113 106.89 -1050.48 Orientation: 0.146944 0.136577 0.0403031 0.978841 Time: 40900744018815
Position: -143.033 110.453 -1048.18 Orientation: 0.147108 0.137574 0.0400688 0.978686 Time: 40900889313699
Position: -144.287 112.793 -1047.02 Orientation: 0.147272 0.138038 0.0383013 0.978667 Time: 40900978146217
Position: -146.517 116.483 -1045.38 Orientation: 0.147513 0.140912 0.0357697 0.978317 Time: 40901119268583
Position: -150.713 121.037 -1043.63 Orientation: 0.153243 0.144242 0.0283351 0.977194 Time: 40901263625132
Position: -153.41 124.247 -1041.89 Orientation: 0.155107 0.146106 0.0252344 0.976708 Time: 40901353868767
Position: -154.907 130.367 -1037.55 Orientation: 0.152777 0.14991 0.0251351 0.976501 Time: 40901542825401
Position: -155.103 133.073 -1035.99 Orientation: 0.151012 0.150779 0.0250686 0.976644 Time: 40901634742492
Position: -155.88 135.947 -1035.38 Orientation: 0.151313 0.152179 0.0250021 0.976381 Time: 40901774690986
Position: -156.293 139.373 -1033.46 Orientation: 0.149476 0.15281 0.0250683 0.976564 Time: 40901918563158
Position: -156.64 141.94 -1032.1 Orientation: 0.149579 0.153679 0.0250021 0.976414 Time: 40902008751283
Position: -156.133 144.343 -1030.02 Orientation: 0.149615 0.158049 0.0256025 0.975695 Time: 40902147907437
Position: -155.837 145.173 -1027.39 Orientation: 0.14811 0.161077 0.0256016 0.975429 Time: 40902293228366
Position: -155.563 145.807 -1024.89 Orientation: 0.145141 0.161641 0.0256013 0.975782 Time: 40902382957209
Position: -155.757 146.84 -1023.47 Orientation: 0.143575 0.16171 0.0247015 0.976026 Time: 40902523244653
Position: -155.87 148.38 -1022.71 Orientation: 0.143208 0.161709 0.0244347 0.976086 Time: 40902626353920
Position: -156.527 151.843 -1020.68 Orientation: 0.142277 0.159911 0.0223349 0.976569 Time: 40902772957078
Position: -158.433 155.16 -1017.19 Orientation: 0.141145 0.158679 0.0203016 0.976978 Time: 40902914979760
Position: -160.13 157.563 -1014.51 Orientation: 0.140145 0.159547 0.0186016 0.977015 Time: 40903006527296
Position: -163.247 161.587 -1011.47 Orientation: 0.139177 0.160511 0.0141677 0.97707 Time: 40903149047661
Position: -165.52 164.967 -1009.6 Orientation: 0.137478 0.15728 0.0103342 0.977883 Time: 40903262332067
Position: -169.02 170.19 -1006.2 Orientation: 0.135406 0.152473 0.00463354 0.978977 Time: 40903412269210
Position: -172.1 175.61 -1002.25 Orientation: 0.132806 0.149873 0.0023001 0.979743 Time: 40903553965299
Position: -174.137 179.69 -1000.75 Orientation: 0.13364 0.149541 0.00130006 0.979682 Time: 40903647136865
Position: -176.96 185.483 -998.53 Orientation: 0.13414 0.150841 -0.000500025 0.979415 Time: 40903785755605
Position: -178.133 188.913 -994.543 Orientation: 0.128942 0.151344 0.00226682 0.980033 Time: 40903930645956
Position: -178.697 189.513 -992.137 Orientation: 0.127008 0.151443 0.00450028 0.980262 Time: 40904020195913
Position: -178.883 188.387 -986.663 Orientation: 0.125105 0.154139 0.0106671 0.980039 Time: 40904160755771
Position: -179.17 184.703 -979.77 Orientation: 0.122575 0.155478 0.0141343 0.980103 Time: 40904302584361
Position: -179.837 181.287 -974.357 Orientation: 0.122006 0.158674 0.0150674 0.979648 Time: 40904396127953
Position: -183.387 177.55 -965.76 Orientation: 0.117039 0.161141 0.013034 0.97988 Time: 40904552970123
Position: -186.157 175.317 -960.283 Orientation: 0.113573 0.161643 0.011634 0.980223 Time: 40904645378624
Position: -188.25 171.52 -955.577 Orientation: 0.115009 0.16638 0.013201 0.979243 Time: 40904784487063
Position: -189.147 167.657 -954.297 Orientation: 0.118673 0.166608 0.0166008 0.978715 Time: 40904929716363
Position: -189.633 165.293 -952.523 Orientation: 0.117442 0.162911 0.0175679 0.979469 Time: 40905018634046
Position: -190.86 159.337 -946.93 Orientation: 0.111841 0.158377 0.0177345 0.980864 Time: 40905160072169
Position: -192.22 155.463 -944.37 Orientation: 0.10964 0.158377 0.0168011 0.981129 Time: 40905262753140
Position: -193.007 149.557 -943.327 Orientation: 0.109772 0.15834 0.0173341 0.981111 Time: 40905409127796
Position: -192.757 145.54 -944.923 Orientation: 0.112641 0.157311 0.0181679 0.980936 Time: 40905513404472
Position: -192.783 140.853 -949.56 Orientation: 0.117877 0.152247 0.0182016 0.981119 Time: 40905657908538
Position: -192.187 137.003 -953.317 Orientation: 0.121144 0.151013 0.0197017 0.980883 Time: 40905802262615
Position: -190.46 132.877 -957.38 Orientation: 0.125007 0.150509 0.0235347 0.980391 Time: 40905926573619
Position: -188.79 130.08 -959.79 Orientation: 0.125606 0.148174 0.0257346 0.980615 Time: 40906016945192
Position: -183.607 122.947 -964.297 Orientation: 0.125173 0.142974 0.032235 0.98125 Time: 40906157329587
Position: -180.207 117.947 -966.217 Orientation: 0.122541 0.139842 0.0361357 0.981897 Time: 40906301093211
Position: -180.003 115.223 -968.84 Orientation: 0.123042 0.138743 0.0368025 0.981966 Time: 40906437619513
Position: -178.447 111.643 -970.673 Orientation: 0.123076 0.137211 0.0385363 0.98211 Time: 40906583049940
Position: -177.32 109.597 -971.557 Orientation: 0.122744 0.136745 0.0401701 0.982151 Time: 40906674593103
Position: -176.18 106.96 -973.443 Orientation: 0.123373 0.134873 0.0413687 0.982282 Time: 40906816040541
Position: -175.32 104.52 -975.723 Orientation: 0.123975 0.133942 0.0429695 0.982264 Time: 40906917982400
Position: -173.937 100.877 -979.16 Orientation: 0.126207 0.131441 0.0443359 0.982257 Time: 40907061864267
Position: -173.797 97.8667 -982.33 Orientation: 0.128606 0.13034 0.0446022 0.982081 Time: 40907204200235
Position: -173.787 94.4033 -985.01 Orientation: 0.12911 0.129776 0.0434699 0.98214 Time: 40907345065395
Position: -173.607 91.4067 -986.477 Orientation: 0.129277 0.129143 0.0433033 0.982209 Time: 40907436764440
Position: -172.52 84.6433 -990.59 Orientation: 0.132406 0.130706 0.045702 0.981476 Time: 40907640727621
Position: -172.03 81.2033 -993.227 Orientation: 0.134711 0.129977 0.0467038 0.981212 Time: 40907733657378
Position: -170.253 76.49 -996.75 Orientation: 0.13608 0.128212 0.0486713 0.98116 Time: 40907872456333
Position: -168.603 72.4367 -1000.18 Orientation: 0.137609 0.127642 0.0504367 0.980932 Time: 40908017789429
Position: -167.637 68.6733 -1004.18 Orientation: 0.140308 0.126941 0.0520364 0.980557 Time: 40908108363459
Position: -166.247 62.9033 -1009.68 Orientation: 0.143138 0.125838 0.0543019 0.980167 Time: 40908247994865
Position: -165.583 59.68 -1012.3 Orientation: 0.144506 0.125872 0.0552358 0.97991 Time: 40908351281116
Position: -165.777 55.6167 -1015.72 Orientation: 0.145877 0.127176 0.0552706 0.979536 Time: 40908497821161
Position: -165.1 50.94 -1019.43 Orientation: 0.145611 0.12761 0.0549041 0.97954 Time: 40908639353763
Position: -163.89 47.8 -1022.26 Orientation: 0.146477 0.126442 0.0554038 0.979534 Time: 40908731348225
Position: -162.813 44.0733 -1025.65 Orientation: 0.146975 0.125841 0.0562033 0.979491 Time: 40908872234486
Position: -161.823 41.49 -1028.61 Orientation: 0.148943 0.126542 0.0574372 0.979032 Time: 40909012046298
Position: -161.847 38.5233 -1031.37 Orientation: 0.149811 0.12541 0.0575044 0.979041 Time: 40909156724686
Position: -161.87 36.5233 -1033.05 Orientation: 0.14991 0.122075 0.0566039 0.9795 Time: 40909245940447
Position: -161.05 32.9567 -1037.46 Orientation: 0.147912 0.112475 0.0538042 0.98111 Time: 40909387567910
Position: -159.693 29.6133 -1043.35 Orientation: 0.149508 0.109106 0.0531694 0.981283 Time: 40909543370609
Position: -159.097 25.6367 -1047.46 Orientation: 0.150577 0.106074 0.0515704 0.981537 Time: 40909684344887
Position: -158.893 22.4067 -1048.79 Orientation: 0.149739 0.104004 0.0499685 0.98197 Time: 40909777025992
Position: -158.653 18.2533 -1049.61 Orientation: 0.148612 0.103275 0.0488038 0.982277 Time: 40909917197474
Position: -156.843 13.76 -1050.7 Orientation: 0.147541 0.103805 0.0501025 0.982317 Time: 40910061343962
Position: -154.9 10.49 -1052.58 Orientation: 0.14764 0.102938 0.0511022 0.982342 Time: 40910151421068
Position: -153.347 6.12667 -1055.31 Orientation: 0.148715 0.102944 0.0513718 0.982165 Time: 40910290905907
Position: -152.803 1.39333 -1058.53 Orientation: 0.151678 0.107675 0.0519705 0.981172 Time: 40910433527787
Position: -152.037 -2.80667 -1060.88 Orientation: 0.154709 0.110107 0.0526698 0.980392 Time: 40910525112391
Position: -150.957 -8.92667 -1062.79 Orientation: 0.155744 0.109174 0.0532038 0.980303 Time: 40910666184951
Position: -149.573 -16.3933 -1065.79 Orientation: 0.158207 0.111338 0.0560024 0.979509 Time: 40910807870585
Position: -149.043 -22.5533 -1069.1 Orientation: 0.160945 0.111675 0.0569707 0.978969 Time: 40910948478158
Position: -149.833 -25.1033 -1072.03 Orientation: 0.162612 0.109375 0.0560043 0.979009 Time: 40911040175683
Position: -149.713 -29.2267 -1076.97 Orientation: 0.162515 0.107643 0.0570386 0.979157 Time: 40911183313876
Position: -147.097 -34.9867 -1081.36 Orientation: 0.163116 0.103877 0.0581392 0.979399 Time: 40911322216626
Position: -146.007 -37.7633 -1083.19 Orientation: 0.163011 0.103407 0.058704 0.979433 Time: 40911425076291
Position: -146.173 -45.38 -1090.62 Orientation: 0.16861 0.102739 0.0586701 0.978557 Time: 40911571088046
Position: -147.91 -49.5 -1096.48 Orientation: 0.176047 0.103141 0.0569044 0.977308 Time: 40911713165097
Position: -148.237 -53.2833 -1100.79 Orientation: 0.18111 0.103473 0.0567699 0.976355 Time: 40911805207845
Position: -147.677 -58.64 -1105.58 Orientation: 0.185913 0.103874 0.0585708 0.975303 Time: 40911945243785
Position: -144.523 -63.18 -1106.95 Orientation: 0.184852 0.0971763 0.0678067 0.975597 Time: 40912086518992
Position: -142.397 -65.9667 -1108.17 Orientation: 0.18458 0.0938401 0.0716051 0.975703 Time: 40912179392099
Position: -140.057 -69.4567 -1110.82 Orientation: 0.184675 0.0946708 0.0751032 0.975342 Time: 40912322823047
Position: -139.93 -71.3633 -1115.21 Orientation: 0.193316 0.0885742 0.082407 0.973649 Time: 40912493863265
Position: -140.56 -76.0233 -1120.99 Orientation: 0.203814 0.0812721 0.0871391 0.971731 Time: 40912633200965
Position: -141.38 -79.8467 -1122.44 Orientation: 0.204544 0.0814377 0.0834712 0.971886 Time: 40912725053232
Position: -140.62 -84.5133 -1124.14 Orientation: 0.205353 0.0854081 0.0840413 0.971325 Time: 40912866106971
Position: -140.05 -87.29 -1124.72 Orientation: 0.204046 0.0840051 0.0855385 0.971592 Time: 40913009429372
Position: -140.11 -88.7267 -1124.82 Orientation: 0.202613 0.0828387 0.0873723 0.971829 Time: 40913109756706
Position: -138.367 -91.61 -1124.59 Orientation: 0.200252 0.0838079 0.0896752 0.972026 Time: 40913255955330
Position: -136.193 -95.2533 -1123.05 Orientation: 0.19688 0.0861058 0.0919729 0.972299 Time: 40913397074844
Position: -135.557 -97.3 -1121.06 Orientation: 0.194178 0.0859383 0.0912719 0.972923 Time: 40913489248762
Position: -134.897 -101.067 -1116.17 Orientation: 0.187549 0.086607 0.0885738 0.974412 Time: 40913629676880
Position: -134.947 -105.987 -1110.84 Orientation: 0.180341 0.0880371 0.0844702 0.976008 Time: 40913774316487
Position: -134.76 -108.07 -1108.25 Orientation: 0.178106 0.0889362 0.084536 0.976331 Time: 40913864312421
Position: -134.937 -110.627 -1103.56 Orientation: 0.175446 0.09174 0.0862396 0.976404 Time: 40914004835970
Position: -135.767 -111.1 -1098.97 Orientation: 0.173412 0.0923063 0.0856392 0.976767 Time: 40914148541043
Position: -135.6 -111.397 -1095.5 Orientation: 0.177418 0.0985768 0.0797415 0.975934 Time: 40914288988551
Position: -135.117 -110.773 -1092.29 Orientation: 0.177818 0.103044 0.0772744 0.975598 Time: 40914379561821
Position: -137.11 -108.98 -1086.9 Orientation: 0.180505 0.111836 0.0640684 0.975093 Time: 40914519504232
Position: -138.65 -106.067 -1083.64 Orientation: 0.18044 0.112338 0.0626691 0.975138 Time: 40914660363878
Position: -138.313 -102.883 -1079.91 Orientation: 0.179447 0.117543 0.0626382 0.97471 Time: 40914752575436
Position: -138.107 -98.2767 -1075.02 Orientation: 0.178983 0.121678 0.0620724 0.974324 Time: 40914894104997
Position: -138.77 -93.8933 -1071.8 Orientation: 0.176813 0.122876 0.0620379 0.974572 Time: 40915036955377
Position: -139.39 -88.8433 -1067.26 Orientation: 0.171343 0.12294 0.0634034 0.975452 Time: 40915176263042
Position: -138.863 -83.7967 -1064.15 Orientation: 0.167608 0.122006 0.0655363 0.976078 Time: 40915316861871
Position: -138.79 -81.5867 -1063.4 Orientation: 0.166543 0.12414 0.0660704 0.975955 Time: 40915407909441
Position: -139.41 -77.3 -1060.62 Orientation: 0.163143 0.12464 0.0637036 0.976622 Time: 40915549155753
Position: -140.057 -72.88 -1055.97 Orientation: 0.159111 0.125342 0.0621375 0.977298 Time: 40915693349004
Position: -141.173 -70.59 -1053.96 Orientation: 0.157975 0.125273 0.0622698 0.977483 Time: 40915782530167
Position: -141.86 -68.9133 -1053 Orientation: 0.157942 0.123974 0.0617036 0.97769 Time: 40915922451096
Position: -142.107 -67.5467 -1051.72 Orientation: 0.157149 0.123046 0.0612062 0.977966 Time: 40916026246247
Position: -143.123 -64.1367 -1048.48 Orientation: 0.154646 0.120143 0.060305 0.978782 Time: 40916172813856
Position: -143.453 -60.8 -1046.09 Orientation: 0.15314 0.120105 0.0605027 0.979011 Time: 40916314143621
Position: -143.047 -58.5967 -1044.62 Orientation: 0.151507 0.121906 0.0620031 0.978948 Time: 40916417464281
Position: -144.253 -52.0167 -1040.66 Orientation: 0.148277 0.128509 0.0635377 0.9785 Time: 40916563214647
Position: -146.51 -47.1167 -1038.39 Orientation: 0.146911 0.125943 0.0619381 0.979142 Time: 40916704545933
Position: -148.63 -43.3267 -1038.1 Orientation: 0.14788 0.126278 0.0602722 0.979057 Time: 40916796323300
Position: -149.663 -38.0233 -1036.63 Orientation: 0.147672 0.125404 0.0591688 0.979268 Time: 40916940702661
Position: -151.163 -33.28 -1033.35 Orientation: 0.145342 0.126307 0.05767 0.97959 Time: 40917076958260
Position: -153.24 -29.8767 -1029.73 Orientation: 0.143244 0.128843 0.0552376 0.979709 Time: 40917222267592
Position: -154.18 -27.4967 -1027.4 Orientation: 0.141775 0.129474 0.0543697 0.979888 Time: 40917362510362
Position: -154.593 -25.25 -1026.04 Orientation: 0.141706 0.131172 0.0537688 0.979705 Time: 40917451920216
Position: -156.683 -21.1667 -1023.92 Orientation: 0.141442 0.131975 0.0508364 0.979792 Time: 40917591878785
Position: -157.037 -19.7633 -1022.51 Orientation: 0.13944 0.130873 0.0484025 0.98035 Time: 40917735586900
Position: -156.407 -18.9967 -1020.27 Orientation: 0.138641 0.132307 0.0473693 0.980321 Time: 40917875955136
Position: -156.67 -17.6567 -1018.19 Orientation: 0.139274 0.135707 0.0469692 0.979786 Time: 40918014869103
Position: -156.89 -16.59 -1017.06 Orientation: 0.138508 0.136641 0.0471028 0.979758 Time: 40918110157629
Position: -157.07 -13.7267 -1015.44 Orientation: 0.138382 0.138582 0.047672 0.979476 Time: 40918246734307
Position: -159.917 -9.18667 -1012.87 Orientation: 0.137675 0.139875 0.0448693 0.979524 Time: 40918371956844
Position: -163.913 -4.63 -1010.83 Orientation: 0.138306 0.140973 0.0402352 0.979479 Time: 40918516607288
Position: -165.937 -2.75 -1009.34 Orientation: 0.137174 0.140708 0.0374354 0.979787 Time: 40918606318071
Position: -169.57 0.926667 -1006.33 Orientation: 0.135011 0.139478 0.032236 0.980448 Time: 40918747000353
Position: -171.533 5.17667 -1005.77 Orientation: 0.137108 0.142508 0.031235 0.979754 Time: 40918892479066
Position: -172.437 8.06667 -1004.05 Orientation: 0.135514 0.142781 0.0302031 0.979968 Time: 40918983935733
Position: -174.013 11.9167 -1001.46 Orientation: 0.133311 0.144979 0.0291024 0.979981 Time: 40919121445046
Position: -175.043 14.77 -999.08 Orientation: 0.131774 0.145742 0.0274016 0.980124 Time: 40919262302411
Position: -175.313 15.9133 -998.163 Orientation: 0.131073 0.146074 0.026868 0.980184 Time: 40919354852347
Position: -176.043 18.46 -996.757 Orientation: 0.130477 0.145611 0.025202 0.980376 Time: 40919494541734
Position: -176.587 21.46 -996.237 Orientation: 0.130573 0.148873 0.0250678 0.979877 Time: 40919638741069
Position: -177.323 24.3867 -994.72 Orientation: 0.129305 0.147839 0.0236342 0.980237 Time: 40919729727807
Position: -178.417 29.2367 -992.34 Orientation: 0.127941 0.150576 0.0225014 0.980026 Time: 40919869453123
Position: -179.627 33.9067 -988.91 Orientation: 0.125711 0.152747 0.0205019 0.980023 Time: 40920012347417
Position: -180.28 36.29 -986.903 Orientation: 0.12411 0.153245 0.0191348 0.980177 Time: 40920103927650
Position: -182.297 41.7633 -982.4 Orientation: 0.120878 0.151948 0.0147347 0.980858 Time: 40920244329344
Position: -184.22 48.24 -978.74 Orientation: 0.11951 0.153946 0.0124343 0.980746 Time: 40920401291847
Position: -185.523 55.2333 -975.487 Orientation: 0.11821 0.155113 0.0101675 0.980746 Time: 40920544260851
Position: -186.417 59.2667 -974.27 Orientation: 0.118674 0.15661 0.00916725 0.980462 Time: 40920634336437
Position: -187.047 64.02 -973.063 Orientation: 0.119907 0.158642 0.0088005 0.979989 Time: 40920774620838
Position: -188.347 69.0333 -971.033 Orientation: 0.121342 0.161611 0.00810055 0.979333 Time: 40920916169410
Position: -189.67 71.9367 -969.063 Orientation: 0.121612 0.163283 0.00670068 0.979032 Time: 40921008295802
Position: -191.233 75.22 -966.13 Orientation: 0.120874 0.166477 0.005267 0.978594 Time: 40921149310380
Position: -191.807 78.8967 -963.377 Orientation: 0.121242 0.166379 0.00340026 0.978574 Time: 40921289614743
Position: -192.823 81.7767 -960.407 Orientation: 0.119375 0.167779 0.00123342 0.97857 Time: 40921382584802
Position: -196.19 87.9467 -955.113 Orientation: 0.116545 0.173151 -0.00413376 0.977967 Time: 40921523275259
Position: -201.817 95.7867 -951.677 Orientation: 0.114741 0.173946 -0.0124009 0.977969 Time: 40921667483338
Position: -204.593 100.333 -950.543 Orientation: 0.113211 0.172917 -0.017035 0.97826 Time: 40921757030254
Position: -206.623 105.777 -948.93 Orientation: 0.111011 0.170617 -0.0215021 0.978828 Time: 40921901039869
Position: -207.083 112.047 -944.787 Orientation: 0.107778 0.175551 -0.0237024 0.978266 Time: 40922037990285
Position: -207.427 117.467 -939.263 Orientation: 0.10404 0.181178 -0.0257682 0.977592 Time: 40922180464837
Position: -207.067 120.503 -935.577 Orientation: 0.100874 0.182713 -0.028202 0.977571 Time: 40922271811246
Position: -206.427 123.62 -931.497 Orientation: 0.0963725 0.183878 -0.0319019 0.977693 Time: 40922412499422
Position: -205.697 124.857 -929.003 Orientation: 0.0932061 0.185312 -0.0328688 0.977697 Time: 40922556507325
Position: -204.3 124.467 -926.39 Orientation: 0.0934736 0.188281 -0.0399696 0.97684 Time: 40922695357037
Position: -199.207 124.103 -923.63 Orientation: 0.091406 0.188746 -0.041136 0.976897 Time: 40922835767286
Position: -192.883 123.55 -920.703 Orientation: 0.0887718 0.192478 -0.0392356 0.97649 Time: 40922927319194
Position: -183.753 122.79 -915.543 Orientation: 0.0806718 0.194912 -0.0333355 0.976929 Time: 40923067342968
Position: -178.173 121.677 -911.433 Orientation: 0.0750704 0.19391 -0.0321349 0.977615 Time: 40923212117737
Position: -175.36 121.247 -909.55 Orientation: 0.0729703 0.193943 -0.0306349 0.977815 Time: 40923301835364
Position: -167.537 120.663 -904.853 Orientation: 0.0679048 0.194214 -0.0269352 0.978235 Time: 40923443202770
Position: -162.07 119.483 -902.177 Orientation: 0.0683722 0.193616 -0.029569 0.978245 Time: 40923585027367
Position: -158.31 119.407 -900.803 Orientation: 0.069004 0.192511 -0.0283016 0.978456 Time: 40923725410621
Position: -156.793 118.847 -898.607 Orientation: 0.0688358 0.189007 -0.0310344 0.979068 Time: 40923866706929
Position: -157.063 118.013 -898.28 Orientation: 0.0726043 0.188911 -0.0356354 0.978658 Time: 40923957559076
Position: -155.983 117.74 -897.797 Orientation: 0.073972 0.18978 -0.0361026 0.97837 Time: 40924097487039
Position: -152.703 117.167 -897.07 Orientation: 0.0732728 0.192516 -0.0334695 0.977982 Time: 40924239866731
Position: -150.913 116.583 -897.147 Orientation: 0.0743365 0.194075 -0.0320347 0.977641 Time: 40924331105543
Position: -147.373 115.363 -896.84 Orientation: 0.0739027 0.196607 -0.0276343 0.977303 Time: 40924472145215
Position: -144.45 113.703 -897.5 Orientation: 0.0736038 0.195777 -0.0227678 0.977617 Time: 40924616340558
Position: -143.293 112.397 -899.15 Orientation: 0.0747056 0.193848 -0.0202349 0.977974 Time: 40924755879575
Position: -141.603 110.71 -900.24 Orientation: 0.0770387 0.19458 -0.0192013 0.977668 Time: 40924896201997
Position: -140.173 108.56 -901.643 Orientation: 0.0797373 0.195276 -0.020701 0.977282 Time: 40924986075316
Position: -138.18 105.273 -904.363 Orientation: 0.0819024 0.193906 -0.0198006 0.977395 Time: 40925127496140
Position: -136.38 102.11 -906.56 Orientation: 0.0827083 0.191319 -0.0164683 0.977898 Time: 40925267259096
Position: -135.827 100.113 -907.72 Orientation: 0.083173 0.187881 -0.0154679 0.978542 Time: 40925360481988
Position: -135.277 97.8833 -909.343 Orientation: 0.0835061 0.185313 -0.0130676 0.979038 Time: 40925500888815
Position: -134.453 95.94 -911.393 Orientation: 0.0843423 0.183386 -0.0124347 0.979337 Time: 40925646146630
Position: -134.03 94.2433 -912.813 Orientation: 0.0844415 0.182718 -0.0118011 0.979461 Time: 40925735035228
Position: -133.663 91.6867 -913.727 Orientation: 0.0840071 0.182415 -0.012301 0.979549 Time: 40925875547370
Position: -132.53 88.09 -914.703 Orientation: 0.0843705 0.182542 -0.0108338 0.979511 Time: 40926016598448
Position: -131.283 84.7733 -916.477 Orientation: 0.0862393 0.183246 -0.00913397 0.979235 Time: 40926109660705
Position: -129.717 81.46 -917.797 Orientation: 0.0870722 0.186512 -0.00693377 0.978562 Time: 40926249249719
Position: -127.413 78.0133 -918.627 Orientation: 0.0877076 0.186549 -0.00300026 0.978518 Time: 40926394131896
Position: -125.94 75.3033 -920.093 Orientation: 0.0885361 0.185939 -0.00053335 0.978564 Time: 40926483544031
Position: -124.373 71.0433 -923.89 Orientation: 0.0912373 0.184375 0.00233344 0.978609 Time: 40926624328778
Position: -122.753 66.01 -928.18 Orientation: 0.094373 0.182979 0.00470031 0.978565 Time: 40926766986966
Position: -121.84 62.45 -930.89 Orientation: 0.0961713 0.182109 0.00570028 0.978547 Time: 40926858362651
Position: -121.287 59.21 -933.663 Orientation: 0.0984063 0.180778 0.00710045 0.978563 Time: 40926998739062
Position: -120.91 55.9667 -936.59 Orientation: 0.101039 0.179644 0.00876717 0.97849 Time: 40927144822864
Position: -120.383 53.1233 -938.893 Orientation: 0.102572 0.178209 0.00963384 0.978584 Time: 40927234423009
Position: -118.42 48.5533 -942.81 Orientation: 0.10514 0.176811 0.0128341 0.978529 Time: 40927372843283
Position: -115.437 43.1233 -946.713 Orientation: 0.106676 0.175781 0.0172014 0.978481 Time: 40927517524334
Position: -113.697 39.4733 -949.593 Orientation: 0.108341 0.176245 0.019768 0.978166 Time: 40927606988936
Position: -113.093 35.9367 -951.283 Orientation: 0.107972 0.175741 0.0191009 0.978311 Time: 40927747632058
Position: -111.55 31.95 -953.247 Orientation: 0.10844 0.176077 0.0210013 0.97816 Time: 40927891743186
Position: -109.677 28.87 -954.69 Orientation: 0.10857 0.175439 0.022334 0.978231 Time: 40927981482674
Position: -106.617 24.21 -956.58 Orientation: 0.108309 0.175182 0.0246354 0.97825 Time: 40928121006483
Position: -105.397 21.4167 -958.05 Orientation: 0.108538 0.177608 0.0262679 0.977745 Time: 40928224578266
Position: -105.727 17.3967 -960.373 Orientation: 0.110243 0.177449 0.0261356 0.977586 Time: 40928371704200
Position: -105.18 11.6733 -965.013 Orientation: 0.112073 0.176243 0.0276016 0.977556 Time: 40928515189897
Position: -104.357 7.55333 -969.253 Orientation: 0.114674 0.174378 0.0285018 0.977563 Time: 40928605104848
Position: -103.97 3.37667 -973.28 Orientation: 0.117372 0.172375 0.0280013 0.977613 Time: 40928747586434
Position: -104.117 -2.77333 -978.13 Orientation: 0.120708 0.170312 0.0280686 0.977566 Time: 40928935530212
Position: -102.37 -8.63333 -981.43 Orientation: 0.121841 0.166011 0.029202 0.978132 Time: 40929075982093
Position: -99.28 -12.3467 -983.573 Orientation: 0.122307 0.164676 0.0327685 0.978187 Time: 40929166980997
Position: -96.1733 -17.17 -986.363 Orientation: 0.122509 0.163413 0.0364695 0.978242 Time: 40929307368434
Position: -95.9667 -21.1867 -988.81 Orientation: 0.124406 0.162275 0.0367352 0.978182 Time: 40929450225658
Position: -95.9567 -23.6067 -990.453 Orientation: 0.126205 0.162673 0.0371015 0.977872 Time: 40929541845622
Position: -96.0467 -29.79 -993.343 Orientation: 0.128308 0.15951 0.0368024 0.97813 Time: 40929684119237
Position: -95.7067 -36.3267 -997.717 Orientation: 0.131476 0.155378 0.037836 0.978335 Time: 40929825437216
Position: -94.8233 -41.71 -1001.95 Orientation: 0.133906 0.150074 0.0408686 0.978712 Time: 40929962068644
Position: -94.7333 -45.2367 -1004.11 Orientation: 0.134438 0.145905 0.0417014 0.979234 Time: 40930057226951
Position: -93.91 -50.11 -1007.35 Orientation: 0.134809 0.140376 0.0430695 0.979932 Time: 40930196123618
Position: -92.0467 -53.9733 -1009.87 Orientation: 0.13441 0.139343 0.0452033 0.980038 Time: 40930340304133
Position: -92.2733 -57.7233 -1012.01 Orientation: 0.133442 0.135876 0.0442696 0.980699 Time: 40930430796800
Position: -92.96 -64.4 -1016.7 Orientation: 0.132476 0.128709 0.0448033 0.981772 Time: 40930570593404
Position: -93.1167 -71.4833 -1022.5 Orientation: 0.135173 0.13044 0.0461356 0.981114 Time: 40930717308911
Position: -93.55 -76.7667 -1026.45 Orientation: 0.135511 0.125843 0.0459369 0.981677 Time: 40930867807802
Position: -94.2367 -79.32 -1028.32 Orientation: 0.130848 0.12008 0.0498055 0.982842 Time: 40930960778431
Position: -95.6033 -83.86 -1032.81 Orientation: 0.126507 0.111073 0.0556697 0.984154 Time: 40931101588081
Position: -96.3433 -88.9333 -1036.72 Orientation: 0.129508 0.11164 0.0552366 0.983724 Time: 40931244209961
Position: -97.8933 -95.2767 -1040.66 Orientation: 0.132044 0.110642 0.0544709 0.983542 Time: 40931385002692
Position: -98.64 -99.2833 -1044.64 Orientation: 0.134675 0.109174 0.0542036 0.983364 Time: 40931475282256
Position: -98.06 -103.17 -1050.06 Orientation: 0.13721 0.106775 0.0560708 0.983173 Time: 40931616322118
Position: -96.8267 -107.237 -1055.27 Orientation: 0.139109 0.111574 0.0638708 0.981896 Time: 40931758021249
Position: -97.1567 -110.92 -1060.85 Orientation: 0.147712 0.116343 0.0654388 0.979981 Time: 40931849720675
Position: -98.1067 -113.217 -1066.9 Orientation: 0.156081 0.114277 0.0655059 0.978922 Time: 40931990790573
Position: -96.8533 -113.333 -1071.36 Orientation: 0.160177 0.112174 0.0689713 0.978265 Time: 40932094102297
Position: -90.7067 -112.163 -1076.9 Orientation: 0.163676 0.110473 0.0756043 0.977389 Time: 40932240424867
Position: -81.67 -110.317 -1079.8 Orientation: 0.16378 0.109109 0.08394 0.976845 Time: 40932382854555
Position: -76.9867 -108.207 -1079.91 Orientation: 0.163179 0.108308 0.0872734 0.976742 Time: 40932474005160
Position: -73.04 -103.913 -1080.78 Orientation: 0.164182 0.107843 0.0920086 0.976191 Time: 40932614629462
Position: -71.0067 -99.8133 -1081.95 Orientation: 0.166508 0.105672 0.0926042 0.975978 Time: 40932755942308
Position: -69.97 -94.4833 -1081.31 Orientation: 0.168684 0.104177 0.0922427 0.975799 Time: 40932898475031
Position: -69.51 -90.77 -1080.1 Orientation: 0.169749 0.10371 0.0933753 0.975557 Time: 40932988210146
Position: -68.7467 -83.1267 -1077.46 Orientation: 0.175874 0.103937 0.0917037 0.974606 Time: 40933129511016
Position: -68.17 -74.2867 -1071.65 Orientation: 0.17591 0.104073 0.0898387 0.974758 Time: 40933273302396
Position: -68.4667 -68.0867 -1067.59 Orientation: 0.174915 0.106376 0.0895079 0.974719 Time: 40933363539757
Position: -68.99 -58.8333 -1061.24 Orientation: 0.170483 0.112011 0.0907089 0.974762 Time: 40933519767521
Position: -69.7367 -54.08 -1058.16 Orientation: 0.168285 0.114946 0.0906765 0.974805 Time: 40933613057709
Position: -70.0367 -46.21 -1052.85 Orientation: 0.166278 0.124342 0.0924063 0.973834 Time: 40933753641900
Position: -71.4067 -39.2 -1048.6 Orientation: 0.166975 0.133207 0.0902044 0.972748 Time: 40933892926943
Position: -72.1933 -34.7233 -1046.43 Orientation: 0.167944 0.136342 0.0896724 0.972196 Time: 40934037623391
Position: -72.87 -30.6 -1044.02 Orientation: 0.168311 0.138276 0.0881724 0.971996 Time: 40934127096928
Position: -73.0767 -23.89 -1038.83 Orientation: 0.165611 0.141176 0.0890392 0.971964 Time: 40934268413767
Position: -73.95 -18.0033 -1034.21 Orientation: 0.163545 0.145611 0.0878065 0.971772 Time: 40934408231091
Position: -75.66 -13.5533 -1031.52 Orientation: 0.164449 0.150615 0.086275 0.970993 Time: 40934501707388
Position: -78.2533 -7.57 -1028.66 Orientation: 0.16734 0.155973 0.0829702 0.969941 Time: 40934642271428
Position: -80.4433 -0.943333 -1023.55 Orientation: 0.165847 0.160647 0.0820401 0.969514 Time: 40934784257802
Position: -84.4767 2.49667 -1019.76 Orientation: 0.163545 0.157778 0.0768387 0.970801 Time: 40934876322221
Position: -87.7367 5.75667 -1016.99 Orientation: 0.163211 0.155244 0.0733717 0.971534 Time: 40935016742734
Position: -88.79 8.61667 -1015.2 Orientation: 0.16338 0.155913 0.0727393 0.971446 Time: 40935120025374
Position: -91.9433 14.11 -1013.92 Orientation: 0.165473 0.158206 0.0711694 0.970837 Time: 40935266621498
Position: -94.49 19.31 -1014.42 Orientation: 0.168315 0.159047 0.0692393 0.970351 Time: 40935407522776
Position: -94.6967 22.14 -1014.73 Orientation: 0.16948 0.158612 0.0693721 0.970209 Time: 40935499868735
Position: -94.0333 26.5933 -1013.24 Orientation: 0.168614 0.161813 0.0714725 0.969679 Time: 40935640451595
Position: -94.7 31.4267 -1009.88 Orientation: 0.166745 0.161711 0.0708381 0.970066 Time: 40935784905855
Position: -96.8067 35.9933 -1007.42 Orientation: 0.165907 0.16184 0.0682694 0.970372 Time: 40935875196254
Position: -101.607 43.34 -1004.97 Orientation: 0.167144 0.164077 0.0611371 0.97026 Time: 40936015496244
Position: -106.963 49.3433 -1000.93 Orientation: 0.166742 0.166276 0.0507694 0.970552 Time: 40936159309105
Position: -109.533 53.1833 -997.807 Orientation: 0.164311 0.165911 0.0467697 0.97123 Time: 40936250121141
Position: -111.02 60.0933 -993.093 Orientation: 0.160149 0.165983 0.0443043 0.972028 Time: 40936437948767
Position: -111.967 63.9 -991.397 Orientation: 0.159444 0.165678 0.0419695 0.9723 Time: 40936530229711
Position: -117.43 72.15 -984.813 Orientation: 0.154246 0.160847 0.0292024 0.974415 Time: 40936718063991
Position: -120.077 76.1967 -980.287 Orientation: 0.149544 0.159745 0.0239351 0.975472 Time: 40936810351398
Position: -124.403 82.77 -974.18 Orientation: 0.143941 0.160842 0.0166676 0.976285 Time: 40936951789521
Position: -129.303 89 -969.003 Orientation: 0.139074 0.162509 0.00860046 0.976819 Time: 40937093551766
Position: -131.687 92.06 -966.34 Orientation: 0.136212 0.164114 0.00426703 0.976983 Time: 40937186059119
Position: -136.92 99.5 -958.757 Orientation: 0.128342 0.165311 -0.00633377 0.977834 Time: 40937326022631
Position: -143.43 106.717 -951.997 Orientation: 0.122709 0.170513 -0.0169012 0.977539 Time: 40937469905449
Position: -146.737 110.55 -948.733 Orientation: 0.119375 0.171978 -0.0231682 0.977567 Time: 40937559291350
Position: -148.213 113.73 -946.843 Orientation: 0.115444 0.172949 -0.0286359 0.977723 Time: 40937699875920
Position: -146.97 115.21 -944.36 Orientation: 0.10844 0.170444 -0.0318687 0.978864 Time: 40937842068933
Position: -145.913 116.317 -942.23 Orientation: 0.104508 0.17028 -0.0332026 0.979275 Time: 40937933591756
Position: -145.16 120.337 -937.6 Orientation: 0.0983074 0.174246 -0.0381362 0.97904 Time: 40938074384106
Position: -147.253 126.683 -935.493 Orientation: 0.0940058 0.172944 -0.0437027 0.979461 Time: 40938217917519
Position: -149.183 130.75 -936.087 Orientation: 0.0926387 0.16871 -0.0481028 0.980123 Time: 40938308824605
Position: -149.12 135.637 -937.487 Orientation: 0.0910067 0.167712 -0.0502703 0.980338 Time: 40938449369065
Position: -148.35 139.45 -939.973 Orientation: 0.0921395 0.166944 -0.0502367 0.980365 Time: 40938591833161
Position: -147.89 141.803 -942.12 Orientation: 0.0946425 0.163649 -0.0493381 0.980728 Time: 40938682712302
Position: -147.097 147.003 -947.79 Orientation: 0.100075 0.15808 -0.047004 0.981217 Time: 40938823401048
Position: -144.697 150.33 -956.13 Orientation: 0.108476 0.157081 -0.0425704 0.980687 Time: 40938966476698
Position: -140.49 151.683 -968.05 Orientation: 0.12201 0.157213 -0.0327695 0.979451 Time: 40939107909689
Position: -136.763 151.46 -975.273 Orientation: 0.129477 0.15548 -0.0256355 0.978981 Time: 40939196934208
Position: -130.987 149.887 -984.49 Orientation: 0.138313 0.153781 -0.0153014 0.978257 Time: 40939338352750
Position: -127.977 147.577 -991.707 Orientation: 0.146679 0.153213 -0.00760065 0.977217 Time: 40939482209714
Position: -125.297 145.07 -995.4 Orientation: 0.149738 0.152238 -0.00243341 0.976932 Time: 40939572788496
Position: -121.237 140.56 -1000.15 Orientation: 0.153508 0.150641 0.00500026 0.976585 Time: 40939715429576
Position: -118.317 135.433 -1004.74 Orientation: 0.155907 0.14664 0.00953379 0.97678 Time: 40939854303812
Position: -114.603 128.903 -1009.66 Orientation: 0.15771 0.142109 0.0146343 0.977097 Time: 40939993931226
Position: -110.617 123.653 -1013.25 Orientation: 0.158674 0.139973 0.020301 0.977148 Time: 40940135264413
Position: -107.427 120.367 -1015.18 Orientation: 0.15928 0.138378 0.0244354 0.977182 Time: 40940227795339
Position: -102.88 114.627 -1018.38 Orientation: 0.159574 0.135406 0.0295013 0.97741 Time: 40940367155852
Position: -100.52 108.207 -1024.25 Orientation: 0.163376 0.134374 0.0337352 0.976788 Time: 40940512333825
Position: -97.48 103.12 -1027.65 Orientation: 0.165143 0.131174 0.0383355 0.976756 Time: 40940601150944
Position: -93.9833 96.1367 -1031.42 Orientation: 0.165846 0.13141 0.0445368 0.976342 Time: 40940741517470
Position: -92.8033 91.4 -1036.18 Orientation: 0.170037 0.132903 0.0479678 0.975255 Time: 40940884731513
Position: -92.0267 87.52 -1040.43 Orientation: 0.173847 0.135277 0.0509039 0.974108 Time: 40940976124687
Position: -91.0933 80.13 -1047.85 Orientation: 0.179075 0.13604 0.0535026 0.972914 Time: 40941118470350
Position: -90.9133 73.6133 -1053.55 Orientation: 0.184281 0.137144 0.0555043 0.971675 Time: 40941256225083
Position: -88.83 68.17 -1055.52 Orientation: 0.18458 0.13861 0.0584376 0.971238 Time: 40941401424728
Position: -87.04 65.1533 -1055.8 Orientation: 0.183149 0.137312 0.0597051 0.971616 Time: 40941490867849
Position: -85.85 61.34 -1056.9 Orientation: 0.18241 0.135507 0.0595365 0.972018 Time: 40941631186279
Position: -85.3267 56.6533 -1059.93 Orientation: 0.184413 0.135776 0.060071 0.97157 Time: 40941772843968
Position: -86.3567 53.4967 -1063.92 Orientation: 0.188581 0.137144 0.0595713 0.970608 Time: 40941864827974
Position: -87.67 49.5933 -1069.36 Orientation: 0.193186 0.13588 0.0576391 0.969997 Time: 40942005625648
Position: -85.46 44.53 -1074.65 Orientation: 0.196779 0.135508 0.0587702 0.969258 Time: 40942147365461
Position: -81.6967 40.1433 -1079.57 Orientation: 0.201546 0.137842 0.0623039 0.967728 Time: 40942239112221
Position: -76.7867 34.4033 -1083.93 Orientation: 0.20422 0.141314 0.0678067 0.966295 Time: 40942380350359
Position: -72.0467 27.5433 -1085.73 Orientation: 0.203079 0.144242 0.072571 0.965757 Time: 40942522884221
Position: -68.85 19.0267 -1086.83 Orientation: 0.201346 0.147042 0.0756713 0.96546 Time: 40942662011861
Position: -67.2567 13.8767 -1088.13 Orientation: 0.201217 0.150879 0.0767063 0.964813 Time: 40942753588482
Position: -67.1167 8.82667 -1089.8 Orientation: 0.201749 0.149878 0.0760725 0.964908 Time: 40942894302321
Position: -69.2367 5.82 -1093.16 Orientation: 0.204446 0.149842 0.0742044 0.964491 Time: 40943039442655
Position: -70.16 4.22 -1095.15 Orientation: 0.20562 0.150181 0.0732737 0.96426 Time: 40943128366611
Position: -72.1367 -0.223333 -1100.02 Orientation: 0.207778 0.148741 0.0697037 0.964285 Time: 40943269531369
Position: -72.5567 -5.96333 -1104.89 Orientation: 0.208719 0.144747 0.0669061 0.964888 Time: 40943413399929
Position: -72.14 -10.4167 -1108.15 Orientation: 0.210245 0.144275 0.0660038 0.964689 Time: 40943503351379
Position: -70.21 -18.15 -1112.28 Orientation: 0.210615 0.144111 0.0659382 0.964637 Time: 40943645974779
Position: -67.51 -27.3167 -1118.59 Orientation: 0.212048 0.144943 0.0759052 0.963465 Time: 40943846117887
Position: -66.92 -32.0367 -1121.28 Orientation: 0.211246 0.142775 0.0797379 0.963656 Time: 40943943770505
Position: -64.42 -36.9833 -1122.49 Orientation: 0.203486 0.137747 0.090642 0.965092 Time: 40944080581768
Position: -62.2933 -43.1767 -1125.01 Orientation: 0.199213 0.135542 0.0968064 0.965697 Time: 40944220527981
Position: -61.51 -47.8933 -1126.99 Orientation: 0.199109 0.132206 0.0971711 0.966144 Time: 40944324555815
Position: -61.81 -54.4167 -1131.99 Orientation: 0.203481 0.131443 0.0988403 0.965168 Time: 40944472682249
Position: -64.13 -60.1567 -1142.21 Orientation: 0.218253 0.132779 0.102009 0.961421 Time: 40944612065194
Position: -65.66 -65.8267 -1148.66 Orientation: 0.224548 0.126508 0.104073 0.960595 Time: 40944753146878
Position: -63.7833 -71.2533 -1153.69 Orientation: 0.228383 0.124476 0.108774 0.959435 Time: 40944894957028
Position: -59.9667 -74.38 -1157.12 Orientation: 0.231451 0.122509 0.117909 0.957872 Time: 40945048374344
Position: -58.56 -75.9867 -1159.45 Orientation: 0.232358 0.120213 0.121713 0.957468 Time: 40945142076860
Position: -55.6867 -78.0733 -1164.41 Orientation: 0.236261 0.114847 0.126048 0.95661 Time: 40945285139013
Position: -51.5867 -78.7033 -1170.28 Orientation: 0.239414 0.11514 0.132708 0.954889 Time: 40945424941700
Position: -45.6233 -77.2 -1179.17 Orientation: 0.24399 0.112078 0.138347 0.953293 Time: 40945565660102
Position: -40.1033 -72.03 -1186.1 Orientation: 0.246087 0.108976 0.143545 0.952345 Time: 40945706885312
Position: -38.0933 -67.33 -1189.77 Orientation: 0.246722 0.107276 0.145013 0.952151 Time: 40945796372156
Position: -36.6067 -58.69 -1194.08 Orientation: 0.25032 0.108375 0.146812 0.950811 Time: 40945936874414
Position: -36.73 -51.4767 -1195.29 Orientation: 0.253156 0.110143 0.14598 0.949984 Time: 40946081476002
Position: -36.2333 -46.7567 -1195.47 Orientation: 0.253789 0.11171 0.145646 0.949684 Time: 40946171168154
Position: -35.1067 -39.4133 -1193.07 Orientation: 0.254845 0.112139 0.13764 0.950544 Time: 40946311855000
Position: -35.3967 -29.5933 -1184.71 Orientation: 0.24748 0.109739 0.13614 0.952983 Time: 40946455780590
Position: -37.2967 -22.3067 -1180.39 Orientation: 0.24542 0.114642 0.135411 0.953043 Time: 40946545484909
Position: -42.25 -11.7067 -1173.61 Orientation: 0.240986 0.123843 0.131444 0.953578 Time: 40946685350329
Position: -48.23 -4.30333 -1167.54 Orientation: 0.236746 0.12794 0.125607 0.954885 Time: 40946827608356
Position: -52.0167 -0.563333 -1165.2 Orientation: 0.236554 0.127544 0.120711 0.955617 Time: 40946918984991
Position: -55.9367 4.10333 -1162.14 Orientation: 0.235618 0.128543 0.116476 0.95624 Time: 40947059435351
Position: -57.8933 8.58 -1157.75 Orientation: 0.232519 0.130377 0.115709 0.956843 Time: 40947206086604
Position: -59.69 14.3533 -1152.82 Orientation: 0.229584 0.13531 0.115942 0.956838 Time: 40947341571915
Position: -61.6967 17.9433 -1150.33 Orientation: 0.228921 0.137846 0.113844 0.956887 Time: 40947433731955
Position: -63.4267 22.29 -1146.05 Orientation: 0.226079 0.139741 0.112473 0.95745 Time: 40947573992404
Position: -66.02 26.2733 -1141.67 Orientation: 0.222419 0.139979 0.109509 0.958615 Time: 40947717319557
Position: -67.0267 29.0867 -1138.54 Orientation: 0.220117 0.139344 0.107741 0.959439 Time: 40947808319222
Position: -70.39 35.74 -1133.16 Orientation: 0.21635 0.142711 0.103441 0.960274 Time: 40947949219931
Position: -77.84 45.7433 -1130.36 Orientation: 0.217812 0.144308 0.0945718 0.960619 Time: 40948089853357
Position: -84.3767 56.91 -1128.63 Orientation: 0.220155 0.150348 0.0893089 0.959662 Time: 40948229770675
Position: -88.48 63.4333 -1127.65 Orientation: 0.221386 0.151613 0.0856075 0.959517 Time: 40948372641396
Position: -91.0833 68.9433 -1126.47 Orientation: 0.221681 0.152877 0.0831721 0.959463 Time: 40948463693149
Position: -91.8533 76.31 -1123.62 Orientation: 0.222747 0.157243 0.0841385 0.958425 Time: 40948604463448
Position: -91.8967 84.1867 -1118.54 Orientation: 0.223279 0.161276 0.0846381 0.957587 Time: 40948746192425
Position: -92.7233 90.15 -1114.96 Orientation: 0.223914 0.164877 0.0850053 0.956793 Time: 40948838647882
Position: -95.7367 98.8833 -1109.43 Orientation: 0.223881 0.167644 0.0818718 0.956593 Time: 40948978379851
Position: -98.4333 103.74 -1106.04 Orientation: 0.223617 0.167412 0.0781725 0.957005 Time: 40949120291325
Position: -100.86 111.21 -1101.2 Orientation: 0.221945 0.168275 0.0747372 0.957517 Time: 40949248201695
Position: -101.08 116.577 -1098.88 Orientation: 0.223686 0.167715 0.0733398 0.957318 Time: 40949336493376
Position: -100.98 123.633 -1095.74 Orientation: 0.225785 0.168947 0.0710725 0.956779 Time: 40949477195809
Position: -102.107 128.083 -1093.46 Orientation: 0.226684 0.167513 0.0680385 0.95704 Time: 40949620766481
Position: -104.557 134.077 -1089.5 Orientation: 0.226179 0.165676 0.0635701 0.957786 Time: 40949752099233
Position: -105.477 138.88 -1085.75 Orientation: 0.225121 0.167249 0.0626724 0.957821 Time: 40949871559629
Position: -105.107 143.26 -1081.45 Orientation: 0.221948 0.167711 0.0629375 0.958463 Time: 40949989928846
Position: -104.823 146.823 -1077.75 Orientation: 0.218884 0.166213 0.0627382 0.959441 Time: 40950117845680
Position: -105.3 150.177 -1074.59 Orientation: 0.215545 0.165142 0.0606365 0.960516 Time: 40950211049752
Position: -105.75 155.69 -1069.12 Orientation: 0.208553 0.163549 0.0563719 0.96259 Time: 40950351310772
Position: -106.063 161.513 -1065.5 Orientation: 0.205186 0.163482 0.0528384 0.963525 Time: 40950494652562
Position: -106.373 166.913 -1062.36 Orientation: 0.201614 0.164678 0.04787 0.964335 Time: 40950637398958
Position: -106.673 171.113 -1060.25 Orientation: 0.200243 0.165708 0.0451021 0.964577 Time: 40950792316169
Position: -107.363 174.463 -1056.68 Orientation: 0.197011 0.165209 0.0416022 0.965485 Time: 40950882326360
Position: -107.883 178.26 -1051.03 Orientation: 0.190845 0.16691 0.0385024 0.966559 Time: 40951040773929
Position: -109.547 183.807 -1044.8 Orientation: 0.186181 0.169347 0.034136 0.967209 Time: 40951182571723
Position: -111.69 188.607 -1041.24 Orientation: 0.18525 0.169982 0.0309027 0.967385 Time: 40951320650957
Position: -113.793 193.23 -1038.78 Orientation: 0.186012 0.165378 0.0277685 0.968131 Time: 40951412378708
Position: -114.527 199.447 -1034.33 Orientation: 0.180778 0.159876 0.0273016 0.970059 Time: 40951552814810
Position: -113.51 204.417 -1028.33 Orientation: 0.170346 0.157445 0.0284688 0.972308 Time: 40951695435929
Position: -113.063 207.237 -1024.11 Orientation: 0.163647 0.153279 0.028769 0.974114 Time: 40951786502130
Position: -112.623 210.547 -1018.33 Orientation: 0.154008 0.148374 0.0285681 0.976448 Time: 40951927010851
Position: -112.133 211.97 -1015.52 Orientation: 0.15348 0.15058 0.0264024 0.976254 Time: 40952071478608
Position: -111.413 212.697 -1013.33 Orientation: 0.156079 0.154579 0.0227684 0.975308 Time: 40952161350025
Position: -108.937 213.34 -1010.78 Orientation: 0.153845 0.156078 0.0235684 0.975406 Time: 40952349763543
Position: -106.643 211.87 -1009.89 Orientation: 0.150045 0.153112 0.0244686 0.976445 Time: 40952442426209
Position: -103.427 207.66 -1008.26 Orientation: 0.148308 0.149274 0.019401 0.977418 Time: 40952582474315
Position: -101.363 205.02 -1007.21 Orientation: 0.152476 0.151409 0.0189011 0.976458 Time: 40952722663857
Position: -100.263 203.85 -1005.59 Orientation: 0.153374 0.151907 0.0233344 0.976144 Time: 40952865088792
Position: -99.1533 203.207 -1003.5 Orientation: 0.152514 0.156081 0.0282359 0.97549 Time: 40952956067166
Position: -98.2933 203.1 -1001.34 Orientation: 0.151077 0.162011 0.0319022 0.974633 Time: 40953097423546
Position: -97.7833 204.367 -1001.94 Orientation: 0.151979 0.164714 0.0336695 0.973981 Time: 40953238970406
Position: -96.8367 205.487 -1004.6 Orientation: 0.155342 0.16601 0.0338686 0.973223 Time: 40953330844345
Position: -94.7233 206.943 -1008 Orientation: 0.157878 0.166045 0.0349359 0.972771 Time: 40953470741511
Position: -93.65 207.45 -1010.3 Orientation: 0.160176 0.165776 0.0345686 0.972454 Time: 40953615146535
Position: -93.2667 207.01 -1010.87 Orientation: 0.159441 0.168475 0.0344351 0.972116 Time: 40953754994657
Position: -93.1 205.74 -1009.25 Orientation: 0.156246 0.168014 0.0335361 0.972746 Time: 40953845352352
Position: -93.13 202.993 -1005.8 Orientation: 0.150848 0.166817 0.0306697 0.973897 Time: 40953986414836
Position: -93.0733 201.077 -1003.05 Orientation: 0.149306 0.16624 0.0283011 0.974305 Time: 40954127472567
Position: -92.9033 200.773 -1002.07 Orientation: 0.148838 0.166406 0.0276676 0.974367 Time: 40954220247202
Position: -92.33 200.26 -1001.13 Orientation: 0.148642 0.165843 0.0277683 0.97449 Time: 40954360399104
