Position: 10.7167 23.99 -1096.55 Orientation: -0.0911076 0.191283 -0.120177 0.96988 Time: 40707677406023
Position: 10.7133 23.9833 -1096.59 Orientation: -0.090774 0.191515 -0.120076 0.969878 Time: 40707820354495
Position: 10.7067 23.9667 -1096.58 Orientation: -0.0909071 0.192182 -0.120009 0.969742 Time: 40707957826358
Position: 10.7 23.9567 -1096.59 Orientation: -0.0907715 0.19241 -0.11994 0.969718 Time: 40708049450504
Position: 10.7033 23.9433 -1096.59 Orientation: -0.0905079 0.191883 -0.11991 0.969851 Time: 40708191815557
Position: 10.7133 23.9233 -1096.56 Orientation: -0.0906404 0.190915 -0.120076 0.970009 Time: 40708346850440
Position: 10.6733 23.7633 -1096.59 Orientation: -0.0891375 0.191709 -0.119372 0.970079 Time: 40708580530156
Position: 10.6933 23.8633 -1096.56 Orientation: -0.0900039 0.191408 -0.119772 0.970009 Time: 40708490879065
Position: 10.6433 23.5933 -1096.66 Orientation: -0.0883067 0.192048 -0.118942 0.97014 Time: 40708720429794
Position: 10.6133 23.36 -1096.72 Orientation: -0.0863389 0.191579 -0.118241 0.970496 Time: 40708864303296
Position: 10.5633 23.2 -1096.81 Orientation: -0.0843723 0.19318 -0.117308 0.970465 Time: 40709004173089
Position: 10.55 23.1733 -1096.84 Orientation: -0.0839742 0.193884 -0.117077 0.970387 Time: 40709095408669
Position: 10.5633 23.1467 -1096.79 Orientation: -0.0845752 0.192019 -0.117412 0.970665 Time: 40709235456016
Position: 10.5667 23.14 -1096.8 Orientation: -0.0846388 0.192046 -0.117341 0.970663 Time: 40709377666137
Position: 10.56 23.13 -1096.79 Orientation: -0.0843718 0.192578 -0.11724 0.970592 Time: 40709472105674
Position: 10.5733 23.12 -1096.81 Orientation: -0.0842032 0.191507 -0.117371 0.970803 Time: 40709614000419
Position: 10.57 23.1033 -1096.81 Orientation: -0.0842726 0.191713 -0.117275 0.970768 Time: 40709750495924
Position: 10.5667 23.0967 -1096.83 Orientation: -0.0838715 0.191844 -0.117173 0.970789 Time: 40709894603821
Position: 10.56 23.09 -1096.83 Orientation: -0.0839403 0.192216 -0.117143 0.970713 Time: 40710031443789
Position: 10.55 23.0733 -1096.85 Orientation: -0.0834045 0.192544 -0.11694 0.970719 Time: 40710175789691
Position: 10.5467 23.06 -1096.87 Orientation: -0.083306 0.192747 -0.116808 0.970703 Time: 40710265693046
Position: 10.5433 23.0233 -1096.87 Orientation: -0.0831069 0.192816 -0.116743 0.970714 Time: 40710405238337
Position: 10.52 22.84 -1096.93 Orientation: -0.0818058 0.192247 -0.116208 0.971002 Time: 40710549032567
Position: 10.5367 22.7733 -1096.92 Orientation: -0.0815762 0.190189 -0.116314 0.971414 Time: 40710688820046
Position: 10.55 22.7633 -1096.9 Orientation: -0.081806 0.189547 -0.116442 0.971504 Time: 40710779742151
Position: 10.5267 22.7733 -1096.96 Orientation: -0.081439 0.19108 -0.116175 0.971267 Time: 40710920729735
Position: 10.51 22.77 -1096.99 Orientation: -0.0811706 0.192076 -0.116006 0.971113 Time: 40711076120296
Position: 10.5133 22.7733 -1096.96 Orientation: -0.081206 0.192081 -0.116042 0.971105 Time: 40711172405329
Position: 10.5233 22.7633 -1096.96 Orientation: -0.0815027 0.191573 -0.11617 0.971165 Time: 40711310808115
Position: 10.5033 22.76 -1096.97 Orientation: -0.0813718 0.192779 -0.115974 0.970961 Time: 40711454500072
Position: 10.51 22.7633 -1096.98 Orientation: -0.0812713 0.192511 -0.115973 0.971022 Time: 40711544826971
Position: 10.5233 22.7633 -1096.97 Orientation: -0.0811428 0.191389 -0.116047 0.971246 Time: 40711684532516
Position: 10.5367 22.7633 -1096.94 Orientation: -0.0815698 0.190607 -0.116271 0.971337 Time: 40711827370160
Position: 10.5167 22.77 -1096.98 Orientation: -0.0813043 0.191977 -0.116039 0.971118 Time: 40711918247970
Position: 10.54 22.7633 -1096.94 Orientation: -0.0815063 0.190248 -0.116309 0.971409 Time: 40712058731788
Position: 10.5233 22.7567 -1096.94 Orientation: -0.0817374 0.191409 -0.116139 0.971181 Time: 40712202011036
Position: 10.53 22.7633 -1096.94 Orientation: -0.0819363 0.190973 -0.116271 0.971235 Time: 40712293103660
Position: 10.5367 22.7667 -1096.94 Orientation: -0.0815061 0.190281 -0.116275 0.971406 Time: 40712433296054
Position: 10.5167 22.7667 -1096.98 Orientation: -0.0813724 0.191647 -0.116108 0.971169 Time: 40712579834007
Position: 10.5233 22.7633 -1096.96 Orientation: -0.0814083 0.191286 -0.116145 0.971233 Time: 40712670044374
Position: 10.5467 22.7567 -1096.91 Orientation: -0.0817071 0.190116 -0.11631 0.971417 Time: 40712808167712
Position: 10.5333 22.7633 -1096.97 Orientation: -0.0816037 0.191109 -0.116205 0.971244 Time: 40712952383966
Position: 10.5267 22.7567 -1096.97 Orientation: -0.0814729 0.191348 -0.116209 0.971207 Time: 40713041503536
Position: 10.53 22.7667 -1096.99 Orientation: -0.0814722 0.190713 -0.116208 0.971332 Time: 40713182374398
Position: 10.5233 22.76 -1096.98 Orientation: -0.081371 0.191377 -0.11614 0.971218 Time: 40713326500545
Position: 10.51 22.76 -1096.99 Orientation: -0.0813701 0.192375 -0.115972 0.971041 Time: 40713419461669
Position: 10.5333 22.7633 -1096.96 Orientation: -0.0816051 0.190812 -0.116274 0.971294 Time: 40713556952351
Position: 10.52 22.7633 -1097 Orientation: -0.0812722 0.19208 -0.116041 0.9711 Time: 40713715797231
Position: 10.5267 22.7633 -1096.95 Orientation: -0.0815084 0.19082 -0.116279 0.9713 Time: 40713856330665
Position: 10.5267 22.76 -1096.96 Orientation: -0.081606 0.190947 -0.116242 0.971271 Time: 40713945902674
Position: 10.5333 22.7567 -1096.95 Orientation: -0.0814385 0.190579 -0.116207 0.971362 Time: 40714087547627
Position: 10.5233 22.7733 -1096.99 Orientation: -0.0812739 0.19145 -0.116077 0.97122 Time: 40714229196001
Position: 10.53 22.7533 -1096.94 Orientation: -0.0818702 0.190775 -0.116305 0.971275 Time: 40714321251865
Position: 10.5167 22.76 -1096.95 Orientation: -0.0814376 0.19171 -0.116106 0.971151 Time: 40714461143139
Position: 10.5233 22.7533 -1096.97 Orientation: -0.0816416 0.191153 -0.116212 0.971231 Time: 40714603661224
Position: 10.5267 22.7467 -1096.93 Orientation: -0.0817027 0.190706 -0.116337 0.971299 Time: 40714742515879
Position: 10.5133 22.7667 -1096.97 Orientation: -0.0815045 0.191477 -0.11614 0.971187 Time: 40714881891600
Position: 10.5133 22.76 -1096.98 Orientation: -0.0816051 0.191945 -0.116074 0.971094 Time: 40714966491146
Position: 10.5133 22.77 -1096.97 Orientation: -0.0813717 0.191712 -0.116074 0.97116 Time: 40715101436001
Position: 10.51 22.76 -1096.98 Orientation: -0.0813052 0.192279 -0.116007 0.971062 Time: 40715243971194
Position: 10.53 22.7533 -1096.93 Orientation: -0.0816729 0.190881 -0.116276 0.971274 Time: 40715383965693
Position: 10.5367 22.7533 -1096.93 Orientation: -0.0817382 0.190411 -0.116307 0.971357 Time: 40715475312292
Position: 10.53 22.7533 -1096.9 Orientation: -0.0815725 0.19078 -0.116275 0.971303 Time: 40715616256723
Position: 10.5267 22.75 -1096.96 Orientation: -0.0815403 0.190916 -0.116243 0.971283 Time: 40715758116489
Position: 10.52 22.76 -1097 Orientation: -0.081272 0.191546 -0.116108 0.971197 Time: 40715849634179
Position: 10.4967 22.7567 -1097.01 Orientation: -0.0814052 0.192946 -0.115941 0.970929 Time: 40715990485081
Position: 10.5067 22.75 -1096.98 Orientation: -0.0813695 0.19254 -0.116037 0.971001 Time: 40716131865413
Position: 10.5167 22.7533 -1096.98 Orientation: -0.0813046 0.191744 -0.116107 0.971155 Time: 40716224560586
Position: 10.4967 22.7633 -1097 Orientation: -0.0811408 0.193085 -0.115944 0.970923 Time: 40716364854493
Position: 10.51 22.7567 -1096.99 Orientation: -0.081604 0.191976 -0.116139 0.971081 Time: 40716509910992
Position: 10.51 22.75 -1096.99 Orientation: -0.0816708 0.19211 -0.116139 0.971049 Time: 40716599410763
Position: 10.5367 22.7567 -1096.95 Orientation: -0.0813379 0.189877 -0.116373 0.971488 Time: 40716739692884
Position: 10.52 22.76 -1096.96 Orientation: -0.0812711 0.191411 -0.11614 0.97122 Time: 40716880229930
Position: 10.5133 22.7567 -1096.99 Orientation: -0.0812727 0.191881 -0.116042 0.971139 Time: 40717014605053
Position: 10.52 22.7567 -1096.97 Orientation: -0.08164 0.191416 -0.11621 0.97118 Time: 40717097659271
Position: 10.5067 22.7567 -1096.98 Orientation: -0.0810702 0.192308 -0.116005 0.971076 Time: 40717238758824
Position: 10.51 22.7533 -1096.98 Orientation: -0.0815092 0.191888 -0.116113 0.971109 Time: 40717383176205
Position: 10.5233 22.75 -1096.98 Orientation: -0.0813744 0.191318 -0.116178 0.971225 Time: 40717475826134
Position: 10.5233 22.75 -1096.95 Orientation: -0.0818079 0.191252 -0.116245 0.971194 Time: 40717612729025
Position: 10.5067 22.7533 -1096.98 Orientation: -0.081503 0.192474 -0.116038 0.971003 Time: 40717754698099
Position: 10.5167 22.7567 -1096.97 Orientation: -0.081472 0.191613 -0.116141 0.971163 Time: 40717845948507
Position: 10.5133 22.76 -1096.99 Orientation: -0.081441 0.192218 -0.116044 0.971058 Time: 40717990300113
Position: 10.5267 22.75 -1096.93 Orientation: -0.0818053 0.190712 -0.116274 0.971297 Time: 40718130524063
Position: 10.52 22.7567 -1096.96 Orientation: -0.0814389 0.191613 -0.116141 0.971166 Time: 40718260774382
Position: 10.5267 22.7567 -1096.96 Orientation: -0.0816029 0.19114 -0.116237 0.971234 Time: 40718369026062
Position: 10.53 22.7633 -1096.94 Orientation: -0.0816729 0.191281 -0.116176 0.971208 Time: 40718513617575
Position: 10.5267 22.7633 -1096.99 Orientation: -0.0813062 0.191481 -0.116109 0.971207 Time: 40718603532716
Position: 10.5233 22.76 -1096.95 Orientation: -0.0814393 0.191247 -0.116142 0.971238 Time: 40718743599262
Position: 10.5033 22.7567 -1096.98 Orientation: -0.081404 0.192476 -0.116006 0.971014 Time: 40718883410884
Position: 10.5133 22.76 -1096.98 Orientation: -0.0814044 0.192077 -0.116073 0.971085 Time: 40718977827228
Position: 10.5433 22.7533 -1096.94 Orientation: -0.0817703 0.190109 -0.116339 0.97141 Time: 40719118082165
Position: 10.51 22.7733 -1096.98 Orientation: -0.0812377 0.19271 -0.115973 0.970986 Time: 40719262086457
Position: 10.5333 22.76 -1096.95 Orientation: -0.0815379 0.190911 -0.116207 0.971288 Time: 40719387738050
Position: 10.53 22.7567 -1096.98 Orientation: -0.0812046 0.190711 -0.116207 0.971355 Time: 40719478991310
Position: 10.5167 22.76 -1096.95 Orientation: -0.0814392 0.191781 -0.116108 0.971137 Time: 40719618543634
Position: 10.5167 22.7567 -1096.97 Orientation: -0.0814071 0.191717 -0.11611 0.971152 Time: 40719757565198
Position: 10.5267 22.76 -1096.97 Orientation: -0.081439 0.19108 -0.116175 0.971267 Time: 40719901038918
Position: 10.5267 22.76 -1096.96 Orientation: -0.0813745 0.191352 -0.116111 0.971227 Time: 40719991597740
Position: 10.5333 22.7567 -1096.94 Orientation: -0.0813718 0.190779 -0.116207 0.971328 Time: 40720131916170
Position: 10.5133 22.76 -1096.96 Orientation: -0.0814717 0.192345 -0.116074 0.971027 Time: 40720272898812
