Position: -106.537 130.83 -1024.24 Orientation: -0.0705696 0.104004 -0.0179674 0.991907 Time: 40389162554123
Position: -106.53 130.83 -1024.22 Orientation: -0.0706393 0.103875 -0.0179015 0.991917 Time: 40389025141952
Position: -106.55 130.823 -1024.26 Orientation: -0.0707388 0.105475 -0.0178014 0.991743 Time: 40389302066336
Position: -106.527 130.82 -1024.22 Orientation: -0.0709038 0.104306 -0.0179343 0.991852 Time: 40389445768748
Position: -106.527 130.823 -1024.21 Orientation: -0.0706708 0.104106 -0.017901 0.991891 Time: 40389586267013
Position: -106.533 130.82 -1024.2 Orientation: -0.0709354 0.104203 -0.0179005 0.991862 Time: 40389863996664
Position: -106.527 130.82 -1024.21 Orientation: -0.0708688 0.103903 -0.0179672 0.991897 Time: 40389724329329
Position: -106.527 130.83 -1024.23 Orientation: -0.0706369 0.103872 -0.0179676 0.991916 Time: 40390006386431
Position: -106.533 130.823 -1024.22 Orientation: -0.0704025 0.10417 -0.017934 0.991902 Time: 40390148057807
Position: -106.533 130.823 -1024.25 Orientation: -0.0706059 0.104542 -0.0178682 0.99185 Time: 40390286464585
Position: -106.533 130.827 -1024.23 Orientation: -0.0708685 0.104603 -0.0178338 0.991826 Time: 40390442060074
Position: -106.533 130.827 -1024.22 Orientation: -0.0709369 0.104639 -0.0178342 0.991817 Time: 40390535671152
Position: -106.533 130.827 -1024.25 Orientation: -0.0707056 0.104842 -0.0178014 0.991813 Time: 40390674406424
Position: -106.533 130.827 -1024.23 Orientation: -0.0706387 0.104275 -0.0179347 0.991875 Time: 40390818527438
Position: -106.537 130.813 -1024.23 Orientation: -0.0709364 0.104371 -0.0179341 0.991843 Time: 40390919269382
Position: -106.537 130.827 -1024.22 Orientation: -0.0707389 0.104175 -0.0179347 0.991878 Time: 40391065024310
Position: -106.54 130.827 -1024.24 Orientation: -0.0706052 0.104641 -0.017868 0.99184 Time: 40391204815401
Position: -106.533 130.82 -1024.26 Orientation: -0.0705726 0.104575 -0.0178348 0.991849 Time: 40391345520686
Position: -106.533 130.827 -1024.24 Orientation: -0.0705358 0.104737 -0.017834 0.991835 Time: 40391485564991
Position: -106.533 130.823 -1024.26 Orientation: -0.0708381 0.104874 -0.0178012 0.9918 Time: 40391629179576
Position: -106.533 130.82 -1024.21 Orientation: -0.0707036 0.104472 -0.0178676 0.99185 Time: 40391769592866
Position: -106.543 130.827 -1024.24 Orientation: -0.0705713 0.10474 -0.0178345 0.991832 Time: 40391908391252
Position: -106.527 130.827 -1024.21 Orientation: -0.0707719 0.103874 -0.0179347 0.991907 Time: 40392049906935
Position: -106.533 130.82 -1024.23 Orientation: -0.071038 0.105074 -0.0177678 0.991765 Time: 40392188947889
Position: -106.523 130.83 -1024.24 Orientation: -0.0705031 0.103371 -0.0180675 0.991976 Time: 40392329109486
Position: -106.527 130.827 -1024.23 Orientation: -0.0705716 0.104374 -0.0179013 0.99187 Time: 40392431919155
Position: -106.527 130.82 -1024.22 Orientation: -0.0705708 0.103506 -0.0180677 0.991958 Time: 40392577003979
Position: -106.523 130.823 -1024.23 Orientation: -0.0708713 0.103573 -0.0179678 0.991931 Time: 40392717387803
Position: -106.533 130.82 -1024.19 Orientation: -0.0708391 0.104075 -0.0179348 0.991881 Time: 40392891043996
Position: -106.54 130.827 -1024.21 Orientation: -0.0708036 0.104739 -0.0178009 0.991816 Time: 40392983462953
Position: -106.54 130.82 -1024.26 Orientation: -0.0705708 0.105139 -0.0177677 0.991791 Time: 40393123706293
Position: -106.52 130.823 -1024.2 Orientation: -0.0707703 0.104105 -0.0179009 0.991884 Time: 40393268694546
Position: -106.53 130.827 -1024.24 Orientation: -0.0708057 0.104442 -0.0178681 0.991846 Time: 40393419323085
Position: -106.527 130.823 -1024.22 Orientation: -0.0706724 0.104208 -0.0179014 0.99188 Time: 40393513620997
Position: -106.54 130.827 -1024.23 Orientation: -0.0707031 0.104538 -0.0179008 0.991843 Time: 40393654667132
Position: -106.547 130.83 -1024.27 Orientation: -0.0706357 0.105337 -0.0177339 0.991766 Time: 40393757985890
Position: -106.53 130.83 -1024.22 Orientation: -0.0704379 0.10354 -0.0180345 0.991964 Time: 40393903087063
Position: -106.543 130.823 -1024.24 Orientation: -0.0708053 0.105141 -0.0178013 0.991774 Time: 40394043914202
Position: -106.527 130.823 -1024.23 Orientation: -0.070539 0.103975 -0.0179681 0.991913 Time: 40394136779515
Position: -106.533 130.82 -1024.22 Orientation: -0.0708366 0.104738 -0.0179008 0.991812 Time: 40394277808351
Position: -106.527 130.827 -1024.23 Orientation: -0.0707036 0.104805 -0.0178009 0.991817 Time: 40394421332259
Position: -106.523 130.833 -1024.22 Orientation: -0.0707374 0.103739 -0.0179677 0.991923 Time: 40394511927960
Position: -106.533 130.827 -1024.22 Orientation: -0.0706059 0.104542 -0.0178682 0.99185 Time: 40394669832602
Position: -106.54 130.83 -1024.24 Orientation: -0.0705376 0.104806 -0.0178678 0.991827 Time: 40394761897592
Position: -106.53 130.833 -1024.25 Orientation: -0.0705032 0.104005 -0.0179675 0.991912 Time: 40394918503466
Position: -106.53 130.833 -1024.26 Orientation: -0.0704717 0.104441 -0.0178679 0.99187 Time: 40395011429421
Position: -106.53 130.823 -1024.23 Orientation: -0.0707375 0.104706 -0.017801 0.991825 Time: 40395153302304
Position: -106.53 130.827 -1024.21 Orientation: -0.070804 0.104673 -0.0178343 0.991823 Time: 40395307976946
Position: -106.533 130.823 -1024.22 Orientation: -0.070904 0.104606 -0.0178677 0.991822 Time: 40395401015821
Position: -106.533 130.83 -1024.24 Orientation: -0.0708376 0.103973 -0.0179011 0.991893 Time: 40395540982565
Position: -106.513 130.827 -1024.19 Orientation: -0.0708365 0.103138 -0.0180341 0.991978 Time: 40395685292539
Position: -106.537 130.83 -1024.24 Orientation: -0.0705704 0.104872 -0.0178009 0.991819 Time: 40395825290839
Position: -106.53 130.823 -1024.23 Orientation: -0.0707713 0.104607 -0.0178345 0.991832 Time: 40395964072685
Position: -106.537 130.833 -1024.25 Orientation: -0.0707043 0.104706 -0.0178011 0.991827 Time: 40396056160867
Position: -106.53 130.827 -1024.24 Orientation: -0.0706371 0.104172 -0.0179343 0.991886 Time: 40396196534046
Position: -106.53 130.823 -1024.23 Orientation: -0.0707366 0.103838 -0.0179675 0.991913 Time: 40396340414392
Position: -106.54 130.83 -1024.26 Orientation: -0.0709374 0.105206 -0.017801 0.991757 Time: 40396479240722
Position: -106.527 130.823 -1024.23 Orientation: -0.0706689 0.103703 -0.0180006 0.991931 Time: 40396571264269
Position: -106.537 130.827 -1024.23 Orientation: -0.0707052 0.104241 -0.017968 0.991873 Time: 40396711085016
Position: -106.533 130.823 -1024.23 Orientation: -0.0706718 0.104274 -0.0179346 0.991872 Time: 40396853296848
Position: -106.537 130.817 -1024.23 Orientation: -0.0710393 0.105209 -0.0177682 0.99175 Time: 40396994012779
Position: -106.533 130.823 -1024.23 Orientation: -0.0708042 0.10464 -0.0178677 0.991826 Time: 40397096009197
Position: -106.537 130.827 -1024.24 Orientation: -0.0709051 0.104774 -0.0178346 0.991805 Time: 40397241180327
Position: -106.543 130.83 -1024.25 Orientation: -0.0706379 0.105674 -0.0177011 0.991731 Time: 40397385598467
Position: -106.527 130.827 -1024.2 Orientation: -0.0707039 0.104106 -0.0179343 0.991888 Time: 40397522268676
Position: -106.537 130.83 -1024.26 Orientation: -0.0705704 0.104539 -0.0179009 0.991852 Time: 40397667568314
Position: -106.543 130.833 -1024.26 Orientation: -0.0706718 0.105241 -0.0178013 0.991773 Time: 40397756028234
Position: -106.53 130.827 -1024.22 Orientation: -0.0708042 0.104639 -0.0179011 0.991825 Time: 40397897268272
Position: -106.537 130.83 -1024.25 Orientation: -0.070507 0.10511 -0.0177684 0.991799 Time: 40398040529840
Position: -106.54 130.83 -1024.26 Orientation: -0.0706717 0.104941 -0.0178013 0.991804 Time: 40398142208790
Position: -106.533 130.83 -1024.24 Orientation: -0.0706032 0.103938 -0.0179675 0.991912 Time: 40398286923298
Position: -106.53 130.83 -1024.21 Orientation: -0.0706371 0.103506 -0.0180343 0.991954 Time: 40398431598645
Position: -106.517 130.82 -1024.18 Orientation: -0.0706368 0.102572 -0.0181675 0.992048 Time: 40398521240041
Position: -106.54 130.83 -1024.24 Orientation: -0.0706386 0.104608 -0.0179013 0.99184 Time: 40398661015924
Position: -106.52 130.82 -1024.2 Orientation: -0.0708698 0.103438 -0.0180341 0.991944 Time: 40398804992081
Position: -106.523 130.827 -1024.23 Orientation: -0.0707376 0.10404 -0.0179011 0.991893 Time: 40398944392514
Position: -106.52 130.823 -1024.22 Orientation: -0.0707051 0.103608 -0.0180013 0.991939 Time: 40399035424877
Position: -106.53 130.83 -1024.22 Orientation: -0.0709384 0.103774 -0.0180013 0.991905 Time: 40399176213426
Position: -106.523 130.823 -1024.2 Orientation: -0.0709376 0.103239 -0.0180677 0.991959 Time: 40399279698713
Position: -106.52 130.837 -1024.21 Orientation: -0.070638 0.103407 -0.0179678 0.991965 Time: 40399428948832
Position: -106.53 130.833 -1024.23 Orientation: -0.070635 0.104136 -0.0179337 0.99189 Time: 40399584141688
Position: -106.517 130.83 -1024.18 Orientation: -0.0710034 0.103638 -0.0180009 0.991914 Time: 40399675248380
Position: -106.52 130.827 -1024.2 Orientation: -0.0707366 0.104505 -0.0178341 0.991845 Time: 40399815985031
Position: -106.527 130.83 -1024.22 Orientation: -0.0708389 0.104441 -0.0178681 0.991844 Time: 40399959157062
Position: -106.527 130.833 -1024.24 Orientation: -0.0708036 0.104405 -0.0178676 0.99185 Time: 40400059707955
Position: -106.537 130.827 -1024.24 Orientation: -0.0706034 0.104572 -0.0178342 0.991848 Time: 40400206376888
Position: -106.527 130.827 -1024.22 Orientation: -0.0708037 0.104072 -0.0178676 0.991885 Time: 40400366011065
Position: -106.53 130.82 -1024.23 Orientation: -0.0708029 0.104504 -0.0178341 0.991841 Time: 40400465241329
Position: -106.52 130.82 -1024.21 Orientation: -0.0706705 0.104139 -0.0178676 0.991888 Time: 40400611703052
Position: -106.54 130.823 -1024.25 Orientation: -0.0708048 0.105207 -0.0178012 0.991767 Time: 40400754746195
Position: -106.537 130.82 -1024.23 Orientation: -0.0708053 0.105141 -0.0178013 0.991774 Time: 40400845396075
Position: -106.513 130.827 -1024.21 Orientation: -0.070638 0.103073 -0.0180345 0.991998 Time: 40400986752835
Position: -106.533 130.827 -1024.23 Orientation: -0.0707693 0.104571 -0.0178007 0.991837 Time: 40401089820470
Position: -106.54 130.823 -1024.23 Orientation: -0.0709399 0.10521 -0.017735 0.991758 Time: 40401235971378
Position: -106.54 130.83 -1024.27 Orientation: -0.0705068 0.105143 -0.0177684 0.991795 Time: 40401378265144
Position: -106.53 130.827 -1024.24 Orientation: -0.0704726 0.104309 -0.0178682 0.991884 Time: 40401519943174
Position: -106.523 130.82 -1024.22 Orientation: -0.0706051 0.104008 -0.0179346 0.991905 Time: 40401609755091
Position: -106.52 130.823 -1024.21 Orientation: -0.0706735 0.104043 -0.0179351 0.991896 Time: 40401750170662
Position: -106.54 130.83 -1024.25 Orientation: -0.0704713 0.104807 -0.0178345 0.991832 Time: 40401902978325
Position: -106.547 130.83 -1024.28 Orientation: -0.0705031 0.105638 -0.0177008 0.991744 Time: 40401996266993
