Position: -42.9333 235.02 -1063.22 Orientation: 0.313983 0.0783709 0.191777 0.92655 Time: 41331826113785
Position: -41.33 233.5 -1067.66 Orientation: 0.321681 0.0807035 0.189342 0.924207 Time: 41332118233105
Position: -42.1867 233.203 -1068.65 Orientation: 0.323118 0.0782378 0.186877 0.924419 Time: 41332258347937
Position: -40.88 233.55 -1065.99 Orientation: 0.31759 0.0766723 0.190614 0.925702 Time: 41331977014168
Position: -42.1167 233.53 -1069.63 Orientation: 0.325526 0.0753394 0.183081 0.924574 Time: 41332492229159
Position: -42.1033 233.133 -1068.91 Orientation: 0.324754 0.0766715 0.185312 0.924292 Time: 41332351897803
Position: -40.4167 235.833 -1070.7 Orientation: 0.318187 0.0737715 0.183879 0.927094 Time: 41332635395487
Position: -39.6333 237.56 -1070.3 Orientation: 0.307856 0.074939 0.184614 0.930337 Time: 41332726141748
Position: -41.2733 236.697 -1065.81 Orientation: 0.293549 0.0841712 0.180243 0.935017 Time: 41332928668719
Position: -42.2733 236.2 -1064.78 Orientation: 0.289481 0.0835041 0.176909 0.93698 Time: 41333022989062
Position: -42.75 234.927 -1064.48 Orientation: 0.28093 0.0804752 0.176252 0.939967 Time: 41333162854863
Position: -43 234.137 -1065.36 Orientation: 0.277354 0.0785391 0.174946 0.941435 Time: 41333304019431
Position: -43.2567 233.8 -1066.75 Orientation: 0.27982 0.0783057 0.172179 0.941235 Time: 41333396809464
Position: -43.2267 232.73 -1066.84 Orientation: 0.284318 0.0761383 0.164177 0.941494 Time: 41333537687740
Position: -42.7433 230.153 -1065.49 Orientation: 0.287851 0.0739712 0.159143 0.941458 Time: 41333678796418
Position: -42.2633 228.383 -1062.78 Orientation: 0.287094 0.0761072 0.161282 0.941155 Time: 41333771128499
Position: -43.9433 226.66 -1057.78 Orientation: 0.283916 0.0769377 0.160876 0.942121 Time: 41333911906403
Position: -45.8267 225.097 -1053.08 Orientation: 0.278881 0.0811376 0.159042 0.943582 Time: 41334054225642
Position: -48.26 222.3 -1046.52 Orientation: 0.27189 0.0846739 0.155613 0.945881 Time: 41334144956125
Position: -50.5267 216.62 -1036.23 Orientation: 0.259119 0.083406 0.154611 0.949735 Time: 41334287951742
Position: -53.1833 211.27 -1028.41 Orientation: 0.249594 0.0827092 0.154017 0.952439 Time: 41334426425056
Position: -55.7667 206.017 -1021.88 Orientation: 0.24505 0.0834055 0.151277 0.953997 Time: 41334570335437
Position: -57.41 202.567 -1017.38 Orientation: 0.241318 0.0870065 0.150778 0.954705 Time: 41334660863082
Position: -59.2433 199.06 -1013.05 Orientation: 0.238387 0.0885409 0.148979 0.955582 Time: 41334800645619
Position: -60.7767 195.29 -1008.91 Orientation: 0.234985 0.0906405 0.147812 0.956409 Time: 41334905148324
Position: -62.8367 188.42 -1002.86 Orientation: 0.231953 0.0947414 0.144779 0.957215 Time: 41335050653651
Position: -65.4133 180.897 -997.417 Orientation: 0.229245 0.093538 0.14214 0.958381 Time: 41335193045319
Position: -67.21 176.087 -993.753 Orientation: 0.22982 0.093475 0.140312 0.958518 Time: 41335284662051
Position: -70.6733 169.507 -988.837 Orientation: 0.233458 0.0937432 0.134347 0.958468 Time: 41335424574045
Position: -73.2067 163.18 -983.713 Orientation: 0.23638 0.0956385 0.12984 0.958186 Time: 41335567317780
Position: -74.3267 159.067 -979.44 Orientation: 0.232383 0.0955068 0.127409 0.959502 Time: 41335659394935
Position: -74.7667 155.367 -975.533 Orientation: 0.229089 0.0983094 0.127046 0.960059 Time: 41335799457300
Position: -75.65 152.653 -971.923 Orientation: 0.222386 0.0983418 0.126644 0.961683 Time: 41335915087928
Position: -77.1533 147.56 -965.5 Orientation: 0.217284 0.0998415 0.122643 0.963212 Time: 41336064312383
Position: -78.8833 143.71 -959.02 Orientation: 0.210021 0.102077 0.120179 0.964898 Time: 41336206225758
Position: -80.1167 141.64 -955.197 Orientation: 0.205349 0.103475 0.117576 0.966075 Time: 41336298603843
Position: -84.6533 134.39 -944.007 Orientation: 0.197382 0.108275 0.111375 0.967942 Time: 41336486427287
Position: -87.5167 130.62 -938.137 Orientation: 0.193176 0.110605 0.108272 0.968879 Time: 41336579026079
Position: -91.3233 125.007 -930.9 Orientation: 0.188153 0.110678 0.104211 0.970303 Time: 41336719012213
Position: -93.9033 119.863 -924.76 Orientation: 0.182918 0.111877 0.101443 0.97146 Time: 41336863622166
Position: -94.8633 117.387 -921.983 Orientation: 0.181444 0.113473 0.100106 0.97169 Time: 41336953461456
Position: -97.1933 113.943 -918.963 Orientation: 0.181346 0.113208 0.0978403 0.97197 Time: 41337093674951
Position: -99.6633 111.057 -915.967 Orientation: 0.181181 0.114609 0.0954407 0.972075 Time: 41337197045417
Position: -103.447 106.687 -911.417 Orientation: 0.18131 0.117206 0.0922051 0.972053 Time: 41337343776702
Position: -106.237 102 -906.937 Orientation: 0.179712 0.116241 0.0893725 0.97273 Time: 41337487702292
Position: -108.277 98.28 -904.46 Orientation: 0.181184 0.116178 0.0890751 0.972492 Time: 41337577105112
Position: -112.7 93.3167 -899.47 Orientation: 0.181179 0.117908 0.0874393 0.972433 Time: 41337717412326
Position: -115.417 90.4633 -896.05 Orientation: 0.181013 0.117508 0.0860727 0.972634 Time: 41337832611425
Position: -118.92 85.7733 -890.68 Orientation: 0.181212 0.117008 0.0867391 0.972598 Time: 41337983375316
Position: -120.873 81.4433 -884.077 Orientation: 0.176713 0.120342 0.0880065 0.972905 Time: 41338129431935
Position: -121.417 78.7167 -879.867 Orientation: 0.174812 0.122908 0.0875727 0.972967 Time: 41338219469120
Position: -123.513 75.14 -873.727 Orientation: 0.170343 0.126941 0.0863049 0.973355 Time: 41338357733132
Position: -124.56 72.51 -870.267 Orientation: 0.168245 0.130042 0.0860393 0.973334 Time: 41338501831714
Position: -124.79 69.77 -867.393 Orientation: 0.167045 0.133543 0.0867728 0.973002 Time: 41338591634125
Position: -124.573 66.6067 -863.933 Orientation: 0.165405 0.139904 0.0892693 0.972162 Time: 41338731941910
Position: -124.887 63.54 -862.89 Orientation: 0.165377 0.140742 0.0912723 0.97186 Time: 41338906107572
Position: -124.55 59.8067 -862.543 Orientation: 0.162409 0.142642 0.0953722 0.97169 Time: 41339047627628
Position: -123.577 57.1 -862.723 Orientation: 0.15961 0.143042 0.0990396 0.971728 Time: 41339136814874
Position: -120.293 54.0267 -865.407 Orientation: 0.156744 0.142076 0.104507 0.971763 Time: 41339277842380
Position: -116.853 54.6033 -871.51 Orientation: 0.143745 0.137011 0.111576 0.973713 Time: 41339420869934
Position: -112.563 56.0033 -881.743 Orientation: 0.148613 0.133312 0.117044 0.972853 Time: 41339562070621
Position: -109.987 56.5267 -887.49 Orientation: 0.153209 0.130574 0.12024 0.972121 Time: 41339652442764
Position: -106.72 57.27 -893.833 Orientation: 0.157613 0.127344 0.124444 0.971316 Time: 41339792889892
Position: -104.403 59.5533 -900.357 Orientation: 0.161346 0.123043 0.126376 0.971008 Time: 41339936577666
Position: -103.213 61.3233 -905.26 Orientation: 0.165475 0.119972 0.127273 0.97058 Time: 41340030830144
Position: -99.9867 63.91 -914.42 Orientation: 0.172845 0.116908 0.131042 0.969167 Time: 41340170189136
Position: -97.09 67.0233 -925.637 Orientation: 0.180375 0.113005 0.135739 0.96761 Time: 41340307403792
Position: -94.1867 70.0433 -934.493 Orientation: 0.185214 0.110408 0.140577 0.966304 Time: 41340451129777
Position: -90 73.09 -944.623 Orientation: 0.191149 0.108976 0.147045 0.964346 Time: 41340589689966
Position: -87.3033 75.4 -951.99 Orientation: 0.196782 0.107008 0.150245 0.96294 Time: 41340692732888
Position: -84.7133 79.2367 -961.573 Orientation: 0.20238 0.105507 0.152444 0.961598 Time: 41340837924929
Position: -81.9467 82.78 -972.097 Orientation: 0.209815 0.103574 0.155211 0.95977 Time: 41340979727285
Position: -80.1767 85.0833 -980.193 Orientation: 0.215283 0.103808 0.158845 0.957938 Time: 41341071684677
Position: -79.1733 88.9567 -993.21 Orientation: 0.225947 0.100806 0.161277 0.955393 Time: 41341212051773
Position: -77.5067 93.3967 -1004.36 Orientation: 0.234382 0.0988398 0.163444 0.953196 Time: 41341354610539
Position: -76.61 95.3133 -1009.3 Orientation: 0.237252 0.0980078 0.16458 0.952376 Time: 41341446239628
Position: -74.07 98.7567 -1019.83 Orientation: 0.246093 0.0964436 0.169818 0.949368 Time: 41341587348116
Position: -71.9267 101.567 -1027.4 Orientation: 0.252754 0.0957412 0.173914 0.946944 Time: 41341691512252
Position: -68.0067 106.097 -1038.24 Orientation: 0.260883 0.0902389 0.178844 0.944358 Time: 41341837005412
Position: -63.84 110.917 -1049.19 Orientation: 0.268455 0.0858071 0.183882 0.941677 Time: 41341997023973
Position: -60.6367 116.187 -1060.62 Orientation: 0.27576 0.0815413 0.187518 0.939225 Time: 41342150831566
Position: -58.88 119.703 -1068.29 Orientation: 0.279892 0.0750401 0.18815 0.938418 Time: 41342241881988
Position: -55.1633 125.55 -1080.75 Orientation: 0.286591 0.0681058 0.190516 0.936446 Time: 41342382429490
Position: -51.3067 131.45 -1092.78 Orientation: 0.295254 0.0634712 0.193647 0.933433 Time: 41342526765507
Position: -49.4467 134.907 -1099.47 Orientation: 0.300217 0.0612702 0.195445 0.931621 Time: 41342616639206
Position: -47.5433 139.067 -1107.38 Orientation: 0.305087 0.0574038 0.196813 0.929995 Time: 41342756401401
Position: -45.9367 142.493 -1114.95 Orientation: 0.306114 0.0527691 0.199109 0.929443 Time: 41342899378769
Position: -44.9367 144.39 -1119 Orientation: 0.303784 0.0467694 0.200078 0.930321 Time: 41342990142900
Position: -40.51 147.973 -1128.75 Orientation: 0.308224 0.0427367 0.205483 0.927873 Time: 41343130954641
Position: -34.79 150.013 -1136.46 Orientation: 0.304658 0.0371696 0.213817 0.927407 Time: 41343291550348
Position: -31.09 148.63 -1138.31 Orientation: 0.29505 0.0286683 0.215512 0.930418 Time: 41343428942749
Position: -31.0833 144.917 -1135.1 Orientation: 0.284489 0.0258021 0.213817 0.934175 Time: 41343568431389
Position: -34.32 141.52 -1130.05 Orientation: 0.274921 0.0221017 0.208449 0.938338 Time: 41343711324543
Position: -38.0633 138.203 -1125.01 Orientation: 0.267488 0.0241686 0.204316 0.94134 Time: 41343853314908
Position: -40.6633 133.323 -1118.89 Orientation: 0.264521 0.0243019 0.200749 0.942941 Time: 41344006156599
Position: -43.7567 127.243 -1111.41 Orientation: 0.25892 0.0293689 0.198115 0.944906 Time: 41344148750914
Position: -45.5067 124.137 -1107.94 Orientation: 0.257989 0.030636 0.195417 0.945682 Time: 41344238990747
Position: -48.7967 118.48 -1102.78 Orientation: 0.264021 0.0363696 0.188715 0.945176 Time: 41344379150633
Position: -51.1767 113.713 -1097.53 Orientation: 0.25932 0.0388363 0.186214 0.946873 Time: 41344523328867
Position: -52.6433 110.507 -1094.01 Orientation: 0.255515 0.0403024 0.184111 0.948257 Time: 41344613144395
Position: -54.15 106.207 -1089.43 Orientation: 0.250813 0.0443355 0.182476 0.949647 Time: 41344752957918
Position: -54.7 103.06 -1086.47 Orientation: 0.248816 0.0455362 0.180845 0.950427 Time: 41344896050677
Position: -55.29 100.79 -1083.8 Orientation: 0.247351 0.0496369 0.18138 0.950502 Time: 41344987104711
Position: -58.0833 95.9833 -1076.78 Orientation: 0.244588 0.0572049 0.180382 0.950982 Time: 41345128006370
Position: -62.4467 90.9333 -1069.06 Orientation: 0.240187 0.0622052 0.175981 0.952613 Time: 41345272034234
Position: -64.45 87.66 -1064.07 Orientation: 0.236357 0.0651399 0.174051 0.953729 Time: 41345361626584
Position: -65.3533 83.3833 -1057.82 Orientation: 0.231887 0.0700396 0.172915 0.954685 Time: 41345501941592
Position: -66.33 80.3067 -1053.63 Orientation: 0.229314 0.0715711 0.170877 0.955559 Time: 41345643527803
Position: -68.1933 78.2233 -1050.31 Orientation: 0.225251 0.0722391 0.168613 0.956877 Time: 41345736156251
Position: -71.73 74.6 -1044.33 Orientation: 0.22015 0.0740722 0.164112 0.958705 Time: 41345879402041
Position: -74.7833 71.0333 -1039.1 Orientation: 0.217045 0.0742705 0.158642 0.960317 Time: 41346037711027
Position: -77.24 67.5533 -1033.71 Orientation: 0.213287 0.0757739 0.155682 0.961525 Time: 41346177793923
Position: -79.4567 64.7267 -1029.85 Orientation: 0.212651 0.076973 0.151879 0.962179 Time: 41346276933128
Position: -82.6333 60.73 -1024.13 Orientation: 0.209351 0.0776398 0.146946 0.963614 Time: 41346422671138
Position: -84.8733 58.35 -1021.32 Orientation: 0.208448 0.0791724 0.144177 0.964103 Time: 41346536868787
Position: -88.25 55.03 -1016.42 Orientation: 0.205882 0.0807394 0.139544 0.965205 Time: 41346688236057
Position: -91.35 51.9467 -1010.68 Orientation: 0.200257 0.0758755 0.134149 0.967546 Time: 41346830137455
Position: -94.1233 49.59 -1006.2 Orientation: 0.197353 0.076941 0.130446 0.968564 Time: 41346922339317
Position: -97.7467 45.14 -998.503 Orientation: 0.192116 0.07964 0.125777 0.970015 Time: 41347062378109
Position: -99.34 41.5667 -992.913 Orientation: 0.186447 0.0803726 0.123609 0.971339 Time: 41347166255003
Position: -101.423 36.7567 -986.143 Orientation: 0.181077 0.0842715 0.121774 0.972255 Time: 41347311979706
Position: -104.51 33.41 -979.92 Orientation: 0.174312 0.084939 0.118274 0.973864 Time: 41347458248477
Position: -107.407 30.1667 -974.227 Orientation: 0.169146 0.0867064 0.115609 0.974939 Time: 41347609519556
Position: -109.65 27.6667 -970.34 Orientation: 0.16788 0.0892069 0.114109 0.975109 Time: 41347702184123
Position: -113.207 23.66 -964.313 Orientation: 0.169546 0.0913402 0.109608 0.97514 Time: 41347843000046
Position: -114.737 19.6167 -958.347 Orientation: 0.166413 0.0955409 0.109309 0.97531 Time: 41347984166325
Position: -116.5 16.31 -952.87 Orientation: 0.163183 0.0979099 0.107411 0.975832 Time: 41348076044826
Position: -118.75 12.7867 -947.65 Orientation: 0.161748 0.100509 0.106043 0.975956 Time: 41348216607725
Position: -122.457 10.3733 -943.783 Orientation: 0.161576 0.102439 0.103173 0.976092 Time: 41348360278390
Position: -124.66 8.39 -940.447 Orientation: 0.161046 0.104675 0.101875 0.976078 Time: 41348449737100
Position: -128.173 5.22333 -935.33 Orientation: 0.159506 0.108437 0.0994702 0.976169 Time: 41348590887030
Position: -132.147 1.65 -930.98 Orientation: 0.158347 0.107943 0.0950417 0.976853 Time: 41348733585330
Position: -133.547 -2.13667 -929.027 Orientation: 0.159948 0.110043 0.0947087 0.97639 Time: 41348824980785
Position: -134.147 -7.38667 -928.427 Orientation: 0.162777 0.112707 0.0952728 0.975563 Time: 41348964332553
Position: -133.62 -9.98 -930.353 Orientation: 0.163109 0.114706 0.0981721 0.974987 Time: 41349113064648
Position: -133.397 -10.1633 -932.953 Orientation: 0.151381 0.109377 0.10301 0.97699 Time: 41349202986252
Position: -130.78 -10.82 -939.893 Orientation: 0.149879 0.105042 0.107509 0.977213 Time: 41349339170563
Position: -125.8 -11.3933 -948.373 Orientation: 0.153373 0.101871 0.110204 0.976706 Time: 41349497287738
Position: -121.527 -11.3533 -954.97 Orientation: 0.157474 0.0981377 0.112472 0.976177 Time: 41349588922910
Position: -117.743 -10.6567 -962.97 Orientation: 0.16205 0.0963765 0.114512 0.975366 Time: 41349729631046
Position: -114.62 -9.87333 -971.58 Orientation: 0.169144 0.0893391 0.114241 0.974863 Time: 41349872270415
Position: -113.45 -8.14 -980.19 Orientation: 0.176078 0.0850722 0.112407 0.97423 Time: 41350013977530
Position: -112.09 -6.88333 -986.437 Orientation: 0.181774 0.0827035 0.111938 0.973441 Time: 41350104634064
Position: -109.543 -4.66667 -996.48 Orientation: 0.188845 0.0820385 0.110974 0.972261 Time: 41350244217945
Position: -107.88 -2.93333 -1003.58 Orientation: 0.193782 0.0820067 0.111376 0.971246 Time: 41350387577796
Position: -105.173 -0.45 -1013.39 Orientation: 0.201648 0.0820725 0.112841 0.969469 Time: 41350526890022
Position: -100.47 2.28333 -1024.11 Orientation: 0.204676 0.0896374 0.117205 0.967644 Time: 41350664948726
Position: -97.0567 4.76 -1032.38 Orientation: 0.209344 0.0886046 0.119039 0.966516 Time: 41350748146090
Position: -93.1467 7.91333 -1040.85 Orientation: 0.213847 0.0860389 0.121441 0.965463 Time: 41350884046010
Position: -86.4033 13.1633 -1054.37 Orientation: 0.221623 0.083342 0.128213 0.963067 Time: 41351026026110
Position: -82.64 16.82 -1062.52 Orientation: 0.227648 0.0810719 0.131375 0.961428 Time: 41351118094902
Position: -77.0333 22.8033 -1075.74 Orientation: 0.239224 0.0770078 0.136514 0.95823 Time: 41351278026017
Position: -73.4967 26.8433 -1084.91 Orientation: 0.246624 0.0735073 0.139747 0.956161 Time: 41351370721380
Position: -68.3533 32.1233 -1096.81 Orientation: 0.255419 0.0699051 0.144777 0.95337 Time: 41351507777682
Position: -63.6033 37.3967 -1108.46 Orientation: 0.263185 0.0656713 0.148811 0.950934 Time: 41351649598858
Position: -60.6533 40.7367 -1115.81 Orientation: 0.268143 0.0628689 0.151372 0.949333 Time: 41351742322166
Position: -58.1733 44.08 -1122.45 Orientation: 0.271614 0.0616032 0.153941 0.948015 Time: 41351882265337
Position: -56.1433 50.03 -1132.14 Orientation: 0.274555 0.0559378 0.154612 0.94741 Time: 41352025387182
Position: -54.7333 54.3267 -1139.63 Orientation: 0.275752 0.0526035 0.155777 0.947063 Time: 41352116733401
Position: -51.5567 60.5733 -1150.36 Orientation: 0.276192 0.0461709 0.158881 0.946754 Time: 41352257151824
Position: -50.2333 67.2033 -1160.86 Orientation: 0.279197 0.0433713 0.161851 0.945501 Time: 41352400075964
Position: -49.5033 71.5267 -1168.26 Orientation: 0.284169 0.042872 0.164687 0.943551 Time: 41352501997672
Position: -46.8767 75.9367 -1176.82 Orientation: 0.28336 0.0384704 0.172483 0.94259 Time: 41352648977609
Position: -42.5933 77.0667 -1181.97 Orientation: 0.276792 0.0368367 0.18095 0.94302 Time: 41352790584161
Position: -38.6533 75.4867 -1185.18 Orientation: 0.275095 0.03207 0.182819 0.94333 Time: 41352929694502
Position: -36.5233 73.6533 -1186.15 Orientation: 0.270326 0.0291362 0.184585 0.944459 Time: 41353021377579
Position: -36.4567 70.1633 -1184.89 Orientation: 0.263351 0.0259351 0.182813 0.946865 Time: 41353161935346
Position: -37.5833 65.6033 -1180.17 Orientation: 0.248621 0.0270689 0.183649 0.950646 Time: 41353303769828
Position: -39.4133 61.66 -1176.74 Orientation: 0.255655 0.0312027 0.179482 0.949449 Time: 41353395223264
Position: -41.52 57.7067 -1172.95 Orientation: 0.263245 0.0352682 0.174607 0.948141 Time: 41353535698337
Position: -42.45 56.37 -1171.3 Orientation: 0.264582 0.0336686 0.171343 0.948422 Time: 41353680687160
Position: -43.0467 55.6767 -1170.22 Orientation: 0.264385 0.0321355 0.169111 0.948931 Time: 41353770403836
Position: -43.6867 53.8667 -1167.31 Orientation: 0.262582 0.033102 0.167277 0.949723 Time: 41353904481831
Position: -45.41 51.0533 -1163.68 Orientation: 0.262221 0.0351029 0.162513 0.950577 Time: 41354035210063
Position: -46.9833 48.1633 -1160.02 Orientation: 0.260542 0.0344679 0.158539 0.951733 Time: 41354175751862
Position: -48.3033 45.6033 -1156.76 Orientation: 0.258017 0.0367024 0.157377 0.95253 Time: 41354269793898
Position: -50.6833 41.9833 -1151.73 Orientation: 0.255463 0.037471 0.152317 0.95401 Time: 41354409368844
Position: -52.17 38.4533 -1147.21 Orientation: 0.256182 0.0405691 0.148942 0.954223 Time: 41354553745733
Position: -52.15 35.7367 -1144.2 Orientation: 0.25799 0.0446373 0.148747 0.953584 Time: 41354643157107
Position: -52.1367 32.1933 -1137.89 Orientation: 0.254482 0.0493363 0.149209 0.954223 Time: 41354783897561
Position: -54.3867 28.94 -1131.84 Orientation: 0.248784 0.0516037 0.147511 0.955868 Time: 41354927680765
Position: -56.9967 26.0367 -1126.87 Orientation: 0.244481 0.0540698 0.145675 0.957123 Time: 41355017696470
Position: -60.2933 21.7533 -1119.18 Orientation: 0.23832 0.0574049 0.143012 0.958882 Time: 41355158132572
Position: -62.4367 17.6467 -1111.57 Orientation: 0.23158 0.0615369 0.141575 0.96049 Time: 41355317159759
Position: -63.9467 13.6567 -1104.29 Orientation: 0.225812 0.0635702 0.140508 0.961886 Time: 41355456091024
Position: -64.5567 11.27 -1099.16 Orientation: 0.22195 0.0661382 0.141244 0.962504 Time: 41355547598828
Position: -66.9733 7.13 -1090.45 Orientation: 0.214516 0.0682719 0.138477 0.964441 Time: 41355689662382
Position: -69.44 3.36 -1084.13 Orientation: 0.208207 0.0718024 0.136371 0.965866 Time: 41355831121416
Position: -71.0433 0.52 -1079.67 Orientation: 0.203783 0.0730057 0.134777 0.966943 Time: 41355922722750
Position: -73.57 -4.78333 -1071.44 Orientation: 0.196684 0.0770734 0.133178 0.968317 Time: 41356063285270
Position: -74.86 -8.64667 -1065.35 Orientation: 0.192384 0.0790739 0.131945 0.969188 Time: 41356166661438
Position: -77.0933 -14.08 -1056.82 Orientation: 0.185681 0.0818399 0.130377 0.970477 Time: 41356315054964
Position: -79.82 -18.18 -1050.11 Orientation: 0.180645 0.085839 0.128509 0.971331 Time: 41356453488166
Position: -82.83 -22.06 -1043.55 Orientation: 0.176678 0.0871054 0.125608 0.972327 Time: 41356597495119
Position: -85.1967 -24.7667 -1039.09 Orientation: 0.173579 0.0884398 0.123476 0.973038 Time: 41356686942232
Position: -87.6167 -27.67 -1034.57 Orientation: 0.171809 0.0923046 0.122506 0.973116 Time: 41356827496577
Position: -92.05 -32.81 -1025.86 Orientation: 0.167178 0.0958734 0.118808 0.974035 Time: 41356971418175
Position: -94.3167 -36.5567 -1019.93 Orientation: 0.163877 0.0984062 0.117007 0.974561 Time: 41357061105955
Position: -97.09 -41.95 -1012.71 Orientation: 0.162948 0.104609 0.11661 0.974119 Time: 41357202358920
Position: -99.8267 -46.3067 -1006.34 Orientation: 0.163813 0.110642 0.11711 0.973247 Time: 41357344126107
Position: -102.547 -48.95 -1001.51 Orientation: 0.160647 0.112776 0.115543 0.973716 Time: 41357435975332
Position: -105.41 -51.81 -996.51 Orientation: 0.159414 0.115044 0.113277 0.97392 Time: 41357579401908
Position: -109.417 -56.18 -990.027 Orientation: 0.16508 0.120077 0.108776 0.972881 Time: 41357719466554
Position: -113.547 -59.5033 -983.757 Orientation: 0.169914 0.12571 0.102542 0.972014 Time: 41357862363509
Position: -116.817 -61.19 -979.34 Orientation: 0.169716 0.127778 0.0985757 0.972189 Time: 41357962619556
Position: -120.327 -64.4033 -972.98 Orientation: 0.168251 0.136481 0.0968435 0.971435 Time: 41358107112216
Position: -121.987 -68.5733 -967.163 Orientation: 0.16775 0.145248 0.0987097 0.970062 Time: 41358250781551
Position: -121.187 -71.8733 -965.37 Orientation: 0.178589 0.16502 0.100946 0.96472 Time: 41358340691369
Position: -120.163 -76.4233 -962.453 Orientation: 0.173277 0.176511 0.10944 0.962726 Time: 41358532994725
Position: -118.63 -79.8467 -962.767 Orientation: 0.159044 0.175312 0.116275 0.964599 Time: 41358672593054
Position: -116.533 -82.8167 -967.2 Orientation: 0.146213 0.172182 0.12121 0.966583 Time: 41358812064015
Position: -113.743 -84.9733 -976.583 Orientation: 0.149078 0.166313 0.123843 0.96684 Time: 41358949483980
Position: -110.063 -85.7467 -985.5 Orientation: 0.159381 0.164148 0.127278 0.965118 Time: 41359052963184
Position: -103.783 -85.9767 -999.5 Orientation: 0.172119 0.158384 0.131648 0.963306 Time: 41359201427427
Position: -97.7467 -84.43 -1011.4 Orientation: 0.177512 0.14951 0.135109 0.963266 Time: 41359339285954
Position: -95.24 -81.75 -1021.8 Orientation: 0.182741 0.142839 0.134106 0.963441 Time: 41359481228604
Position: -94.2833 -80.1333 -1027.03 Orientation: 0.183477 0.138308 0.134641 0.963887 Time: 41359573196262
Position: -90.5067 -76.47 -1039.37 Orientation: 0.186743 0.129073 0.137174 0.964184 Time: 41359713750797
Position: -85.0267 -72.47 -1053.49 Orientation: 0.195186 0.117778 0.138547 0.963761 Time: 41359858271973
Position: -80.18 -69.58 -1063.12 Orientation: 0.201717 0.113109 0.141945 0.96248 Time: 41359948457247
Position: -74.5433 -65.6 -1076.54 Orientation: 0.207882 0.104374 0.144077 0.961838 Time: 41360087553900
Position: -70.4 -62.6467 -1088.65 Orientation: 0.214843 0.0944376 0.142906 0.96151 Time: 41360230102971
Position: -68.3 -61.0033 -1093.92 Orientation: 0.216711 0.0918711 0.143307 0.96128 Time: 41360321633968
Position: -64.4367 -56.5867 -1105.86 Orientation: 0.220452 0.0871076 0.145013 0.960617 Time: 41360463020193
Position: -59.49 -49.6167 -1124.75 Orientation: 0.232124 0.0826084 0.147182 0.957931 Time: 41360633828487
Position: -56.78 -43.76 -1140.81 Orientation: 0.245222 0.0780069 0.144546 0.955452 Time: 41360726922872
Position: -53.49 -38.5767 -1156.57 Orientation: 0.260125 0.0734405 0.144147 0.951926 Time: 41360870283673
Position: -48.1067 -33.4767 -1171.03 Orientation: 0.268812 0.0706032 0.148573 0.949042 Time: 41361011608116
Position: -42.63 -28.8367 -1181.93 Orientation: 0.271323 0.0674725 0.152813 0.947881 Time: 41361164552271
Position: -39.9233 -25.24 -1189.06 Orientation: 0.271361 0.0636731 0.153049 0.948096 Time: 41361260539227
Position: -37.46 -18.7 -1203.45 Orientation: 0.276258 0.0610721 0.152014 0.947018 Time: 41361398182371
Position: -37.35 -11.9667 -1219.04 Orientation: 0.285063 0.0585394 0.147815 0.945232 Time: 41361542587015
Position: -36.8433 -8.56667 -1224.83 Orientation: 0.282685 0.0563036 0.147943 0.946061 Time: 41361632205028
Position: -35.78 -6.61667 -1229.09 Orientation: 0.279922 0.0547043 0.149012 0.946809 Time: 41361772156944
Position: -33.1467 -5.63 -1233.43 Orientation: 0.275214 0.0526693 0.152708 0.947715 Time: 41361915093630
Position: -31.33 -6.55333 -1233.21 Orientation: 0.27092 0.0495037 0.153845 0.948938 Time: 41362006538511
Position: -28.42 -9.92333 -1229.86 Orientation: 0.267514 0.0416356 0.152375 0.950518 Time: 41362146740790
Position: -24.48 -16.0333 -1223.41 Orientation: 0.270425 0.0387703 0.153981 0.949556 Time: 41362289573871
Position: -24.1867 -20.72 -1216.31 Orientation: 0.264159 0.0354701 0.152048 0.951758 Time: 41362380640452
Position: -26.03 -25.6333 -1208.69 Orientation: 0.256255 0.0334028 0.147879 0.954646 Time: 41362521331099
Position: -31.2667 -33.5367 -1196.91 Orientation: 0.247316 0.0388359 0.142609 0.957596 Time: 41362664653880
Position: -37.08 -42.0033 -1185 Orientation: 0.238982 0.0452363 0.137809 0.96013 Time: 41362806226594
Position: -40.6133 -47.4833 -1177.94 Orientation: 0.234083 0.0488702 0.134676 0.961602 Time: 41362895666674
Position: -44.11 -54.4533 -1168.73 Orientation: 0.228122 0.052505 0.131913 0.963225 Time: 41363036851582
Position: -45.73 -59.4233 -1162.68 Orientation: 0.229319 0.0576048 0.134344 0.962313 Time: 41363177667316
Position: -47.1767 -61.7533 -1159.49 Orientation: 0.230982 0.0596374 0.133809 0.961866 Time: 41363281879927
Position: -53.4333 -67.9233 -1148.22 Orientation: 0.225751 0.0632049 0.12871 0.963574 Time: 41363426931294
Position: -57.1567 -72.06 -1141.2 Orientation: 0.223353 0.0682061 0.126745 0.964052 Time: 41363568943330
Position: -62.09 -77.53 -1131.12 Orientation: 0.219347 0.0729711 0.123908 0.964992 Time: 41363724570186
Position: -64.9067 -81.0767 -1124.47 Orientation: 0.217148 0.0755386 0.121475 0.9656 Time: 41363817273153
Position: -69.0267 -85.72 -1115.18 Orientation: 0.212747 0.0810386 0.119374 0.966396 Time: 41363956304032
Position: -72.7633 -90.06 -1106.92 Orientation: 0.207316 0.0859399 0.117842 0.967341 Time: 41364098958989
Position: -74.4333 -93.3033 -1100.72 Orientation: 0.208316 0.090607 0.117776 0.966708 Time: 41364190798519
Position: -78.3067 -98.16 -1088.66 Orientation: 0.203517 0.0968412 0.115676 0.967379 Time: 41364330889399
Position: -82.4867 -101.327 -1080.66 Orientation: 0.197575 0.097871 0.111672 0.968976 Time: 41364474108574
Position: -86.9967 -104.357 -1072.64 Orientation: 0.191854 0.0975105 0.106845 0.970705 Time: 41364613999468
Position: -89.3633 -107.023 -1065.48 Orientation: 0.18635 0.0974086 0.103776 0.972119 Time: 41364705439026
Position: -90.89 -112.05 -1052.83 Orientation: 0.18078 0.102874 0.101908 0.972805 Time: 41364845773234
Position: -92.7033 -116.483 -1040.79 Orientation: 0.171315 0.104443 0.100276 0.974519 Time: 41364988146653
Position: -94.5733 -119.877 -1031.4 Orientation: 0.166409 0.106906 0.0987723 0.975255 Time: 41365129958704
Position: -95.4167 -121.16 -1027.73 Orientation: 0.165042 0.108205 0.0977382 0.975449 Time: 41365220098163
Position: -97.6333 -123.98 -1020.13 Orientation: 0.166049 0.11171 0.0953088 0.975123 Time: 41365395447012
Position: -100.503 -127.407 -1010.6 Orientation: 0.176046 0.118008 0.0888397 0.973237 Time: 41365536853198
Position: -100.55 -128.71 -1005.11 Orientation: 0.182908 0.117505 0.0861039 0.972277 Time: 41365625981322
Position: -97.1233 -129.177 -998.28 Orientation: 0.180747 0.115009 0.089107 0.972709 Time: 41365765876588
Position: -86.4 -130.037 -987.893 Orientation: 0.170115 0.118844 0.100875 0.973017 Time: 41365911120527
Position: -76.4567 -131.883 -981.45 Orientation: 0.163508 0.118773 0.109872 0.973183 Time: 41366051933979
Position: -71.29 -132.907 -979.76 Orientation: 0.168648 0.119243 0.112776 0.971916 Time: 41366141690005
Position: -63.59 -133.367 -976.017 Orientation: 0.170679 0.120442 0.116808 0.970937 Time: 41366280794833
Position: -55.6767 -134.42 -972.823 Orientation: 0.164812 0.123309 0.121609 0.971001 Time: 41366425214114
Position: -47.32 -135.283 -970.913 Orientation: 0.162143 0.130841 0.127108 0.96976 Time: 41366565991257
Position: -39.9967 -135.033 -968.433 Orientation: 0.158041 0.132773 0.132073 0.969511 Time: 41366655392936
Position: -28.5767 -134.68 -965.703 Orientation: 0.152909 0.136141 0.141141 0.968588 Time: 41366796178634
Position: -23.0067 -133.997 -967.81 Orientation: 0.153577 0.131642 0.14391 0.968697 Time: 41366953523429
Position: -20.6867 -132.697 -971.13 Orientation: 0.156312 0.130877 0.145844 0.968074 Time: 41367054990797
Position: -16.6767 -130.36 -976.94 Orientation: 0.161148 0.129311 0.148513 0.967085 Time: 41367203942459
Position: -11.0633 -128.163 -984.483 Orientation: 0.166415 0.127345 0.153013 0.965752 Time: 41367346087376
Position: -7.76667 -126.67 -989.85 Orientation: 0.170513 0.125543 0.156112 0.964776 Time: 41367469364993
Position: -4.05333 -123.607 -998.157 Orientation: 0.175772 0.122571 0.160072 0.963565 Time: 41367622731171
Position: -2.22333 -121.79 -1003.71 Orientation: 0.180078 0.121174 0.161977 0.962628 Time: 41367763208716
Position: -0.516667 -120.01 -1009.1 Orientation: 0.183406 0.119204 0.163838 0.96193 Time: 41367857028905
Position: 2.92667 -116.487 -1018.99 Orientation: 0.190747 0.117542 0.167712 0.960037 Time: 41367997195444
Position: 6.10333 -112.423 -1029.86 Orientation: 0.199882 0.118309 0.17208 0.957308 Time: 41368140283831
Position: 7.51667 -109.673 -1037.17 Orientation: 0.206118 0.11721 0.173749 0.955818 Time: 41368230259044
Position: 9.9 -105.587 -1047.15 Orientation: 0.214444 0.115473 0.176909 0.953616 Time: 41368374106692
Position: 14.96 -100.157 -1058.32 Orientation: 0.223517 0.115375 0.182914 0.950406 Time: 41368559977423
Position: 17.6633 -96.9267 -1065.14 Orientation: 0.228849 0.114408 0.186113 0.948631 Time: 41368651618868
Position: 20.8633 -91.5133 -1076.69 Orientation: 0.235323 0.111811 0.191452 0.946292 Time: 41368793539276
Position: 24.2633 -85.38 -1088.33 Orientation: 0.241719 0.109275 0.194882 0.944273 Time: 41368934947553
Position: 26.55 -80.8267 -1095.88 Orientation: 0.245117 0.106341 0.196481 0.9434 Time: 41369026948289
Position: 28.9067 -75.24 -1105.19 Orientation: 0.249289 0.100909 0.198484 0.942484 Time: 41369166677217
Position: 31.9 -68.9567 -1115.41 Orientation: 0.256023 0.0979422 0.200085 0.940652 Time: 41369313251099
Position: 34.4667 -63.8967 -1122.46 Orientation: 0.257586 0.0943405 0.201282 0.940338 Time: 41369413022579
Position: 37.8933 -54.58 -1133.92 Orientation: 0.245256 0.0832742 0.207519 0.943319 Time: 41369556941135
Position: 41.2733 -45.64 -1147.95 Orientation: 0.255154 0.0776063 0.208417 0.940976 Time: 41369700089784
Position: 44.1967 -39.2333 -1156.2 Orientation: 0.258922 0.0709392 0.211084 0.939878 Time: 41369790650697
Position: 49.35 -27.9767 -1166.92 Orientation: 0.256324 0.0601057 0.220188 0.939256 Time: 41369931280321
Position: 55.3467 -17.7567 -1176.92 Orientation: 0.260056 0.0510045 0.226153 0.937349 Time: 41370072719775
Position: 59.8533 -11.3267 -1182.85 Orientation: 0.26156 0.0483715 0.232457 0.935527 Time: 41370206365482
Position: 62.71 -5.08667 -1188.47 Orientation: 0.266216 0.0455361 0.234981 0.933723 Time: 41370289922326
Position: 64.5633 3.03 -1193.53 Orientation: 0.270589 0.0440369 0.236019 0.932275 Time: 41370430791097
Position: 66.9433 9.63333 -1193.75 Orientation: 0.263357 0.0389702 0.239755 0.933618 Time: 41370570504247
Position: 68.47 11.8167 -1192.39 Orientation: 0.262146 0.0388352 0.241645 0.933477 Time: 41370664884282
Position: 70.32 15.0067 -1185.8 Orientation: 0.251829 0.0277032 0.239961 0.937141 Time: 41370804816998
Position: 73.6633 18.59 -1178.74 Orientation: 0.247315 0.0257682 0.240248 0.938324 Time: 41370950627436
Position: 75.3333 21.05 -1175 Orientation: 0.248356 0.0262691 0.239922 0.938119 Time: 41371041243098
Position: 75.4433 23.7267 -1168.57 Orientation: 0.256591 0.0283694 0.234722 0.937156 Time: 41371178875406
Position: 72.2067 24.1567 -1161.36 Orientation: 0.261181 0.0311684 0.228579 0.937318 Time: 41371321442536
Position: 70.2833 23.59 -1157.36 Orientation: 0.260648 0.0321685 0.225879 0.938086 Time: 41371412775828
Position: 67.6767 21.53 -1146.57 Orientation: 0.257621 0.0352362 0.222252 0.939678 Time: 41371557119640
Position: 65.8067 17.84 -1132.9 Orientation: 0.251281 0.0423024 0.220046 0.94162 Time: 41371694038689
Position: 61.4867 13.32 -1120.48 Orientation: 0.247051 0.0429698 0.211916 0.944569 Time: 41371837646051
Position: 57.27 8.62333 -1105.38 Orientation: 0.239085 0.0390696 0.201115 0.949139 Time: 41371977043253
Position: 53.24 3.33667 -1090.75 Orientation: 0.233151 0.0362361 0.192015 0.952606 Time: 41372117618700
Position: 50.4433 0.346667 -1083.65 Orientation: 0.230387 0.0389035 0.186917 0.954186 Time: 41372208304699
Position: 42.77 -6.47667 -1067.7 Orientation: 0.220886 0.0431372 0.174716 0.958552 Time: 41372349198943
Position: 36.4233 -12.0967 -1052.71 Orientation: 0.210014 0.0539701 0.168844 0.961495 Time: 41372490726794
Position: 33.4133 -15.4433 -1044.38 Orientation: 0.203413 0.0583703 0.166144 0.963126 Time: 41372582727339
Position: 30.5733 -19.9233 -1034.17 Orientation: 0.197944 0.0689702 0.164875 0.963783 Time: 41372723447071
Position: 25.4533 -23.89 -1024.61 Orientation: 0.194005 0.0749353 0.159804 0.964992 Time: 41372865308929
Position: 21.1033 -27.45 -1016.36 Orientation: 0.190014 0.0762721 0.155178 0.966435 Time: 41373007104251
Position: 17.2267 -32.0467 -1005.45 Orientation: 0.184578 0.0821717 0.152109 0.967492 Time: 41373146379599
Position: 13.9433 -35.1733 -997.767 Orientation: 0.181647 0.0839398 0.149678 0.968274 Time: 41373238402766
Position: 7.88333 -40.1567 -985.693 Orientation: 0.17508 0.0873735 0.143978 0.970043 Time: 41373378586034
Position: 2.47 -45.83 -974.197 Orientation: 0.173081 0.0942079 0.138578 0.970548 Time: 41373521186052
Position: 0.273333 -48.22 -968.887 Orientation: 0.171177 0.0967726 0.136275 0.97096 Time: 41373612197314
Position: -5.03 -53.12 -959.05 Orientation: 0.169213 0.103208 0.129443 0.971576 Time: 41373753520236
Position: -11.3767 -58.5733 -949.51 Orientation: 0.164979 0.108275 0.123142 0.972571 Time: 41373893723084
Position: -18.6233 -64.1467 -940.88 Orientation: 0.167314 0.112576 0.11441 0.97275 Time: 41374035489702
Position: -23.5433 -67.7833 -936.067 Orientation: 0.172752 0.11918 0.110712 0.97144 Time: 41374127874250
Position: -31.2233 -72.4267 -927.253 Orientation: 0.177914 0.12441 0.105408 0.970442 Time: 41374267827687
Position: -36.5067 -74.3667 -919.687 Orientation: 0.171415 0.127511 0.101242 0.971652 Time: 41374425460485
Position: -40.9833 -74.0233 -910.02 Orientation: 0.15341 0.126041 0.0981729 0.975162 Time: 41374567648175
Position: -42.7567 -71.7 -906.917 Orientation: 0.146648 0.122912 0.0962095 0.976796 Time: 41374657776608
Position: -45.7267 -64.8033 -905.317 Orientation: 0.139076 0.115008 0.0920064 0.979268 Time: 41374798989272
Position: -47.21 -58.4733 -910.08 Orientation: 0.140274 0.112906 0.0897712 0.979549 Time: 41374941136851
Position: -46.0967 -54.9133 -915.067 Orientation: 0.143276 0.112774 0.0915726 0.978963 Time: 41375032645796
Position: -42.8633 -48.2633 -923.693 Orientation: 0.14874 0.111138 0.0973708 0.977775 Time: 41375173017073
Position: -40.39 -42.5467 -932.747 Orientation: 0.15564 0.111272 0.101705 0.976243 Time: 41375312998075
Position: -38.3333 -39.8867 -937.02 Orientation: 0.158447 0.111743 0.104442 0.975449 Time: 41375406551933
Position: -34.0033 -33.7733 -946.157 Orientation: 0.164409 0.113073 0.110106 0.973684 Time: 41375546919409
Position: -30.3833 -27.3867 -955.073 Orientation: 0.168809 0.109639 0.11304 0.972987 Time: 41375691250863
Position: -27.3933 -23.02 -962.117 Orientation: 0.173343 0.107506 0.115373 0.972154 Time: 41375784573749
Position: -22.9267 -16.4533 -974.037 Orientation: 0.183249 0.103109 0.118943 0.970382 Time: 41375924861002
Position: -18.5167 -9.62 -987.223 Orientation: 0.193883 0.100542 0.123477 0.968016 Time: 41376097414611
Position: -14.12 -3.34667 -1001.32 Orientation: 0.206522 0.098577 0.12808 0.965001 Time: 41376235739836
Position: -12.9633 0.403333 -1010.46 Orientation: 0.214012 0.0966389 0.129641 0.963355 Time: 41376327426905
Position: -11.5133 6.13 -1023.5 Orientation: 0.222877 0.0942046 0.132606 0.96118 Time: 41376467146138
Position: -11.3433 10.61 -1033.67 Orientation: 0.229354 0.0897082 0.133312 0.959988 Time: 41376609793491
Position: -11.32 14.2533 -1040.92 Orientation: 0.233656 0.0872086 0.134647 0.958994 Time: 41376701767993
Position: -10.6733 20.8167 -1054.57 Orientation: 0.24415 0.0833057 0.136709 0.956432 Time: 41376841663638
Position: -7.79667 27.2533 -1068.25 Orientation: 0.255085 0.0773055 0.139777 0.953634 Time: 41376987655243
Position: -5.94 31.2367 -1076.62 Orientation: 0.262089 0.0745398 0.141612 0.951682 Time: 41377078828850
Position: -2.99333 36.6267 -1086.48 Orientation: 0.268061 0.0714072 0.145115 0.94973 Time: 41377216405268
Position: -1.05333 40.4567 -1093.06 Orientation: 0.271459 0.0714735 0.147714 0.948357 Time: 41377360021374
Position: -0.39 43.43 -1098.08 Orientation: 0.275147 0.0744037 0.147641 0.94708 Time: 41377450217104
Position: 1.12 48.8333 -1107.58 Orientation: 0.281916 0.0799711 0.148575 0.944486 Time: 41377591831069
Position: 3.96333 52.3433 -1113.39 Orientation: 0.284389 0.0798062 0.152245 0.943173 Time: 41377696085503
Position: 9.32667 57.72 -1121.96 Orientation: 0.287428 0.0757739 0.157682 0.94169 Time: 41377857516513
Position: 12.4233 61.67 -1127.72 Orientation: 0.289202 0.0723756 0.16102 0.940849 Time: 41377949049410
Position: 16.7267 68.9967 -1136.53 Orientation: 0.289523 0.0646719 0.16808 0.940076 Time: 41378092356413
Position: 18.2433 77.2167 -1143.22 Orientation: 0.294158 0.0546046 0.169914 0.938945 Time: 41378229954122
Position: 17.9367 85.2533 -1146.57 Orientation: 0.309297 0.0533719 0.168517 0.934392 Time: 41378374124562
Position: 16.88 88.9533 -1146.13 Orientation: 0.321359 0.0550043 0.163346 0.93114 Time: 41378464173724
Position: 15.1433 91.7467 -1142.45 Orientation: 0.32403 0.0555051 0.160848 0.930619 Time: 41378604189513
Position: 12.23 91.9767 -1132.11 Orientation: 0.316995 0.0610387 0.161681 0.932549 Time: 41378748895657
Position: 5.65667 90.9167 -1117.04 Orientation: 0.307063 0.0724071 0.160116 0.935325 Time: 41378885323296
Position: -4.21 88.9433 -1101 Orientation: 0.295053 0.0756385 0.151244 0.940398 Time: 41379028536770
Position: -8.80333 87.15 -1089.7 Orientation: 0.28589 0.0750393 0.145278 0.944209 Time: 41379119090269
Position: -13.32 84.5167 -1075.41 Orientation: 0.272696 0.0779418 0.141749 0.948403 Time: 41379259968165
Position: -16.6967 81.0533 -1064.5 Orientation: 0.264785 0.0804055 0.137476 0.951065 Time: 41379404303422
Position: -18.63 77.4767 -1055.05 Orientation: 0.257751 0.0838391 0.134909 0.953066 Time: 41379493888738
Position: -20.97 71.7567 -1039.6 Orientation: 0.248319 0.0910071 0.13231 0.955274 Time: 41379634189679
Position: -25.1933 66.27 -1024.33 Orientation: 0.24088 0.0963721 0.125874 0.95752 Time: 41379791184689
Position: -29.63 62.1967 -1010.65 Orientation: 0.235021 0.108043 0.122345 0.958188 Time: 41379933271246
Position: -33.1233 59.8333 -1003.89 Orientation: 0.234386 0.116976 0.12011 0.957577 Time: 41380024911170
Position: -37.1967 56.1067 -993.613 Orientation: 0.229356 0.126146 0.117178 0.957994 Time: 41380164367113
Position: -39.5133 53.3333 -983.89 Orientation: 0.223686 0.130411 0.11701 0.958784 Time: 41380306551191
Position: -42.8133 50.75 -976.467 Orientation: 0.222244 0.130073 0.114672 0.959447 Time: 41380398052722
Position: -49.8267 46.5833 -961.037 Orientation: 0.215251 0.132877 0.104542 0.961812 Time: 41380538819600
Position: -52.7367 41.92 -949.95 Orientation: 0.212821 0.145748 0.10291 0.960663 Time: 41380683790933
Position: -54.5467 38.89 -941.37 Orientation: 0.207678 0.151942 0.100806 0.961052 Time: 41380773279108
Position: -57.9467 34.9733 -926.85 Orientation: 0.196443 0.153907 0.0947711 0.963712 Time: 41380913156695
Position: -61.6333 32.9633 -916.003 Orientation: 0.186245 0.156244 0.0887725 0.96593 Time: 41381057011187
Position: -65.23 31.7067 -909.98 Orientation: 0.182181 0.157512 0.0838065 0.966942 Time: 41381146965679
Position: -72.88 29.23 -899.84 Orientation: 0.178378 0.161644 0.0745049 0.96773 Time: 41381289703900
Position: -79.99 26.3933 -888.907 Orientation: 0.175144 0.167611 0.0669042 0.967861 Time: 41381428413889
Position: -84.5767 25.2467 -876.627 Orientation: 0.159081 0.178349 0.071973 0.968352 Time: 41381575177301
Position: -87.52 26.2533 -868.157 Orientation: 0.144111 0.180014 0.0721056 0.970375 Time: 41381664180149
Position: -90.81 29.0867 -859.9 Orientation: 0.132444 0.174848 0.0650053 0.973479 Time: 41381802721518
Position: -94.43 33.7733 -856.517 Orientation: 0.12521 0.16808 0.0549045 0.976246 Time: 41381946323177
Position: -95.74 36.8933 -857.11 Orientation: 0.123475 0.163845 0.0509701 0.9774 Time: 41382036424997
Position: -94.0367 41.5533 -860.13 Orientation: 0.122144 0.16028 0.0511044 0.978151 Time: 41382176653699
Position: -92.0767 47.42 -866.27 Orientation: 0.124274 0.156176 0.052203 0.978489 Time: 41382333324208
Position: -91.6733 51.4433 -872.347 Orientation: 0.128672 0.152739 0.0520354 0.978472 Time: 41382426177735
Position: -89.9967 56.7333 -882.203 Orientation: 0.135711 0.148979 0.0548711 0.977945 Time: 41382567627454
Position: -86.3233 61.44 -890.973 Orientation: 0.143039 0.145506 0.0597357 0.977138 Time: 41382711555705
Position: -84.3267 63.61 -894.467 Orientation: 0.146242 0.144208 0.0619035 0.976722 Time: 41382801445182
Position: -80.14 68.44 -903.07 Orientation: 0.153714 0.144613 0.0678061 0.975121 Time: 41382940910441
Position: -74.3633 74.91 -914.773 Orientation: 0.164249 0.140547 0.0747071 0.973493 Time: 41383083019048
Position: -70.7933 80.8333 -923.66 Orientation: 0.172918 0.137814 0.0799083 0.971968 Time: 41383174727979
Position: -65.57 92.7667 -940.297 Orientation: 0.191786 0.136913 0.0882087 0.967829 Time: 41383315538960
Position: -61.5667 105.173 -958.463 Orientation: 0.212016 0.13541 0.0949404 0.963172 Time: 41383459348018
Position: -59.6033 110.213 -966.157 Orientation: 0.219583 0.134377 0.0984073 0.961271 Time: 41383553520274
Position: -53.5933 119.303 -980.673 Orientation: 0.232218 0.129144 0.107475 0.958043 Time: 41383690699191
Position: -46.77 127.603 -996.197 Orientation: 0.244283 0.124441 0.117108 0.954529 Time: 41383834004673
Position: -42.6333 132.94 -1005.78 Orientation: 0.252257 0.127979 0.122612 0.951291 Time: 41383924052504
Position: -37.9833 141.43 -1021.52 Orientation: 0.268926 0.127846 0.130879 0.945624 Time: 41384064675096
Position: -34.1767 150.007 -1036.16 Orientation: 0.282993 0.124711 0.138413 0.940853 Time: 41384209008261
Position: -32.7467 154.043 -1042.53 Orientation: 0.288189 0.122876 0.141378 0.939074 Time: 41384298139237
Position: -30.79 162.383 -1054.67 Orientation: 0.295386 0.115908 0.143976 0.937328 Time: 41384439605495
Position: -28.47 170.117 -1066.12 Orientation: 0.303862 0.110844 0.147647 0.934656 Time: 41384583790572
Position: -27.7467 174.373 -1072.68 Orientation: 0.30919 0.109975 0.148311 0.932904 Time: 41384673388625
Position: -30.82 183.387 -1088.14 Orientation: 0.336134 0.108878 0.130913 0.926294 Time: 41384861959545
Position: -31.4067 187.533 -1092.99 Orientation: 0.343493 0.109342 0.13161 0.923437 Time: 41384954034800
Position: -29.8467 191.197 -1099.71 Orientation: 0.362543 0.113713 0.133582 0.915308 Time: 41385094929996
Position: -25.4867 194.22 -1110.51 Orientation: 0.416719 0.134237 0.12043 0.890967 Time: 41385237910405
Position: -24.7167 196.07 -1116.65 Orientation: 0.453509 0.154459 0.0985831 0.872212 Time: 41385328597735
Position: -25.37 199.15 -1118.04 Orientation: 0.463238 0.164559 0.0771119 0.867401 Time: 41385468230092
Position: -2.46488e+028 -2.46488e+028 -2.46488e+028 Orientation: -0.5 -0.5 -0.5 -0.5 Time: 41385610287182
Position: -3.69731e+028 -3.69731e+028 -3.69731e+028 Orientation: -0.5 -0.5 -0.5 -0.5 Time: 41385769860338
Position: -3.69731e+028 -3.69731e+028 -3.69731e+028 Orientation: -0.5 -0.5 -0.5 -0.5 Time: 41385907835017
Position: -3.69731e+028 -3.69731e+028 -3.69731e+028 Orientation: -0.5 -0.5 -0.5 -0.5 Time: 41386048239753
