Position: -185.373 -162.203 -1018.79 Orientation: -0.151443 0.112108 -0.0528369 0.980666 Time: 41732530977947
Position: -185.373 -162.197 -1018.78 Orientation: -0.151308 0.112406 -0.0528362 0.980652 Time: 41732691147259
Position: -185.373 -162.2 -1018.77 Orientation: -0.151742 0.113006 -0.0527363 0.980522 Time: 41732846003066
Position: -185.363 -162.197 -1018.75 Orientation: -0.151477 0.111774 -0.0528368 0.980699 Time: 41732988268507
Position: -185.37 -162.2 -1018.78 Orientation: -0.151448 0.112144 -0.0528052 0.980662 Time: 41733077035250
Position: -185.36 -162.2 -1018.76 Orientation: -0.151413 0.111676 -0.052838 0.980719 Time: 41733217593777
Position: -185.363 -162.197 -1018.76 Orientation: -0.15138 0.11171 -0.0528713 0.980719 Time: 41733361016551
Position: -185.367 -162.2 -1018.77 Orientation: -0.151479 0.111942 -0.0528376 0.980679 Time: 41733451977626
Position: -185.383 -162.207 -1018.79 Orientation: -0.15131 0.112874 -0.0528036 0.9806 Time: 41733591548010
Position: -185.38 -162.197 -1018.79 Orientation: -0.151408 0.112573 -0.0528361 0.980618 Time: 41733733878465
Position: -185.37 -162.2 -1018.78 Orientation: -0.151575 0.11234 -0.0528029 0.980621 Time: 41733826627437
Position: -185.387 -162.197 -1018.79 Orientation: -0.151379 0.112976 -0.0527709 0.980579 Time: 41733966660906
Position: -185.363 -162.2 -1018.76 Orientation: -0.151442 0.111906 -0.0528363 0.980689 Time: 41734109500451
Position: -185.373 -162.2 -1018.79 Orientation: -0.151341 0.112106 -0.0528359 0.980682 Time: 41734247996576
Position: -185.38 -162.197 -1018.79 Orientation: -0.151373 0.112438 -0.0528354 0.980639 Time: 41734340262501
Position: -185.37 -162.197 -1018.76 Orientation: -0.151546 0.112109 -0.052871 0.980648 Time: 41734481114164
Position: -185.36 -162.193 -1018.73 Orientation: -0.151513 0.111543 -0.052838 0.980719 Time: 41734584865781
Position: -185.373 -162.197 -1018.77 Orientation: -0.151511 0.112575 -0.0528038 0.980603 Time: 41734733228131
Position: -185.377 -162.21 -1018.79 Orientation: -0.15144 0.112305 -0.0528024 0.980645 Time: 41734870913287
Position: -185.377 -162.197 -1018.77 Orientation: -0.151408 0.112006 -0.052836 0.980683 Time: 41735026541853
Position: -185.373 -162.19 -1018.75 Orientation: -0.151542 0.11054 -0.0529031 0.980825 Time: 41735120339230
Position: -185.393 -162.197 -1018.79 Orientation: -0.151144 0.112442 -0.0528705 0.980672 Time: 41735261234615
Position: -185.397 -162.187 -1018.75 Orientation: -0.151243 0.111774 -0.0529035 0.980731 Time: 41735406027255
Position: -185.39 -162.187 -1018.76 Orientation: -0.151078 0.111342 -0.0529039 0.980806 Time: 41735495038467
Position: -185.403 -162.187 -1018.79 Orientation: -0.151213 0.112543 -0.0528046 0.980653 Time: 41735637471196
Position: -185.397 -162.197 -1018.78 Orientation: -0.15121 0.112408 -0.052837 0.980667 Time: 41735808546773
Position: -185.387 -162.187 -1018.75 Orientation: -0.151345 0.111575 -0.0528706 0.98074 Time: 41735900622788
Position: -185.397 -162.183 -1018.77 Orientation: -0.151075 0.112073 -0.052903 0.980723 Time: 41736041044253
Position: -185.403 -162.187 -1018.79 Orientation: -0.151142 0.112906 -0.052803 0.980622 Time: 41736181775391
Position: -185.393 -162.18 -1018.76 Orientation: -0.151508 0.112772 -0.0527693 0.980583 Time: 41736324057561
Position: -185.377 -162.187 -1018.76 Orientation: -0.151413 0.112277 -0.0528046 0.980653 Time: 41736462974189
Position: -185.373 -162.197 -1018.78 Orientation: -0.151373 0.112438 -0.0528354 0.980639 Time: 41736606621661
Position: -185.37 -162.193 -1018.76 Orientation: -0.151545 0.112208 -0.052804 0.98064 Time: 41736696290432
Position: -185.373 -162.203 -1018.78 Orientation: -0.151608 0.112339 -0.0528026 0.980616 Time: 41736836351086
Position: -185.38 -162.2 -1018.79 Orientation: -0.151609 0.112873 -0.0527364 0.980558 Time: 41736940887058
Position: -185.37 -162.2 -1018.76 Orientation: -0.151245 0.111675 -0.0528708 0.980744 Time: 41737086719738
Position: -185.38 -162.2 -1018.77 Orientation: -0.151541 0.112406 -0.0528028 0.980618 Time: 41737230317024
Position: -185.383 -162.2 -1018.79 Orientation: -0.151571 0.11197 -0.0528681 0.98066 Time: 41737319739995
Position: -185.383 -162.197 -1018.78 Orientation: -0.151339 0.112237 -0.0528019 0.980669 Time: 41737460548124
Position: -185.37 -162.203 -1018.76 Orientation: -0.151509 0.111806 -0.0528364 0.98069 Time: 41737563747689
Position: -185.377 -162.19 -1018.75 Orientation: -0.151471 0.112403 -0.0528016 0.980629 Time: 41737709963042
Position: -185.38 -162.197 -1018.77 Orientation: -0.151473 0.112571 -0.0528356 0.980608 Time: 41737814349215
Position: -185.39 -162.203 -1018.8 Orientation: -0.151442 0.112506 -0.052803 0.980622 Time: 41737959417881
Position: -185.373 -162.2 -1018.76 Orientation: -0.15151 0.111141 -0.0528701 0.980764 Time: 41738104418870
Position: -185.377 -162.2 -1018.76 Orientation: -0.151514 0.111777 -0.0528383 0.980692 Time: 41738193827583
Position: -185.377 -162.203 -1018.75 Orientation: -0.151512 0.112209 -0.0528375 0.980643 Time: 41738335053933
Position: -185.38 -162.207 -1018.77 Orientation: -0.151647 0.111943 -0.052838 0.980653 Time: 41738477804892
Position: -185.373 -162.2 -1018.75 Orientation: -0.151576 0.111674 -0.0528366 0.980695 Time: 41738579160290
Position: -185.387 -162.2 -1018.81 Orientation: -0.151511 0.112575 -0.0528038 0.980603 Time: 41738725147902
Position: -185.387 -162.203 -1018.78 Orientation: -0.151279 0.112476 -0.0528378 0.980649 Time: 41738865798438
Position: -185.387 -162.19 -1018.77 Orientation: -0.151412 0.112942 -0.0527709 0.980578 Time: 41739008008750
Position: -185.38 -162.19 -1018.77 Orientation: -0.151307 0.111872 -0.0528359 0.980714 Time: 41739148606818
Position: -185.38 -162.207 -1018.77 Orientation: -0.151444 0.111742 -0.0528706 0.980705 Time: 41739305133420
Position: -185.39 -162.193 -1018.78 Orientation: -0.151509 0.112406 -0.052803 0.980623 Time: 41739396872957
Position: -185.393 -162.2 -1018.79 Orientation: -0.151578 0.113075 -0.0527372 0.980539 Time: 41739535783122
Position: -185.393 -162.197 -1018.79 Orientation: -0.151443 0.112708 -0.0528035 0.980599 Time: 41739677745733
Position: -185.397 -162.193 -1018.77 Orientation: -0.151513 0.113043 -0.0527712 0.980551 Time: 41739769715671
Position: -185.407 -162.193 -1018.77 Orientation: -0.151414 0.11281 -0.0528382 0.98059 Time: 41739909214578
Position: -185.4 -162.213 -1018.78 Orientation: -0.151511 0.111975 -0.0528704 0.980669 Time: 41740052407519
Position: -185.403 -162.217 -1018.77 Orientation: -0.151648 0.112144 -0.0528385 0.98063 Time: 41740194274319
Position: -185.4 -162.217 -1018.76 Orientation: -0.151545 0.111275 -0.052904 0.980741 Time: 41740283941189
Position: -185.423 -162.227 -1018.81 Orientation: -0.151413 0.113176 -0.0528045 0.980549 Time: 41740425007285
Position: -185.43 -162.22 -1018.8 Orientation: -0.151278 0.113175 -0.0528038 0.98057 Time: 41740568957968
Position: -185.42 -162.223 -1018.8 Orientation: -0.151344 0.112475 -0.0528372 0.980639 Time: 41740667738263
Position: -185.423 -162.21 -1018.81 Orientation: -0.151313 0.112677 -0.052838 0.98062 Time: 41740817299577
Position: -185.417 -162.223 -1018.8 Orientation: -0.151414 0.111911 -0.0528383 0.980693 Time: 41740955974207
Position: -185.413 -162.217 -1018.78 Orientation: -0.151411 0.111775 -0.0528706 0.980707 Time: 41741098021412
Position: -185.42 -162.21 -1018.78 Orientation: -0.151543 0.112574 -0.0528035 0.980599 Time: 41741239203090
Position: -185.423 -162.217 -1018.78 Orientation: -0.151612 0.112975 -0.052804 0.980542 Time: 41741329948590
Position: -185.413 -162.213 -1018.78 Orientation: -0.151375 0.111706 -0.0528696 0.98072 Time: 41741469502816
Position: -185.417 -162.217 -1018.79 Orientation: -0.151276 0.112407 -0.0528364 0.980657 Time: 41741615488146
Position: -185.42 -162.213 -1018.8 Orientation: -0.151438 0.112737 -0.0528016 0.980596 Time: 41741714531541
Position: -185.453 -162.223 -1018.86 Orientation: -0.151245 0.114042 -0.0527376 0.980478 Time: 41741859346422
Position: -185.423 -162.22 -1018.81 Orientation: -0.151344 0.112508 -0.052837 0.980635 Time: 41742001890170
Position: -185.41 -162.217 -1018.76 Orientation: -0.151581 0.111677 -0.0528716 0.980692 Time: 41742093317181
Position: -185.413 -162.223 -1018.79 Orientation: -0.151372 0.111904 -0.0528684 0.980698 Time: 41742234498859
Position: -185.417 -162.22 -1018.78 Orientation: -0.151543 0.112274 -0.0528701 0.980629 Time: 41742379228194
Position: -185.413 -162.217 -1018.79 Orientation: -0.151305 0.11167 -0.052935 0.980732 Time: 41742468579687
Position: -185.413 -162.217 -1018.79 Orientation: -0.151442 0.11154 -0.0529365 0.980725 Time: 41742608229342
Position: -185.41 -162.22 -1018.77 Orientation: -0.151642 0.111639 -0.0528695 0.980687 Time: 41742752724284
Position: -185.42 -162.22 -1018.8 Orientation: -0.15144 0.112305 -0.0528357 0.980644 Time: 41742893814523
Position: -185.407 -162.217 -1018.77 Orientation: -0.151511 0.111375 -0.0528705 0.980737 Time: 41742983113738
Position: -185.403 -162.217 -1018.76 Orientation: -0.151616 0.111512 -0.0528391 0.980707 Time: 41743127480931
Position: -185.43 -162.22 -1018.82 Orientation: -0.15164 0.113205 -0.0528024 0.980511 Time: 41743263858385
Position: -185.407 -162.217 -1018.79 Orientation: -0.15161 0.112174 -0.0528036 0.980634 Time: 41743403901549
Position: -185.41 -162.217 -1018.78 Orientation: -0.151545 0.112175 -0.0528374 0.980642 Time: 41743496949359
Position: -185.43 -162.227 -1018.83 Orientation: -0.151276 0.11324 -0.0528366 0.980561 Time: 41743637552370
Position: -185.43 -162.22 -1018.83 Orientation: -0.151243 0.112674 -0.0528701 0.98063 Time: 41743741793877
Position: -185.41 -162.217 -1018.76 Orientation: -0.151577 0.111908 -0.052837 0.980668 Time: 41743887326007
Position: -185.413 -162.217 -1018.78 Orientation: -0.151342 0.111673 -0.0529365 0.980725 Time: 41744028329180
Position: -185.417 -162.213 -1018.8 Orientation: -0.151143 0.111607 -0.0529035 0.980765 Time: 41744168448384
Position: -185.427 -162.223 -1018.82 Orientation: -0.15141 0.112474 -0.0528367 0.980629 Time: 41744263091139
Position: -185.427 -162.217 -1018.81 Orientation: -0.151113 0.112976 -0.0528711 0.980615 Time: 41744402257368
Position: -185.42 -162.22 -1018.8 Orientation: -0.151379 0.111776 -0.0528709 0.980712 Time: 41744544328527
Position: -185.413 -162.217 -1018.78 Orientation: -0.151611 0.111508 -0.0528706 0.980706 Time: 41744636406823
Position: -185.41 -162.21 -1018.77 Orientation: -0.15148 0.111576 -0.0528713 0.980719 Time: 41744828632428
Position: -185.413 -162.223 -1018.8 Orientation: -0.151309 0.11174 -0.0528699 0.980726 Time: 41744968483021
Position: -185.427 -162.22 -1018.81 Orientation: -0.15121 0.112141 -0.0528701 0.980696 Time: 41745057553735
Position: -185.423 -162.22 -1018.8 Orientation: -0.151311 0.112541 -0.0528371 0.980636 Time: 41745201604981
Position: -185.423 -162.22 -1018.79 Orientation: -0.151575 0.112606 -0.0528363 0.980588 Time: 41745358162380
Position: -185.417 -162.217 -1018.79 Orientation: -0.151477 0.111741 -0.0529035 0.980699 Time: 41745448046915
Position: -185.407 -162.217 -1018.78 Orientation: -0.151443 0.111841 -0.0528367 0.980696 Time: 41745588384355
Position: -185.427 -162.22 -1018.81 Orientation: -0.151474 0.113106 -0.0528026 0.980548 Time: 41745748992038
Position: -185.417 -162.22 -1018.78 Orientation: -0.151512 0.111909 -0.0528708 0.980676 Time: 41745905346789
Position: -185.423 -162.223 -1018.8 Orientation: -0.151377 0.112141 -0.0528704 0.98067 Time: 41746004082981
Position: -185.423 -162.213 -1018.8 Orientation: -0.151443 0.11244 -0.0528366 0.980628 Time: 41746149538691
Position: -185.44 -162.22 -1018.84 Orientation: -0.151311 0.114041 -0.052737 0.980469 Time: 41746292143082
Position: -185.423 -162.213 -1018.81 Orientation: -0.151408 0.11254 -0.0528363 0.980622 Time: 41746393680026
Position: -185.41 -162.217 -1018.77 Orientation: -0.151477 0.111474 -0.0528701 0.980731 Time: 41746538760288
Position: -185.417 -162.217 -1018.79 Orientation: -0.151509 0.112106 -0.0528363 0.980656 Time: 41746683482780
Position: -185.407 -162.217 -1018.76 Orientation: -0.151509 0.111473 -0.0529031 0.980724 Time: 41746773406096
Position: -185.423 -162.22 -1018.81 Orientation: -0.151405 0.113037 -0.0528018 0.980567 Time: 41746913931735
Position: -185.427 -162.217 -1018.79 Orientation: -0.151672 0.113837 -0.0527685 0.980435 Time: 41747059096401
Position: -185.407 -162.213 -1018.76 Orientation: -0.15181 0.111908 -0.0528036 0.980634 Time: 41747195087380
Position: -185.417 -162.213 -1018.76 Orientation: -0.151678 0.112041 -0.0528371 0.980637 Time: 41747335632410
Position: -185.407 -162.213 -1018.77 Orientation: -0.151447 0.111277 -0.0529048 0.980756 Time: 41747429062512
Position: -185.403 -162.213 -1018.75 Orientation: -0.151574 0.111172 -0.0529026 0.980748 Time: 41747572880505
Position: -185.413 -162.22 -1018.8 Orientation: -0.151372 0.111571 -0.0528686 0.980736 Time: 41747760334014
Position: -185.413 -162.22 -1018.77 Orientation: -0.151578 0.112109 -0.0528708 0.980643 Time: 41747849863820
Position: -185.407 -162.217 -1018.77 Orientation: -0.15151 0.111107 -0.0529368 0.980764 Time: 41747990954439
Position: -185.423 -162.22 -1018.81 Orientation: -0.151475 0.11214 -0.0528696 0.980655 Time: 41748132485332
Position: -185.43 -162.22 -1018.82 Orientation: -0.151343 0.112841 -0.0528035 0.980599 Time: 41748225405964
Position: -185.413 -162.213 -1018.78 Orientation: -0.151576 0.111674 -0.0528366 0.980695 Time: 41748366834392
Position: -185.427 -162.223 -1018.81 Orientation: -0.151372 0.112438 -0.0528687 0.980637 Time: 41748508436191
Position: -185.407 -162.21 -1018.77 Orientation: -0.151408 0.110739 -0.0529363 0.980821 Time: 41748609209882
Position: -185.417 -162.21 -1018.78 Orientation: -0.151543 0.111707 -0.0528699 0.980694 Time: 41748754801134
Position: -185.417 -162.227 -1018.8 Orientation: -0.151242 0.11214 -0.052903 0.980689 Time: 41748899620387
Position: -185.413 -162.22 -1018.78 Orientation: -0.15154 0.112139 -0.0528691 0.980645 Time: 41748989007809
Position: -185.427 -162.223 -1018.8 Orientation: -0.151445 0.113176 -0.0528042 0.980544 Time: 41749133747790
Position: -185.41 -162.22 -1018.77 Orientation: -0.151379 0.111475 -0.0529042 0.980744 Time: 41749269596954
Position: -185.413 -162.22 -1018.79 Orientation: -0.151345 0.111542 -0.052904 0.980742 Time: 41749413974793
Position: -185.41 -162.22 -1018.79 Orientation: -0.151342 0.111706 -0.0529031 0.980723 Time: 41749506589553
Position: -185.427 -162.217 -1018.79 Orientation: -0.151638 0.11277 -0.0528015 0.980562 Time: 41749645289276
Position: -185.417 -162.217 -1018.8 Orientation: -0.151578 0.112142 -0.0528706 0.980639 Time: 41749787058555
Position: -185.403 -162.21 -1018.76 Orientation: -0.15158 0.111743 -0.0528712 0.980684 Time: 41749925190447
Position: -185.41 -162.213 -1018.77 Orientation: -0.151644 0.112108 -0.052837 0.980635 Time: 41750065924057
Position: -185.41 -162.213 -1018.77 Orientation: -0.151582 0.111878 -0.0528722 0.980668 Time: 41750168900444
Position: -185.42 -162.217 -1018.8 Orientation: -0.151506 0.112271 -0.0528353 0.980637 Time: 41750315561582
Position: -185.417 -162.217 -1018.78 Orientation: -0.151505 0.112337 -0.052835 0.98063 Time: 41750456820250
Position: -185.413 -162.213 -1018.77 Orientation: -0.151476 0.111807 -0.0528366 0.980695 Time: 41750548281290
Position: -185.417 -162.213 -1018.78 Orientation: -0.151343 0.111941 -0.0529034 0.980697 Time: 41750689838036
Position: -185.417 -162.21 -1018.77 Orientation: -0.151508 0.111839 -0.0529027 0.980683 Time: 41750829530654
Position: -185.417 -162.213 -1018.79 Orientation: -0.151408 0.112272 -0.0528694 0.980651 Time: 41750933107189
Position: -185.42 -162.217 -1018.79 Orientation: -0.151442 0.112173 -0.052903 0.980655 Time: 41751079815282
Position: -185.41 -162.217 -1018.77 Orientation: -0.151474 0.111606 -0.0528693 0.980716 Time: 41751223881356
Position: -185.41 -162.207 -1018.76 Orientation: -0.151645 0.112042 -0.0528374 0.980642 Time: 41751313902574
Position: -185.41 -162.213 -1018.77 Orientation: -0.15148 0.111876 -0.0528712 0.980685 Time: 41751453134198
Position: -185.413 -162.217 -1018.77 Orientation: -0.15151 0.112041 -0.0528367 0.980663 Time: 41751595924697
Position: -185.427 -162.213 -1018.8 Orientation: -0.151311 0.112809 -0.052804 0.980607 Time: 41751687702065
Position: -185.43 -162.217 -1018.81 Orientation: -0.151342 0.11324 -0.0527696 0.980555 Time: 41751828383207
Position: -185.42 -162.213 -1018.77 Orientation: -0.151278 0.112242 -0.0528707 0.980674 Time: 41751970300193
Position: -185.42 -162.22 -1018.79 Orientation: -0.151278 0.112509 -0.0528708 0.980643 Time: 41752061873772
Position: -185.42 -162.213 -1018.78 Orientation: -0.151736 0.112102 -0.0528677 0.980619 Time: 41752202848809
Position: -185.413 -162.22 -1018.78 Orientation: -0.151475 0.111806 -0.0529364 0.98069 Time: 41752305931843
Position: -185.413 -162.217 -1018.76 Orientation: -0.151506 0.112271 -0.0528021 0.980639 Time: 41752452201564
Position: -185.42 -162.217 -1018.79 Orientation: -0.151376 0.11254 -0.0528366 0.980627 Time: 41752556276543
Position: -185.42 -162.22 -1018.8 Orientation: -0.151483 0.112246 -0.0529058 0.98064 Time: 41752701383609
Position: -185.417 -162.207 -1018.78 Orientation: -0.151374 0.111739 -0.0528694 0.980717 Time: 41752845261674
