Position: -101.323 -107.76 -1056.19 Orientation: -0.00970028 0.0872025 0.0127004 0.996062 Time: 40483045210499
Position: -101.32 -107.76 -1056.18 Orientation: -0.00960066 0.0867726 0.0126342 0.996102 Time: 40483149528616
Position: -101.313 -107.757 -1056.18 Orientation: -0.00963426 0.0872084 0.0127012 0.996063 Time: 40483430025752
Position: -101.317 -107.76 -1056.19 Orientation: -0.00983379 0.0873707 0.0127339 0.996046 Time: 40483290665239
Position: -101.307 -107.763 -1056.18 Orientation: -0.00950056 0.0869051 0.0126007 0.996092 Time: 40483574541605
Position: -101.317 -107.773 -1056.19 Orientation: -0.0101005 0.0880708 0.0128673 0.99598 Time: 40483713927971
Position: -101.32 -107.767 -1056.2 Orientation: -0.00980058 0.0879719 0.0128341 0.995992 Time: 40483851656660
Position: -101.31 -107.773 -1056.18 Orientation: -0.00976727 0.0868387 0.0126341 0.996094 Time: 40483955555225
Position: -101.31 -107.77 -1056.17 Orientation: -0.00993387 0.0872714 0.012734 0.996054 Time: 40484101052377
Position: -101.327 -107.763 -1056.2 Orientation: -0.00990048 0.088071 0.0128673 0.995982 Time: 40484259484549
Position: -101.313 -107.773 -1056.19 Orientation: -0.00996696 0.0875359 0.0128004 0.996029 Time: 40484350317306
Position: -101.313 -107.763 -1056.18 Orientation: -0.00960056 0.0880051 0.0128341 0.995991 Time: 40484491744403
Position: -101.323 -107.767 -1056.19 Orientation: -0.00960064 0.0882726 0.0129009 0.995967 Time: 40484595201744
Position: -101.313 -107.77 -1056.17 Orientation: -0.00976689 0.0876354 0.012767 0.996023 Time: 40484740598904
Position: -101.32 -107.773 -1056.2 Orientation: -0.00986677 0.0881342 0.0128668 0.995977 Time: 40484883506695
Position: -101.31 -107.77 -1056.18 Orientation: -0.00963374 0.087437 0.0127339 0.996042 Time: 40484974469480
Position: -101.317 -107.77 -1056.2 Orientation: -0.0098672 0.0880048 0.0129007 0.995988 Time: 40485115237499
Position: -101.31 -107.767 -1056.18 Orientation: -0.00966689 0.0872687 0.0127336 0.996057 Time: 40485255583113
Position: -101.313 -107.77 -1056.18 Orientation: -0.00980034 0.087503 0.0127671 0.996034 Time: 40485397911097
Position: -101.313 -107.763 -1056.18 Orientation: -0.00980061 0.0879388 0.0128341 0.995995 Time: 40485537239483
Position: -101.313 -107.767 -1056.16 Orientation: -0.00993387 0.0872714 0.012734 0.996054 Time: 40485679652252
Position: -101.327 -107.76 -1056.19 Orientation: -0.00966701 0.0882365 0.0129005 0.995969 Time: 40485780460161
Position: -101.313 -107.767 -1056.17 Orientation: -0.00973373 0.0874369 0.0128005 0.99604 Time: 40485926240563
Position: -101.323 -107.763 -1056.21 Orientation: -0.00963374 0.0881704 0.0128672 0.995976 Time: 40486068009461
Position: -101.317 -107.767 -1056.2 Orientation: -0.00983379 0.0877374 0.0128006 0.996013 Time: 40486213727510
Position: -101.3 -107.773 -1056.18 Orientation: -0.00970048 0.086971 0.0126673 0.996083 Time: 40486348484925
Position: -101.313 -107.77 -1056.19 Orientation: -0.00986721 0.0876381 0.0128007 0.996021 Time: 40486451497622
Position: -101.32 -107.773 -1056.21 Orientation: -0.00980081 0.088074 0.0128677 0.995983 Time: 40486597168336
Position: -101.317 -107.77 -1056.21 Orientation: -0.00963368 0.0878698 0.0128671 0.996002 Time: 40486741160461
Position: -101.32 -107.77 -1056.2 Orientation: -0.00963368 0.0878698 0.0128338 0.996003 Time: 40486831867942
Position: -101.32 -107.773 -1056.2 Orientation: -0.00966678 0.0874011 0.0127002 0.996045 Time: 40486971986005
Position: -101.317 -107.773 -1056.18 Orientation: -0.00986706 0.0878035 0.0128005 0.996007 Time: 40487117597218
Position: -101.307 -107.777 -1056.17 Orientation: -0.00980092 0.0868415 0.0126345 0.996094 Time: 40487255450613
Position: -101.297 -107.78 -1056.17 Orientation: -0.00973407 0.0863065 0.0125676 0.996142 Time: 40487394328270
Position: -101.303 -107.773 -1056.18 Orientation: -0.00973399 0.0871392 0.0127342 0.996067 Time: 40487496483992
Position: -101.31 -107.777 -1056.19 Orientation: -0.00983376 0.0874038 0.0127339 0.996043 Time: 40487642775195
Position: -101.32 -107.77 -1056.19 Orientation: -0.00983367 0.0878697 0.0128338 0.996001 Time: 40487783517739
Position: -101.323 -107.767 -1056.22 Orientation: -0.00956722 0.0880051 0.0129007 0.995991 Time: 40487876545399
Position: -101.31 -107.773 -1056.19 Orientation: -0.00973396 0.0868056 0.0126341 0.996098 Time: 40488016008566
Position: -101.32 -107.77 -1056.2 Orientation: -0.0101337 0.0885367 0.0129338 0.995937 Time: 40488159486089
Position: -101.297 -107.78 -1056.17 Orientation: -0.00980051 0.0869378 0.0126673 0.996085 Time: 40488297841349
Position: -101.31 -107.77 -1056.21 Orientation: -0.0096673 0.0875391 0.0127675 0.996032 Time: 40488438644916
Position: -101.31 -107.773 -1056.2 Orientation: -0.0100006 0.0871721 0.0126675 0.996063 Time: 40488531236865
Position: -101.31 -107.77 -1056.17 Orientation: -0.010067 0.0874366 0.0127671 0.996037 Time: 40488671064074
Position: -101.33 -107.77 -1056.22 Orientation: -0.0100007 0.0885396 0.0130009 0.995938 Time: 40488817283799
Position: -101.317 -107.773 -1056.21 Orientation: -0.00980092 0.0872082 0.0127345 0.99606 Time: 40488920003360
Position: -101.31 -107.773 -1056.18 Orientation: -0.00990033 0.0875029 0.0127671 0.996033 Time: 40489061712186
Position: -101.33 -107.767 -1056.22 Orientation: -0.00993367 0.0889696 0.0130004 0.9959 Time: 40489207056498
Position: -101.313 -107.773 -1056.18 Orientation: -0.0100337 0.0875028 0.0128004 0.996031 Time: 40489296372822
Position: -101.317 -107.77 -1056.21 Orientation: -0.00986709 0.0877704 0.0128339 0.996009 Time: 40489436790484
Position: -101.317 -107.767 -1056.2 Orientation: -0.0100005 0.0880708 0.0129006 0.99598 Time: 40489551714887
Position: -101.31 -107.77 -1056.18 Orientation: -0.00970054 0.0869048 0.0126674 0.996089 Time: 40489701327149
Position: -101.313 -107.777 -1056.19 Orientation: -0.00976709 0.0870371 0.0127005 0.996076 Time: 40489842577833
Position: -101.313 -107.777 -1056.18 Orientation: -0.00996738 0.0874396 0.0127676 0.996038 Time: 40489935496374
Position: -101.317 -107.773 -1056.19 Orientation: -0.0100008 0.0880407 0.0129011 0.995983 Time: 40490076079994
Position: -101.3 -107.773 -1056.17 Orientation: -0.00953382 0.0866045 0.0125673 0.996118 Time: 40490220486919
Position: -101.307 -107.77 -1056.19 Orientation: -0.00950044 0.0870373 0.0126672 0.996079 Time: 40490313623886
Position: -101.313 -107.77 -1056.18 Orientation: -0.00980055 0.0876382 0.0127674 0.996022 Time: 40490451866797
Position: -101.327 -107.763 -1056.19 Orientation: -0.00976712 0.0884708 0.0129673 0.995946 Time: 40490589815052
Position: -101.303 -107.77 -1056.16 Orientation: -0.00956716 0.0869712 0.012634 0.996085 Time: 40490732790519
Position: -101.317 -107.77 -1056.19 Orientation: -0.00986738 0.0885398 0.0130009 0.995939 Time: 40490824141300
Position: -101.31 -107.77 -1056.19 Orientation: -0.0100337 0.0878364 0.0128671 0.996001 Time: 40490965867616
Position: -101.32 -107.767 -1056.19 Orientation: -0.0101007 0.0885727 0.0129009 0.995935 Time: 40491106045561
Position: -101.31 -107.767 -1056.18 Orientation: -0.00963377 0.0874039 0.0127339 0.996045 Time: 40491279110731
Position: -101.327 -107.76 -1056.19 Orientation: -0.00990059 0.0890386 0.0131008 0.995893 Time: 40491370252402
Position: -101.32 -107.767 -1056.19 Orientation: -0.00986721 0.0883716 0.0129007 0.995955 Time: 40491511732727
Position: -101.31 -107.767 -1056.2 Orientation: -0.00950084 0.0876744 0.0128345 0.996021 Time: 40491653220466
Position: -101.31 -107.767 -1056.18 Orientation: -0.00963392 0.0876053 0.0127674 0.996027 Time: 40491745079196
Position: -101.303 -107.77 -1056.15 Orientation: -0.00990051 0.0873045 0.012734 0.996051 Time: 40491885171406
Position: -101.31 -107.767 -1056.18 Orientation: -0.00986721 0.0876382 0.0127674 0.996022 Time: 40491989935500
Position: -101.3 -107.78 -1056.17 Orientation: -0.0100005 0.086604 0.0126006 0.996113 Time: 40492137195265
Position: -101.323 -107.767 -1056.21 Orientation: -0.00996703 0.0885699 0.0129338 0.995936 Time: 40492293074765
Position: -101.31 -107.78 -1056.19 Orientation: -0.0100338 0.0873044 0.0127006 0.99605 Time: 40492394441950
Position: -101.32 -107.767 -1056.17 Orientation: -0.00973374 0.0881703 0.0128672 0.995975 Time: 40492543233357
Position: -101.327 -107.763 -1056.2 Orientation: -0.0100006 0.0886719 0.0130341 0.995925 Time: 40492682107592
Position: -101.31 -107.777 -1056.18 Orientation: -0.0101006 0.0872382 0.0126674 0.996056 Time: 40492822175850
Position: -101.31 -107.77 -1056.19 Orientation: -0.0099339 0.087605 0.0128007 0.996024 Time: 40492965345599
Position: -101.32 -107.763 -1056.21 Orientation: -0.00960076 0.088507 0.0129344 0.995945 Time: 40493107287489
Position: -101.31 -107.763 -1056.16 Orientation: -0.00970035 0.0878698 0.0128338 0.996002 Time: 40493207076458
Position: -101.303 -107.77 -1056.18 Orientation: -0.00970052 0.086938 0.012634 0.996086 Time: 40493351809596
Position: -101.313 -107.767 -1056.17 Orientation: -0.0098673 0.0879056 0.0128675 0.995997 Time: 40493492765433
Position: -101.317 -107.77 -1056.18 Orientation: -0.00990042 0.0881371 0.0128672 0.995976 Time: 40493635754398
Position: -101.307 -107.77 -1056.19 Orientation: -0.00963391 0.0872386 0.0127008 0.99606 Time: 40493791426688
Position: -101.317 -107.77 -1056.21 Orientation: -0.0100003 0.0879026 0.0128337 0.995996 Time: 40493929594319
Position: -101.297 -107.777 -1056.16 Orientation: -0.0100672 0.0869045 0.0126673 0.996085 Time: 40494033254878
Position: -101.323 -107.763 -1056.21 Orientation: -0.0100007 0.0885727 0.0130009 0.995935 Time: 40494178010828
Position: -101.327 -107.763 -1056.21 Orientation: -0.0101335 0.0891347 0.0130669 0.995882 Time: 40494320195856
Position: -101.317 -107.77 -1056.2 Orientation: -0.00983373 0.0878036 0.0128005 0.996007 Time: 40494411704040
Position: -101.323 -107.767 -1056.22 Orientation: -0.00986724 0.0887051 0.0130008 0.995924 Time: 40494553736608
Position: -101.313 -107.77 -1056.22 Orientation: -0.00986721 0.0883716 0.0129007 0.995955 Time: 40494693926530
Position: -101.303 -107.773 -1056.19 Orientation: -0.00980058 0.0876052 0.0127674 0.996025 Time: 40494786931377
Position: -101.3 -107.77 -1056.18 Orientation: -0.00993419 0.0872742 0.0127678 0.996053 Time: 40494928389081
Position: -101.307 -107.777 -1056.18 Orientation: -0.0100341 0.0870067 0.012701 0.996076 Time: 40495068368751
Position: -101.317 -107.767 -1056.2 Orientation: -0.0100671 0.0880708 0.0129006 0.99598 Time: 40495170996303
Position: -101.293 -107.77 -1056.18 Orientation: -0.00946732 0.0860393 0.0124675 0.996169 Time: 40495317759526
Position: -101.303 -107.77 -1056.17 Orientation: -0.00973391 0.0872385 0.0126674 0.996059 Time: 40495475863203
Position: -101.313 -107.77 -1056.19 Orientation: -0.00976727 0.0875721 0.0127675 0.996028 Time: 40495614977536
Position: -101.3 -107.777 -1056.16 Orientation: -0.0100339 0.0872382 0.0127007 0.996056 Time: 40495754552292
Position: -101.297 -107.77 -1056.18 Orientation: -0.0098672 0.0869047 0.0127007 0.996087 Time: 40495894565801
Position: -101.307 -107.763 -1056.19 Orientation: -0.0094338 0.0870043 0.0127006 0.996082 Time: 40496037980590
