Position: -140.697 59.4233 -940.053 Orientation: -0.0408363 0.103307 -0.00350025 0.993805 Time: 40421197097885
Position: -140.7 59.4233 -940.057 Orientation: -0.0407695 0.10304 -0.00353358 0.993835 Time: 40421296479658
Position: -140.707 59.4267 -940.073 Orientation: -0.0408011 0.103436 -0.00350009 0.993793 Time: 40421581171175
Position: -140.7 59.4267 -940.07 Orientation: -0.0409031 0.103241 -0.00346693 0.993809 Time: 40421436791054
Position: -140.71 59.4267 -940.077 Orientation: -0.040869 0.103106 -0.0035002 0.993824 Time: 40421673756280
Position: -140.707 59.42 -940.073 Orientation: -0.041002 0.102805 -0.00356685 0.99385 Time: 40421811922580
Position: -140.7 59.43 -940.067 Orientation: -0.0405688 0.102639 -0.00360019 0.993885 Time: 40421953665815
Position: -140.703 59.4267 -940.063 Orientation: -0.0408699 0.103542 -0.00343361 0.993779 Time: 40422094773733
Position: -140.69 59.42 -940.06 Orientation: -0.0409687 0.102505 -0.00363351 0.993882 Time: 40422233719636
Position: -140.72 59.4267 -940.1 Orientation: -0.0409351 0.104505 -0.00326681 0.993676 Time: 40422376144951
Position: -140.703 59.4233 -940.073 Orientation: -0.0407358 0.102806 -0.00356688 0.993861 Time: 40422515147505
Position: -140.71 59.43 -940.073 Orientation: -0.0406694 0.103107 -0.00350023 0.993832 Time: 40422607710558
Position: -140.71 59.43 -940.083 Orientation: -0.0407034 0.103575 -0.00350029 0.993782 Time: 40422747457356
Position: -140.71 59.4233 -940.07 Orientation: -0.0409368 0.103475 -0.00346696 0.993783 Time: 40422897533842
Position: -140.707 59.4233 -940.07 Orientation: -0.0408679 0.103703 -0.00346677 0.993762 Time: 40423030515718
Position: -140.703 59.4233 -940.077 Orientation: -0.0408681 0.103337 -0.00350012 0.9938 Time: 40423121741793
Position: -140.697 59.41 -940.05 Orientation: -0.0410355 0.102439 -0.00363353 0.993886 Time: 40423261888372
Position: -140.71 59.42 -940.077 Orientation: -0.0409365 0.103208 -0.00353361 0.993811 Time: 40423406340921
Position: -140.71 59.42 -940.06 Orientation: -0.0411697 0.103474 -0.00343359 0.993774 Time: 40423495507255
Position: -140.71 59.42 -940.073 Orientation: -0.0408678 0.10307 -0.00356677 0.993828 Time: 40423636701099
Position: -140.7 59.4233 -940.063 Orientation: -0.0408017 0.102638 -0.00360015 0.993875 Time: 40423780307700
Position: -140.7 59.4233 -940.08 Orientation: -0.0407349 0.102704 -0.00363347 0.993871 Time: 40423870250215
Position: -140.707 59.4167 -940.07 Orientation: -0.0409366 0.103508 -0.00343361 0.99378 Time: 40424010652670
Position: -140.707 59.42 -940.07 Orientation: -0.0411019 0.103438 -0.00346683 0.99378 Time: 40424152191736
Position: -140.703 59.4133 -940.05 Orientation: -0.0409693 0.103007 -0.00356689 0.99383 Time: 40424244738251
Position: -140.7 59.42 -940.05 Orientation: -0.0409368 0.102809 -0.00356697 0.993852 Time: 40424385616147
Position: -140.707 59.42 -940.06 Orientation: -0.0410012 0.103003 -0.00353344 0.993829 Time: 40424530723213
Position: -140.7 59.42 -940.077 Orientation: -0.0407037 0.102843 -0.00356699 0.993858 Time: 40424667212065
Position: -140.707 59.4267 -940.087 Orientation: -0.0406369 0.103242 -0.0035003 0.99382 Time: 40424758798570
Position: -140.693 59.4167 -940.047 Orientation: -0.0407018 0.102005 -0.0037335 0.993944 Time: 40424949059676
Position: -140.707 59.4167 -940.073 Orientation: -0.0409019 0.103838 -0.00340016 0.993747 Time: 40425088929468
Position: -140.707 59.4233 -940.077 Orientation: -0.0407028 0.103074 -0.00353357 0.993834 Time: 40425232058346
Position: -140.703 59.42 -940.057 Orientation: -0.0409036 0.102809 -0.00360031 0.993853 Time: 40425370719099
Position: -140.703 59.4167 -940.067 Orientation: -0.0408025 0.102773 -0.00360022 0.993861 Time: 40425511577605
Position: -140.7 59.4233 -940.047 Orientation: -0.040703 0.102707 -0.00356693 0.993872 Time: 40425650361162
Position: -140.693 59.4133 -940.033 Orientation: -0.0409028 0.102674 -0.00356691 0.993867 Time: 40425742524243
Position: -140.71 59.42 -940.083 Orientation: -0.041068 0.103903 -0.00336678 0.993733 Time: 40425882660747
Position: -140.703 59.4233 -940.083 Orientation: -0.040703 0.103341 -0.00350026 0.993807 Time: 40426023565257
Position: -140.71 59.4233 -940.08 Orientation: -0.0408691 0.103739 -0.00343354 0.993759 Time: 40426116831113
Position: -140.707 59.4233 -940.073 Orientation: -0.040803 0.102974 -0.0035336 0.99384 Time: 40426256837017
Position: -140.71 59.42 -940.077 Orientation: -0.0407686 0.103238 -0.00350017 0.993815 Time: 40426430177262
Position: -140.703 59.4167 -940.07 Orientation: -0.0408678 0.10307 -0.00353343 0.993828 Time: 40426568422454
Position: -140.7 59.42 -940.067 Orientation: -0.040835 0.102971 -0.00350014 0.99384 Time: 40426651621149
Position: -140.703 59.42 -940.093 Orientation: -0.0407689 0.103172 -0.00346686 0.993822 Time: 40426787162730
Position: -140.7 59.42 -940.077 Orientation: -0.0408023 0.103139 -0.0035002 0.993824 Time: 40426928123510
Position: -140.703 59.42 -940.067 Orientation: -0.0409686 0.103171 -0.0035335 0.993813 Time: 40427021261998
Position: -140.713 59.4267 -940.097 Orientation: -0.0406692 0.103473 -0.00350021 0.993794 Time: 40427165435289
Position: -140.713 59.42 -940.083 Orientation: -0.0409355 0.103439 -0.00346685 0.993787 Time: 40427305687564
Position: -140.707 59.4167 -940.08 Orientation: -0.0408017 0.102971 -0.00353348 0.993841 Time: 40427444723194
Position: -140.707 59.4133 -940.07 Orientation: -0.040936 0.103007 -0.00353356 0.993832 Time: 40427537115917
Position: -140.713 59.42 -940.093 Orientation: -0.0408685 0.104205 -0.00333348 0.99371 Time: 40427676238804
Position: -140.693 59.4167 -940.057 Orientation: -0.040669 0.102539 -0.00360021 0.993891 Time: 40427819353425
Position: -140.7 59.4167 -940.06 Orientation: -0.0408353 0.103205 -0.00350017 0.993815 Time: 40427910661434
Position: -140.717 59.4233 -940.083 Orientation: -0.0408676 0.103769 -0.00340008 0.993756 Time: 40428051198669
Position: -140.707 59.42 -940.053 Orientation: -0.0409343 0.103403 -0.00340008 0.993791 Time: 40428155020244
Position: -140.703 59.4167 -940.06 Orientation: -0.0409355 0.102805 -0.00356685 0.993852 Time: 40428301051199
Position: -140.707 59.42 -940.073 Orientation: -0.0406361 0.103107 -0.00356691 0.993833 Time: 40428443883710
Position: -140.713 59.42 -940.077 Orientation: -0.0408366 0.103542 -0.00350028 0.99378 Time: 40428534299196
Position: -140.71 59.42 -940.097 Orientation: -0.0407679 0.10437 -0.0033001 0.993697 Time: 40428675208078
Position: -140.71 59.41 -940.097 Orientation: -0.0408032 0.103908 -0.00340026 0.993744 Time: 40428820211919
Position: -140.707 59.4167 -940.08 Orientation: -0.0408025 0.103106 -0.00353355 0.993827 Time: 40428950421747
Position: -140.723 59.42 -940.113 Orientation: -0.0407034 0.104209 -0.00336695 0.993716 Time: 40429033920991
Position: -140.717 59.4167 -940.073 Orientation: -0.0410029 0.103574 -0.00343358 0.99377 Time: 40429174396824
Position: -140.707 59.4133 -940.077 Orientation: -0.0410026 0.103006 -0.00356689 0.993829 Time: 40429316757505
Position: -140.703 59.4133 -940.07 Orientation: -0.0409012 0.103036 -0.00350011 0.99383 Time: 40429460543371
Position: -140.71 59.4167 -940.097 Orientation: -0.0409686 0.104138 -0.00336682 0.993713 Time: 40429595331203
Position: -140.713 59.4167 -940.1 Orientation: -0.0407021 0.104205 -0.0033335 0.993717 Time: 40429689158806
Position: -140.707 59.4167 -940.077 Orientation: -0.0408348 0.103004 -0.0035668 0.993836 Time: 40429829622853
Position: -140.707 59.4133 -940.063 Orientation: -0.0409693 0.10334 -0.00343355 0.993796 Time: 40429972253477
Position: -140.71 59.4167 -940.077 Orientation: -0.0409026 0.103673 -0.00340022 0.993764 Time: 40430112127832
Position: -140.707 59.4167 -940.07 Orientation: -0.0409686 0.103172 -0.00346683 0.993813 Time: 40430203897785
Position: -140.7 59.4133 -940.057 Orientation: -0.040836 0.103373 -0.00343356 0.993798 Time: 40430344769028
Position: -140.707 59.4167 -940.083 Orientation: -0.0407347 0.103704 -0.00343345 0.993768 Time: 40430488239517
Position: -140.71 59.42 -940.083 Orientation: -0.0409689 0.104072 -0.00336685 0.99372 Time: 40430578282596
Position: -140.713 59.42 -940.093 Orientation: -0.0409354 0.104105 -0.00333351 0.993718 Time: 40430718278235
Position: -140.703 59.4167 -940.06 Orientation: -0.0408019 0.102605 -0.00360016 0.993879 Time: 40430860044281
Position: -140.7 59.4133 -940.063 Orientation: -0.0409684 0.102904 -0.00350014 0.993841 Time: 40431001039470
Position: -140.703 59.4167 -940.073 Orientation: -0.0408355 0.103172 -0.00350018 0.993819 Time: 40431093597770
Position: -140.707 59.4167 -940.07 Orientation: -0.0408359 0.103073 -0.00356689 0.993829 Time: 40431233688460
Position: -140.71 59.42 -940.083 Orientation: -0.0407689 0.103506 -0.00343352 0.993787 Time: 40431377856048
Position: -140.713 59.42 -940.087 Orientation: -0.0408342 0.103802 -0.00336674 0.993754 Time: 40431478028260
Position: -140.713 59.4167 -940.083 Orientation: -0.0409686 0.104138 -0.00333349 0.993713 Time: 40431623378464
Position: -140.697 59.42 -940.05 Orientation: -0.040702 0.102605 -0.00363351 0.993882 Time: 40431767518868
Position: -140.71 59.42 -940.087 Orientation: -0.0408358 0.103106 -0.00350021 0.993826 Time: 40431906816077
Position: -140.71 59.4233 -940.08 Orientation: -0.0407022 0.103206 -0.00350019 0.993821 Time: 40432046486264
Position: -140.693 59.42 -940.07 Orientation: -0.0407027 0.102107 -0.00366691 0.993934 Time: 40432138353739
Position: -140.707 59.42 -940.073 Orientation: -0.0408362 0.103641 -0.00340024 0.99377 Time: 40432278778625
Position: -140.707 59.4233 -940.093 Orientation: -0.0407695 0.103674 -0.00340024 0.99377 Time: 40432383220308
Position: -140.707 59.42 -940.077 Orientation: -0.040802 0.103538 -0.00346684 0.993782 Time: 40432528816503
Position: -140.707 59.42 -940.083 Orientation: -0.040835 0.102971 -0.00353347 0.99384 Time: 40432671293336
Position: -140.72 59.4233 -940.11 Orientation: -0.040768 0.103703 -0.00343345 0.993766 Time: 40432762457818
Position: -140.71 59.4133 -940.067 Orientation: -0.041103 0.102874 -0.00353359 0.993839 Time: 40432952448410
Position: -140.717 59.42 -940.097 Orientation: -0.0409026 0.104007 -0.00340021 0.993729 Time: 40433122788297
Position: -140.717 59.42 -940.1 Orientation: -0.0409032 0.104175 -0.00336693 0.993712 Time: 40433214024257
Position: -140.707 59.4167 -940.077 Orientation: -0.040669 0.103506 -0.00346687 0.993791 Time: 40433360385417
Position: -140.703 59.4167 -940.063 Orientation: -0.0407037 0.103176 -0.00353365 0.993824 Time: 40433459725748
Position: -140.707 59.42 -940.073 Orientation: -0.0406019 0.103005 -0.0035335 0.993846 Time: 40433605170243
Position: -140.713 59.4167 -940.073 Orientation: -0.0408696 0.103608 -0.00343358 0.993772 Time: 40433748959340
Position: -140.717 59.4233 -940.097 Orientation: -0.0407023 0.103839 -0.00343352 0.993755 Time: 40433838473749
Position: -140.72 59.42 -940.087 Orientation: -0.040835 0.103937 -0.00340013 0.993739 Time: 40433978799783
