Position: -110.09 -3.92333 -1205.91 Orientation: -0.179519 0.114112 -0.0690739 0.974669 Time: 41702288554552
Position: -110.07 -3.92333 -1205.86 Orientation: -0.179647 0.112409 -0.0691053 0.974841 Time: 41702380017302
Position: -110.067 -3.91667 -1205.88 Orientation: -0.179478 0.11194 -0.0691042 0.974927 Time: 41702148874670
Position: -110.077 -3.90667 -1205.86 Orientation: -0.179546 0.112642 -0.0690384 0.974838 Time: 41702520703957
Position: -110.093 -3.92 -1205.9 Orientation: -0.179444 0.113773 -0.0690707 0.974723 Time: 41702664029399
Position: -110.1 -3.91333 -1205.86 Orientation: -0.179578 0.114074 -0.0690711 0.974663 Time: 41702804733544
Position: -110.09 -3.92 -1205.87 Orientation: -0.17955 0.11361 -0.069073 0.974722 Time: 41702895156633
Position: -110.09 -3.92 -1205.9 Orientation: -0.179244 0.113807 -0.0690043 0.97476 Time: 41703037252505
Position: -110.093 -3.92 -1205.9 Orientation: -0.17954 0.114137 -0.0690024 0.974668 Time: 41703194771052
Position: -110.077 -3.91667 -1205.86 Orientation: -0.179609 0.113006 -0.0690369 0.974784 Time: 41703348039900
Position: -110.083 -3.91 -1205.86 Orientation: -0.179582 0.113043 -0.0690725 0.974782 Time: 41703440778606
Position: -110.087 -3.91667 -1205.9 Orientation: -0.179446 0.113075 -0.0691048 0.974801 Time: 41703580918912
Position: -110.087 -3.92 -1205.88 Orientation: -0.179717 0.113311 -0.0690733 0.974726 Time: 41703722549797
Position: -110.087 -3.91333 -1205.88 Orientation: -0.179379 0.113175 -0.0691049 0.974802 Time: 41703814815532
Position: -110.107 -3.92333 -1205.91 Orientation: -0.179543 0.114473 -0.0691038 0.97462 Time: 41703955668905
Position: -110.093 -3.91 -1205.89 Orientation: -0.179681 0.113842 -0.0690054 0.974676 Time: 41704099594876
Position: -110.093 -3.91 -1205.88 Orientation: -0.179482 0.113743 -0.0690727 0.974719 Time: 41704189107954
Position: -110.09 -3.91667 -1205.86 Orientation: -0.179845 0.113641 -0.0690712 0.974664 Time: 41704329770086
Position: -110.083 -3.91667 -1205.89 Orientation: -0.179647 0.112742 -0.0690718 0.974805 Time: 41704474082150
Position: -110.097 -3.92 -1205.91 Orientation: -0.179445 0.113407 -0.0691045 0.974763 Time: 41704563733622
Position: -110.08 -3.91333 -1205.88 Orientation: -0.17968 0.112441 -0.0690383 0.974836 Time: 41704707265703
Position: -110.09 -3.92333 -1205.89 Orientation: -0.179542 0.113439 -0.0690366 0.974746 Time: 41704844726921
Position: -110.087 -3.91333 -1205.85 Orientation: -0.179576 0.112739 -0.0690704 0.974819 Time: 41704989245244
Position: -110.1 -3.92333 -1205.89 Orientation: -0.179573 0.113738 -0.0690693 0.974703 Time: 41705078189351
Position: -110.087 -3.92 -1205.88 Orientation: -0.179674 0.112971 -0.0690695 0.974774 Time: 41705218921060
Position: -110.093 -3.92333 -1205.88 Orientation: -0.179378 0.113874 -0.0690375 0.974726 Time: 41705377343726
Position: -110.097 -3.92333 -1205.9 Orientation: -0.179244 0.11384 -0.069004 0.974757 Time: 41705518281885
Position: -110.097 -3.92 -1205.9 Orientation: -0.179378 0.113841 -0.0690378 0.974729 Time: 41705609289154
Position: -110.08 -3.92 -1205.89 Orientation: -0.179481 0.112342 -0.0691056 0.974879 Time: 41705752708886
Position: -110.087 -3.91333 -1205.88 Orientation: -0.179517 0.112777 -0.0690732 0.974825 Time: 41705890552015
Position: -110.093 -3.91667 -1205.9 Orientation: -0.179413 0.113141 -0.0690715 0.974802 Time: 41706030641944
Position: -110.097 -3.92 -1205.9 Orientation: -0.179409 0.113906 -0.0690368 0.974716 Time: 41706124437800
Position: -110.09 -3.91667 -1205.88 Orientation: -0.179608 0.113038 -0.069103 0.974776 Time: 41706263842607
Position: -110.107 -3.91667 -1205.91 Orientation: -0.179514 0.114076 -0.0690388 0.974677 Time: 41706439985126
Position: -110.083 -3.91333 -1205.86 Orientation: -0.17998 0.112142 -0.0691386 0.974808 Time: 41706578334683
Position: -110.083 -3.91333 -1205.86 Orientation: -0.179376 0.111873 -0.0691038 0.974953 Time: 41706672978958
Position: -110.087 -3.91333 -1205.86 Orientation: -0.179441 0.112438 -0.0691362 0.974874 Time: 41706810542449
Position: -110.093 -3.91333 -1205.89 Orientation: -0.179209 0.113039 -0.0691035 0.974849 Time: 41706913899608
Position: -110.097 -3.91667 -1205.88 Orientation: -0.17978 0.113708 -0.0690384 0.974671 Time: 41707062569730
Position: -110.093 -3.91667 -1205.91 Orientation: -0.179444 0.112907 -0.0690375 0.974826 Time: 41707202038410
Position: -110.1 -3.91667 -1205.87 Orientation: -0.179586 0.113679 -0.0690743 0.974707 Time: 41707343763015
Position: -110.087 -3.91333 -1205.88 Orientation: -0.179313 0.112108 -0.0691382 0.974935 Time: 41707484243221
Position: -110.09 -3.92 -1205.88 Orientation: -0.179278 0.11284 -0.0691042 0.97486 Time: 41707574651673
Position: -110.09 -3.91333 -1205.87 Orientation: -0.17931 0.113139 -0.0691037 0.974819 Time: 41707715176743
Position: -110.093 -3.92333 -1205.89 Orientation: -0.179377 0.113607 -0.0690374 0.974757 Time: 41707855742874
Position: -110.1 -3.92 -1205.9 Orientation: -0.179219 0.113412 -0.0691074 0.974804 Time: 41707948878890
Position: -110.093 -3.92333 -1205.89 Orientation: -0.17944 0.113071 -0.0690694 0.974805 Time: 41708089898031
Position: -110.09 -3.92 -1205.9 Orientation: -0.179414 0.113375 -0.069072 0.974775 Time: 41708232709251
Position: -110.09 -3.92667 -1205.9 Orientation: -0.179546 0.113241 -0.0690714 0.974766 Time: 41708373099159
Position: -110.093 -3.92667 -1205.92 Orientation: -0.179516 0.113077 -0.0691062 0.974788 Time: 41708474000027
Position: -110.097 -3.92 -1205.88 Orientation: -0.179379 0.113175 -0.0691049 0.974802 Time: 41708620695764
Position: -110.093 -3.92667 -1205.9 Orientation: -0.179413 0.113108 -0.0690718 0.974806 Time: 41708762710082
Position: -110.103 -3.92667 -1205.91 Orientation: -0.179383 0.113577 -0.0691062 0.974755 Time: 41708854020372
Position: -110.1 -3.92333 -1205.89 Orientation: -0.179416 0.11351 -0.0691063 0.974756 Time: 41708997786657
Position: -110.093 -3.92333 -1205.88 Orientation: -0.179709 0.113439 -0.0690368 0.974715 Time: 41709134365047
Position: -110.1 -3.92333 -1205.9 Orientation: -0.179382 0.113943 -0.0690724 0.974714 Time: 41709278918159
Position: -110.083 -3.91667 -1205.84 Orientation: -0.179813 0.112175 -0.0691382 0.974835 Time: 41709431829997
Position: -110.097 -3.92333 -1205.89 Orientation: -0.179615 0.113309 -0.0690722 0.974745 Time: 41709573776830
Position: -110.113 -3.91667 -1205.91 Orientation: -0.179481 0.114109 -0.0690389 0.974679 Time: 41709665524541
Position: -110.087 -3.91667 -1205.9 Orientation: -0.179447 0.112475 -0.0690718 0.974873 Time: 41709806944795
Position: -110.087 -3.91 -1205.86 Orientation: -0.17971 0.112173 -0.069104 0.974857 Time: 41709946672202
Position: -110.09 -3.90667 -1205.88 Orientation: -0.179348 0.112509 -0.0691392 0.974882 Time: 41710089241043
Position: -110.077 -3.90667 -1205.85 Orientation: -0.17975 0.11151 -0.0691397 0.974923 Time: 41710179981221
Position: -110.103 -3.91667 -1205.89 Orientation: -0.17931 0.114039 -0.069037 0.974719 Time: 41710319622513
Position: -110.097 -3.91333 -1205.89 Orientation: -0.179379 0.113208 -0.0690714 0.974801 Time: 41710479838208
Position: -110.1 -3.92 -1205.92 Orientation: -0.179613 0.113075 -0.069105 0.974771 Time: 41710632441704
Position: -110.09 -3.91667 -1205.89 Orientation: -0.179411 0.112607 -0.0691376 0.97486 Time: 41710725646536
Position: -110.077 -3.91333 -1205.85 Orientation: -0.179579 0.111408 -0.069138 0.974967 Time: 41710866992650
Position: -110.107 -3.91667 -1205.86 Orientation: -0.179544 0.114207 -0.0690373 0.974656 Time: 41711007284847
Position: -110.117 -3.92 -1205.92 Orientation: -0.179716 0.115143 -0.0689727 0.974519 Time: 41711153604564
Position: -110.09 -3.91333 -1205.86 Orientation: -0.179748 0.112809 -0.0690723 0.974779 Time: 41711243673116
Position: -110.1 -3.91333 -1205.89 Orientation: -0.179414 0.113375 -0.069072 0.974775 Time: 41711380760786
Position: -110.1 -3.92333 -1205.91 Orientation: -0.179446 0.113341 -0.0691382 0.974768 Time: 41711525336140
Position: -110.11 -3.92333 -1205.89 Orientation: -0.179416 0.11441 -0.0690396 0.974656 Time: 41711615313634
Position: -110.093 -3.91333 -1205.86 Orientation: -0.179576 0.113039 -0.0690703 0.974784 Time: 41711755551652
Position: -110.1 -3.91333 -1205.88 Orientation: -0.17971 0.113373 -0.0690705 0.974721 Time: 41711860500523
Position: -110.11 -3.92 -1205.92 Orientation: -0.179679 0.114208 -0.0690379 0.974631 Time: 41712007471145
Position: -110.087 -3.91 -1205.84 Orientation: -0.179477 0.112573 -0.0691038 0.974854 Time: 41712147234481
Position: -110.1 -3.91333 -1205.85 Orientation: -0.179613 0.113342 -0.0691052 0.97474 Time: 41712239371899
Position: -110.1 -3.91333 -1205.89 Orientation: -0.179577 0.113273 -0.0691039 0.974754 Time: 41712379833095
Position: -110.113 -3.91667 -1205.91 Orientation: -0.179509 0.114339 -0.0690367 0.974647 Time: 41712523693860
Position: -110.11 -3.91667 -1205.9 Orientation: -0.179912 0.113841 -0.0690047 0.974633 Time: 41712613649113
Position: -110.1 -3.91333 -1205.88 Orientation: -0.17958 0.113409 -0.0690719 0.97474 Time: 41712753899677
Position: -110.1 -3.91333 -1205.87 Orientation: -0.179444 0.113473 -0.0691039 0.974756 Time: 41712913086548
Position: -110.107 -3.91667 -1205.91 Orientation: -0.179313 0.113608 -0.0690382 0.974769 Time: 41713050407661
Position: -110.117 -3.92333 -1205.89 Orientation: -0.179578 0.114674 -0.0690377 0.974595 Time: 41713191995013
Position: -110.103 -3.92 -1205.88 Orientation: -0.179615 0.113876 -0.0690723 0.974679 Time: 41713285380061
Position: -110.103 -3.91333 -1205.89 Orientation: -0.179514 0.113476 -0.0690722 0.974745 Time: 41713428620148
Position: -110.117 -3.91667 -1205.9 Orientation: -0.179611 0.114341 -0.0690377 0.974628 Time: 41713564920991
Position: -110.093 -3.91 -1205.84 Orientation: -0.179581 0.112476 -0.0691056 0.974846 Time: 41713708460106
Position: -110.093 -3.92 -1205.92 Orientation: -0.179241 0.113338 -0.0690698 0.974811 Time: 41713848843930
Position: -110.093 -3.91667 -1205.87 Orientation: -0.179812 0.113074 -0.0691048 0.974734 Time: 41713939418721
Position: -110.09 -3.91 -1205.86 Orientation: -0.179745 0.112341 -0.0691046 0.974831 Time: 41714080661991
Position: -110.103 -3.90333 -1205.9 Orientation: -0.17955 0.113611 -0.0690398 0.974725 Time: 41714221787968
Position: -110.087 -3.91333 -1205.85 Orientation: -0.180015 0.112343 -0.0690726 0.974783 Time: 41714313506784
Position: -110.1 -3.91 -1205.92 Orientation: -0.179447 0.113075 -0.0690385 0.974806 Time: 41714454539803
Position: -110.09 -3.91333 -1205.86 Orientation: -0.179914 0.112875 -0.0690719 0.974741 Time: 41714598948248
Position: -110.073 -3.91333 -1205.83 Orientation: -0.179685 0.111545 -0.0691403 0.974931 Time: 41714688443267
Position: -110.09 -3.91667 -1205.85 Orientation: -0.179578 0.11264 -0.0691043 0.974827 Time: 41714828444989
Position: -110.11 -3.92333 -1205.9 Orientation: -0.179577 0.114173 -0.0690372 0.974654 Time: 41714971937720
Position: -110.103 -3.92 -1205.89 Orientation: -0.179707 0.113204 -0.0691027 0.974738 Time: 41715111364388
Position: -110.113 -3.92333 -1205.92 Orientation: -0.179511 0.114207 -0.0690377 0.974662 Time: 41715203581458
Position: -110.093 -3.91333 -1205.87 Orientation: -0.179376 0.112773 -0.0690703 0.974852 Time: 41715346424425
Position: -110.09 -3.91333 -1205.87 Orientation: -0.179078 0.112307 -0.0690709 0.97496 Time: 41715450949942
Position: -110.107 -3.92667 -1205.9 Orientation: -0.179776 0.113873 -0.069037 0.974652 Time: 41715593110447
Position: -110.093 -3.91667 -1205.89 Orientation: -0.179382 0.113076 -0.0690393 0.974818 Time: 41715740312042
Position: -110.107 -3.91333 -1205.9 Orientation: -0.179508 0.113772 -0.069103 0.974709 Time: 41715829906103
Position: -110.103 -3.91333 -1205.91 Orientation: -0.179508 0.113205 -0.0690698 0.974777 Time: 41715967437087
Position: -110.117 -3.91667 -1205.91 Orientation: -0.179518 0.114478 -0.0690401 0.974629 Time: 41716111578631
Position: -110.097 -3.91667 -1205.86 Orientation: -0.179412 0.113141 -0.0691047 0.9748 Time: 41716201661631
Position: -110.087 -3.91333 -1205.86 Orientation: -0.179348 0.111642 -0.0691723 0.97498 Time: 41716344518475
Position: -110.093 -3.91667 -1205.86 Orientation: -0.179612 0.112508 -0.0691381 0.974834 Time: 41716481747009
Position: -110.107 -3.92 -1205.88 Orientation: -0.179443 0.113173 -0.0691372 0.974788 Time: 41716585568393
Position: -110.08 -3.91667 -1205.83 Orientation: -0.17968 0.111475 -0.0691385 0.97494 Time: 41716732301961
Position: -110.107 -3.91333 -1205.89 Orientation: -0.179381 0.113076 -0.0691057 0.974813 Time: 41716891773602
Position: -110.097 -3.91667 -1205.87 Orientation: -0.179548 0.112509 -0.0691389 0.974846 Time: 41717004001998
Position: -110.083 -3.91667 -1205.84 Orientation: -0.179542 0.111339 -0.0691367 0.974981 Time: 41717152367960
