Position: -158.733 314.53 -1048.88 Orientation: 0.223146 0.0744375 0.122773 0.964153 Time: 40572163208069
Position: -158.73 314.527 -1048.88 Orientation: 0.223676 0.073903 0.122505 0.964106 Time: 40572303555395
Position: -158.733 314.533 -1048.89 Orientation: 0.223447 0.0741377 0.122641 0.964124 Time: 40572396014463
Position: -158.753 314.54 -1048.89 Orientation: 0.222814 0.0759381 0.123441 0.964028 Time: 40572536024359
Position: -158.747 314.533 -1048.9 Orientation: 0.222654 0.0754405 0.123278 0.964125 Time: 40572679074346
Position: -158.747 314.537 -1048.9 Orientation: 0.222925 0.0753752 0.123214 0.964075 Time: 40572769715101
Position: -158.74 314.537 -1048.91 Orientation: 0.223075 0.0749029 0.123005 0.964104 Time: 40572909901221
Position: -158.73 314.53 -1048.89 Orientation: 0.223212 0.0743372 0.12274 0.96415 Time: 40573054293889
Position: -158.747 314.54 -1048.91 Orientation: 0.223044 0.075137 0.123106 0.96408 Time: 40573144522696
Position: -158.753 314.533 -1048.88 Orientation: 0.22305 0.0752057 0.123109 0.964073 Time: 40573285014307
Position: -158.73 314.537 -1048.89 Orientation: 0.223015 0.0748049 0.122975 0.96413 Time: 40573426401103
Position: -158.743 314.547 -1048.92 Orientation: 0.222947 0.0754047 0.123274 0.96406 Time: 40573519007879
Position: -158.753 314.543 -1048.92 Orientation: 0.222957 0.0753746 0.123213 0.964068 Time: 40573658536441
Position: -158.757 314.54 -1048.91 Orientation: 0.222648 0.0759051 0.123475 0.964064 Time: 40573802629700
Position: -158.747 314.537 -1048.9 Orientation: 0.22291 0.0754366 0.123205 0.964075 Time: 40573892668406
Position: -158.753 314.54 -1048.9 Orientation: 0.22282 0.0759403 0.123478 0.964021 Time: 40574033256209
Position: -158.74 314.533 -1048.89 Orientation: 0.223013 0.0749043 0.122974 0.964122 Time: 40574176361705
Position: -158.733 314.527 -1048.89 Orientation: 0.223014 0.0741046 0.122641 0.964226 Time: 40574277720715
Position: -158.74 314.533 -1048.91 Orientation: 0.22298 0.0747377 0.122874 0.964156 Time: 40574423291436
Position: -158.737 314.523 -1048.89 Orientation: 0.222849 0.0746052 0.122842 0.9642 Time: 40574567319491
Position: -158.753 314.54 -1048.91 Orientation: 0.222714 0.0760715 0.123541 0.964028 Time: 40574657674334
Position: -158.73 314.53 -1048.89 Orientation: 0.223246 0.0742375 0.122707 0.964154 Time: 40574801064031
Position: -158.727 314.523 -1048.89 Orientation: 0.223016 0.0738053 0.122476 0.96427 Time: 40574987004528
Position: -158.74 314.533 -1048.9 Orientation: 0.22298 0.074471 0.122774 0.964189 Time: 40575079363033
Position: -158.747 314.537 -1048.9 Orientation: 0.222945 0.0750371 0.123073 0.964115 Time: 40575219605423
Position: -158.737 314.527 -1048.9 Orientation: 0.22275 0.0746391 0.122943 0.964208 Time: 40575358922402
Position: -158.73 314.517 -1048.88 Orientation: 0.223047 0.0740377 0.122641 0.964224 Time: 40575502912056
Position: -158.743 314.537 -1048.9 Orientation: 0.223149 0.0750386 0.123075 0.964068 Time: 40575593131738
Position: -158.733 314.53 -1048.89 Orientation: 0.222987 0.0749401 0.123011 0.964121 Time: 40575733384774
Position: -158.737 314.543 -1048.92 Orientation: 0.22312 0.0747068 0.122911 0.964121 Time: 40575875720742
Position: -158.74 314.537 -1048.9 Orientation: 0.223114 0.0749714 0.122974 0.964094 Time: 40575969900221
Position: -158.757 314.55 -1048.92 Orientation: 0.222987 0.0756735 0.123345 0.964021 Time: 40576109281645
Position: -158.75 314.537 -1048.89 Orientation: 0.222851 0.0752392 0.123176 0.964108 Time: 40576249849487
Position: -158.73 314.523 -1048.88 Orientation: 0.223378 0.0738372 0.122473 0.964184 Time: 40576341592065
Position: -158.743 314.533 -1048.92 Orientation: 0.222984 0.0745725 0.12281 0.964176 Time: 40576482464449
Position: -158.74 314.533 -1048.91 Orientation: 0.222844 0.0750035 0.123039 0.964145 Time: 40576625779816
Position: -158.74 314.53 -1048.88 Orientation: 0.222951 0.0750727 0.123077 0.96411 Time: 40576764230887
Position: -158.74 314.527 -1048.88 Orientation: 0.222948 0.0749383 0.123008 0.96413 Time: 40576856523807
Position: -158.73 314.52 -1048.87 Orientation: 0.22295 0.0743721 0.122776 0.964204 Time: 40577047843012
Position: -158.73 314.517 -1048.87 Orientation: 0.222818 0.0742727 0.122743 0.964246 Time: 40577136871334
Position: -158.767 314.55 -1048.94 Orientation: 0.222413 0.0771379 0.123974 0.963957 Time: 40577278673310
Position: -158.743 314.537 -1048.9 Orientation: 0.223083 0.0749053 0.123009 0.964102 Time: 40577421091972
Position: -158.743 314.533 -1048.91 Orientation: 0.222953 0.0747732 0.122944 0.96415 Time: 40577559071023
Position: -158.753 314.533 -1048.91 Orientation: 0.222622 0.0757408 0.123379 0.964096 Time: 40577652947101
Position: -158.74 314.537 -1048.91 Orientation: 0.222853 0.0751732 0.123144 0.964117 Time: 40577792826779
Position: -158.747 314.537 -1048.92 Orientation: 0.222685 0.0752395 0.123177 0.964146 Time: 40577896755190
Position: -158.74 314.533 -1048.89 Orientation: 0.223116 0.0746387 0.122842 0.964136 Time: 40578042959327
Position: -158.74 314.537 -1048.9 Orientation: 0.223052 0.0749062 0.122977 0.964113 Time: 40578145853020
Position: -158.73 314.523 -1048.88 Orientation: 0.222817 0.0745391 0.122876 0.964208 Time: 40578292328810
Position: -158.753 314.54 -1048.93 Orientation: 0.222806 0.0757022 0.123337 0.964061 Time: 40578449351955
Position: -158.72 314.52 -1048.88 Orientation: 0.223047 0.0737713 0.122508 0.964261 Time: 40578603842200
Position: -158.74 314.54 -1048.92 Orientation: 0.222816 0.0751053 0.123109 0.964135 Time: 40578697278956
Position: -158.747 314.553 -1048.94 Orientation: 0.223112 0.0752709 0.123107 0.964054 Time: 40578840547557
Position: -158.733 314.523 -1048.88 Orientation: 0.22311 0.0743368 0.122706 0.964178 Time: 40579000879595
Position: -158.753 314.55 -1048.92 Orientation: 0.223183 0.0755057 0.123209 0.964006 Time: 40579135933187
Position: -158.72 314.513 -1048.88 Orientation: 0.222688 0.0738739 0.122579 0.964327 Time: 40579275191045
Position: -158.723 314.517 -1048.86 Orientation: 0.222983 0.074072 0.122642 0.964236 Time: 40579369053056
Position: -158.733 314.527 -1048.88 Orientation: 0.223314 0.0743714 0.122708 0.964128 Time: 40579510844387
Position: -158.723 314.523 -1048.88 Orientation: 0.223247 0.0737044 0.122474 0.964224 Time: 40579648774582
Position: -158.75 314.543 -1048.91 Orientation: 0.222782 0.075472 0.123209 0.964101 Time: 40579793102995
Position: -158.757 314.54 -1048.92 Orientation: 0.222473 0.075969 0.123504 0.964096 Time: 40579883125163
Position: -158.747 314.537 -1048.9 Orientation: 0.222783 0.0754054 0.123242 0.964102 Time: 40580023320978
Position: -158.743 314.533 -1048.89 Orientation: 0.222953 0.0753065 0.123144 0.964083 Time: 40580127652402
Position: -158.74 314.54 -1048.91 Orientation: 0.223045 0.074604 0.122873 0.964151 Time: 40580275666107
Position: -158.743 314.537 -1048.89 Orientation: 0.22318 0.0751378 0.123041 0.964057 Time: 40580415545025
Position: -158.737 314.53 -1048.9 Orientation: 0.22308 0.0745046 0.122808 0.964159 Time: 40580570363572
Position: -158.74 314.537 -1048.89 Orientation: 0.222781 0.0751716 0.123175 0.96413 Time: 40580663303785
Position: -158.757 314.54 -1048.91 Orientation: 0.222715 0.0758386 0.123375 0.964067 Time: 40580803501881
Position: -158.727 314.52 -1048.87 Orientation: 0.223081 0.0741716 0.122708 0.964197 Time: 40580944652002
Position: -158.743 314.537 -1048.89 Orientation: 0.222821 0.0751737 0.123145 0.964124 Time: 40581037421124
Position: -158.75 314.547 -1048.93 Orientation: 0.22292 0.0755068 0.123311 0.964054 Time: 40581177768069
Position: -158.747 314.537 -1048.91 Orientation: 0.222914 0.0750714 0.123008 0.964128 Time: 40581320455153
Position: -158.737 314.527 -1048.89 Orientation: 0.222943 0.0746698 0.122839 0.964174 Time: 40581411870949
Position: -158.733 314.533 -1048.9 Orientation: 0.223283 0.0741056 0.122576 0.964172 Time: 40581552535172
Position: -158.743 314.53 -1048.9 Orientation: 0.222754 0.0753071 0.123178 0.964125 Time: 40581696676526
Position: -158.737 314.527 -1048.88 Orientation: 0.222783 0.0749387 0.123009 0.964169 Time: 40581786877008
Position: -158.737 314.527 -1048.88 Orientation: 0.222976 0.0745364 0.122872 0.964173 Time: 40581926658024
Position: -158.74 314.53 -1048.89 Orientation: 0.22278 0.0752379 0.123174 0.964125 Time: 40582031001044
Position: -158.74 314.533 -1048.9 Orientation: 0.222856 0.0748408 0.122979 0.964163 Time: 40582176296690
Position: -158.753 314.543 -1048.92 Orientation: 0.22285 0.0758056 0.123376 0.964038 Time: 40582319322724
Position: -158.73 314.527 -1048.89 Orientation: 0.22308 0.074271 0.122707 0.96419 Time: 40582458598452
Position: -158.737 314.53 -1048.89 Orientation: 0.223057 0.0745078 0.12278 0.964168 Time: 40582600340926
Position: -158.753 314.543 -1048.92 Orientation: 0.222787 0.0757736 0.123378 0.964055 Time: 40582737926849
Position: -158.74 314.53 -1048.89 Orientation: 0.223015 0.0746051 0.122808 0.964166 Time: 40582883403660
Position: -158.73 314.51 -1048.86 Orientation: 0.222753 0.0745734 0.122878 0.96422 Time: 40582972522850
Position: -158.743 314.547 -1048.9 Orientation: 0.22342 0.0750067 0.122978 0.96402 Time: 40583115514095
Position: -158.737 314.527 -1048.88 Orientation: 0.222955 0.0749738 0.123012 0.964126 Time: 40583252541882
Position: -158.74 314.533 -1048.9 Orientation: 0.223022 0.0751074 0.123046 0.964095 Time: 40583396736845
Position: -158.74 314.537 -1048.91 Orientation: 0.223185 0.074706 0.122877 0.96411 Time: 40583496942895
Position: -158.74 314.533 -1048.9 Orientation: 0.222914 0.075038 0.123041 0.964126 Time: 40583642794965
Position: -158.757 314.543 -1048.93 Orientation: 0.222781 0.0757049 0.123375 0.964062 Time: 40583785582803
Position: -158.753 314.55 -1048.93 Orientation: 0.222924 0.0759082 0.123447 0.964004 Time: 40583924284237
Position: -158.74 314.543 -1048.93 Orientation: 0.222985 0.0750061 0.123043 0.964112 Time: 40584017803116
Position: -158.74 314.533 -1048.9 Orientation: 0.222949 0.0751052 0.123142 0.9641 Time: 40584157648006
Position: -158.743 314.533 -1048.9 Orientation: 0.223081 0.0750048 0.123008 0.964095 Time: 40584300823078
Position: -158.727 314.52 -1048.87 Orientation: 0.223183 0.0740054 0.122576 0.964203 Time: 40584441602312
Position: -158.743 314.537 -1048.91 Orientation: 0.222816 0.0753389 0.123209 0.964104 Time: 40584594794549
Position: -158.737 314.53 -1048.89 Orientation: 0.222612 0.0753042 0.123207 0.964154 Time: 40584688478625
Position: -158.737 314.53 -1048.9 Orientation: 0.222881 0.0748047 0.122974 0.964161 Time: 40584827702836
Position: -158.727 314.517 -1048.87 Orientation: 0.223252 0.0735395 0.122377 0.964248 Time: 40584970977331
