Position: -66.1133 -99.3633 -1107.14 Orientation: -0.214217 0.126344 -0.0791064 0.965345 Time: 40604796725173
Position: -66.1333 -99.3667 -1107.16 Orientation: -0.214082 0.127643 -0.0791058 0.965204 Time: 40604939648362
Position: -66.1167 -99.3633 -1107.11 Orientation: -0.214545 0.126207 -0.0791377 0.965287 Time: 40605077863899
Position: -66.1333 -99.37 -1107.14 Orientation: -0.213978 0.127207 -0.0791042 0.965285 Time: 40605217362805
Position: -66.1433 -99.3667 -1107.17 Orientation: -0.214086 0.127745 -0.0791404 0.965187 Time: 40605737320998
Position: -66.12 -99.3667 -1107.1 Orientation: -0.214407 0.126604 -0.079136 0.965266 Time: 40605450490849
Position: -66.1267 -99.3633 -1107.11 Orientation: -0.214381 0.126875 -0.0791721 0.965233 Time: 40605359167252
Position: -66.1267 -99.3633 -1107.14 Orientation: -0.214081 0.126175 -0.0791052 0.965397 Time: 40605591185868
Position: -66.13 -99.36 -1107.1 Orientation: -0.214481 0.126508 -0.0791053 0.965265 Time: 40605873395431
Position: -66.14 -99.3633 -1107.14 Orientation: -0.214448 0.127075 -0.0791053 0.965198 Time: 40605965874079
Position: -66.13 -99.3633 -1107.12 Orientation: -0.214218 0.12631 -0.0791399 0.965346 Time: 40606106365501
Position: -66.1567 -99.3767 -1107.17 Orientation: -0.214348 0.128209 -0.0791388 0.965067 Time: 40606248393506
Position: -66.1267 -99.36 -1107.1 Orientation: -0.214645 0.126307 -0.0791045 0.965255 Time: 40606389668523
Position: -66.14 -99.3733 -1107.14 Orientation: -0.214451 0.127177 -0.0791731 0.965178 Time: 40606531581137
Position: -66.1333 -99.3733 -1107.12 Orientation: -0.214279 0.126407 -0.0791377 0.96532 Time: 40606621024828
Position: -66.14 -99.3667 -1107.1 Orientation: -0.214281 0.126808 -0.0791719 0.965264 Time: 40606761476708
Position: -66.1333 -99.3633 -1107.11 Orientation: -0.214245 0.126474 -0.0791376 0.965319 Time: 40606906258132
Position: -66.13 -99.3667 -1107.12 Orientation: -0.214247 0.126141 -0.0791715 0.965359 Time: 40606995476174
Position: -66.1367 -99.3633 -1107.09 Orientation: -0.21428 0.126341 -0.0791715 0.965326 Time: 40607135633399
Position: -66.1467 -99.3633 -1107.1 Orientation: -0.214385 0.126777 -0.07914 0.965248 Time: 40607240180777
Position: -66.1333 -99.3633 -1107.09 Orientation: -0.214317 0.125643 -0.0791397 0.965411 Time: 40607385964601
Position: -66.1467 -99.37 -1107.12 Orientation: -0.214075 0.126605 -0.0791366 0.965339 Time: 40607530088086
Position: -66.1433 -99.3667 -1107.13 Orientation: -0.214218 0.125811 -0.0791066 0.965414 Time: 40607667315099
Position: -66.1567 -99.3667 -1107.12 Orientation: -0.214213 0.126975 -0.0791383 0.96526 Time: 40607759769795
Position: -66.1533 -99.3633 -1107.11 Orientation: -0.214376 0.126072 -0.0791699 0.96534 Time: 40607899645670
Position: -66.15 -99.3667 -1107.1 Orientation: -0.214277 0.12594 -0.0791373 0.965382 Time: 40608043245618
Position: -66.15 -99.3633 -1107.09 Orientation: -0.214246 0.125907 -0.0791713 0.96539 Time: 40608184709024
Position: -66.15 -99.37 -1107.1 Orientation: -0.214213 0.126241 -0.079138 0.965357 Time: 40608284350095
Position: -66.1567 -99.37 -1107.1 Orientation: -0.214314 0.126775 -0.0791386 0.965264 Time: 40608430746614
Position: -66.14 -99.3667 -1107.08 Orientation: -0.214146 0.125574 -0.0791381 0.965458 Time: 40608571080062
Position: -66.1633 -99.37 -1107.12 Orientation: -0.214449 0.127276 -0.0791389 0.965168 Time: 40608713838244
Position: -66.17 -99.3667 -1107.1 Orientation: -0.214243 0.127306 -0.0791369 0.96521 Time: 40608855763404
Position: -66.1633 -99.36 -1107.1 Orientation: -0.214412 0.126674 -0.0791379 0.965256 Time: 40608945114327
Position: -66.17 -99.3733 -1107.12 Orientation: -0.214113 0.127108 -0.0792049 0.965259 Time: 40609087102601
Position: -66.1533 -99.3633 -1107.08 Orientation: -0.214218 0.126511 -0.0792067 0.965314 Time: 40609227017637
Position: -66.16 -99.3633 -1107.1 Orientation: -0.214089 0.126613 -0.0791417 0.965335 Time: 40609371238454
Position: -66.17 -99.36 -1107.12 Orientation: -0.214247 0.126908 -0.0791384 0.965261 Time: 40609506312196
Position: -66.17 -99.36 -1107.09 Orientation: -0.214257 0.126781 -0.0791754 0.965273 Time: 40609654004441
Position: -66.1667 -99.3633 -1107.09 Orientation: -0.214316 0.126676 -0.0791727 0.965274 Time: 40609789554386
Position: -66.1633 -99.3667 -1107.11 Orientation: -0.213949 0.125809 -0.0791723 0.965469 Time: 40609929029910
Position: -66.17 -99.3667 -1107.09 Orientation: -0.214352 0.126277 -0.0792067 0.965315 Time: 40610087420069
Position: -66.1767 -99.37 -1107.11 Orientation: -0.214285 0.127144 -0.0792068 0.965216 Time: 40610198665835
Position: -66.1733 -99.36 -1107.09 Orientation: -0.21441 0.126772 -0.0791369 0.965243 Time: 40610349744342
Position: -66.1833 -99.3667 -1107.12 Orientation: -0.214279 0.127374 -0.0792045 0.965188 Time: 40610489718310
Position: -66.1767 -99.36 -1107.08 Orientation: -0.214249 0.126309 -0.0791724 0.965337 Time: 40610593201315
Position: -66.18 -99.3633 -1107.09 Orientation: -0.214444 0.12664 -0.0792039 0.965248 Time: 40610788668327
Position: -66.19 -99.3667 -1107.12 Orientation: -0.214279 0.127374 -0.0791713 0.96519 Time: 40610880509378
Position: -66.18 -99.36 -1107.09 Orientation: -0.213983 0.126476 -0.0791727 0.965374 Time: 40611020214733
Position: -66.1967 -99.3733 -1107.13 Orientation: -0.213785 0.127744 -0.0791736 0.965251 Time: 40611163601198
Position: -66.1867 -99.3667 -1107.13 Orientation: -0.21372 0.126779 -0.0791742 0.965392 Time: 40611264795581
Position: -66.19 -99.3733 -1107.12 Orientation: -0.214015 0.126742 -0.079172 0.965332 Time: 40611458532677
Position: -66.1967 -99.3733 -1107.11 Orientation: -0.21408 0.127408 -0.079205 0.965227 Time: 40611550890992
Position: -66.1967 -99.3667 -1107.13 Orientation: -0.213879 0.127008 -0.0792047 0.965324 Time: 40611690396932
Position: -66.19 -99.3667 -1107.09 Orientation: -0.214084 0.126777 -0.0792062 0.965309 Time: 40611833179826
Position: -66.1933 -99.3733 -1107.12 Orientation: -0.214112 0.127174 -0.0791711 0.965254 Time: 40612005415017
Position: -66.19 -99.37 -1107.12 Orientation: -0.214245 0.126973 -0.0791708 0.965251 Time: 40612096727207
Position: -66.1867 -99.37 -1107.09 Orientation: -0.214147 0.126541 -0.0792049 0.965326 Time: 40612236406519
Position: -66.1967 -99.3733 -1107.12 Orientation: -0.213716 0.127209 -0.0791724 0.965337 Time: 40612382417323
Position: -66.1767 -99.3633 -1107.09 Orientation: -0.213951 0.125477 -0.0791399 0.965514 Time: 40612484406327
Position: -66.1967 -99.3767 -1107.1 Orientation: -0.214111 0.12644 -0.0792039 0.965348 Time: 40612629605592
Position: -66.19 -99.37 -1107.1 Orientation: -0.214184 0.126343 -0.0792063 0.965344 Time: 40612767550045
Position: -66.2067 -99.3733 -1107.12 Orientation: -0.214051 0.127311 -0.0792065 0.965246 Time: 40612911248084
Position: -66.1967 -99.3733 -1107.1 Orientation: -0.21425 0.126743 -0.0792394 0.965274 Time: 40613053047779
Position: -66.1933 -99.37 -1107.08 Orientation: -0.214256 0.126247 -0.0792419 0.965338 Time: 40613144643790
Position: -66.21 -99.3767 -1107.13 Orientation: -0.213742 0.127372 -0.0792033 0.965307 Time: 40613332306029
Position: -66.1967 -99.37 -1107.08 Orientation: -0.21381 0.126473 -0.0791704 0.965413 Time: 40613473028042
Position: -66.1967 -99.37 -1107.1 Orientation: -0.214174 0.126204 -0.0792026 0.965365 Time: 40613562540170
Position: -66.1967 -99.3733 -1107.09 Orientation: -0.214189 0.126413 -0.0792082 0.965334 Time: 40613703027409
Position: -66.23 -99.38 -1107.15 Orientation: -0.213918 0.128778 -0.0792067 0.965081 Time: 40613847875748
Position: -66.2067 -99.37 -1107.08 Orientation: -0.214117 0.126977 -0.0792062 0.965276 Time: 40613939166267
Position: -66.19 -99.37 -1107.08 Orientation: -0.214051 0.125543 -0.0792064 0.965478 Time: 40614078510051
Position: -66.2033 -99.3767 -1107.1 Orientation: -0.214121 0.126579 -0.0792077 0.965327 Time: 40614220531403
Position: -66.2033 -99.37 -1107.08 Orientation: -0.214108 0.126005 -0.0792363 0.965403 Time: 40614393904155
Position: -66.2067 -99.37 -1107.09 Orientation: -0.214145 0.126307 -0.0792378 0.965355 Time: 40614483853895
Position: -66.1967 -99.3733 -1107.09 Orientation: -0.214216 0.126043 -0.0792394 0.965373 Time: 40614623633009
Position: -66.2267 -99.3833 -1107.15 Orientation: -0.213881 0.127975 -0.0792052 0.965196 Time: 40614765665196
Position: -66.2233 -99.38 -1107.12 Orientation: -0.213947 0.127875 -0.0792051 0.965195 Time: 40614857745014
Position: -66.2 -99.3733 -1107.08 Orientation: -0.213946 0.126108 -0.0792381 0.965425 Time: 40614997604731
Position: -66.21 -99.3733 -1107.09 Orientation: -0.213956 0.12578 -0.0792083 0.965468 Time: 40615140769728
Position: -66.21 -99.3733 -1107.1 Orientation: -0.213944 0.126206 -0.079204 0.965415 Time: 40615242315227
Position: -66.2267 -99.3833 -1107.14 Orientation: -0.213851 0.127344 -0.0792733 0.965281 Time: 40615388146577
Position: -66.22 -99.3733 -1107.08 Orientation: -0.214275 0.127005 -0.0792031 0.965237 Time: 40615531508138
Position: -66.2167 -99.3833 -1107.09 Orientation: -0.214107 0.127071 -0.0792358 0.965263 Time: 40615673079902
Position: -66.2167 -99.3833 -1107.12 Orientation: -0.213985 0.126611 -0.0792733 0.965348 Time: 40615813661431
Position: -66.2267 -99.38 -1107.11 Orientation: -0.213954 0.127313 -0.0792745 0.965262 Time: 40615912562060
Position: -66.2167 -99.3833 -1107.1 Orientation: -0.21415 0.12641 -0.0792062 0.965343 Time: 40616058442075
Position: -66.2267 -99.38 -1107.12 Orientation: -0.213989 0.126713 -0.0792749 0.965333 Time: 40616203448767
Position: -66.22 -99.3867 -1107.11 Orientation: -0.213848 0.126176 -0.0792723 0.965435 Time: 40616292817369
Position: -66.2133 -99.3833 -1107.1 Orientation: -0.214212 0.125907 -0.0792713 0.965389 Time: 40616433133518
Position: -66.2133 -99.3733 -1107.06 Orientation: -0.214079 0.125674 -0.0792045 0.965455 Time: 40616588904470
Position: -66.2167 -99.3733 -1107.07 Orientation: -0.213811 0.125906 -0.0792373 0.965481 Time: 40616682291419
Position: -66.2267 -99.3767 -1107.09 Orientation: -0.214017 0.126877 -0.0792395 0.965308 Time: 40616823722318
Position: -66.2233 -99.3767 -1107.1 Orientation: -0.214048 0.126609 -0.0792722 0.965334 Time: 40616966271009
Position: -66.2367 -99.3833 -1107.09 Orientation: -0.213744 0.127507 -0.0792708 0.965283 Time: 40617105289531
Position: -66.2333 -99.38 -1107.11 Orientation: -0.213947 0.126575 -0.0792385 0.965363 Time: 40617244959147
Position: -66.2333 -99.39 -1107.11 Orientation: -0.213682 0.126443 -0.0792724 0.965437 Time: 40617338171394
Position: -66.24 -99.38 -1107.11 Orientation: -0.213883 0.127343 -0.0792727 0.965274 Time: 40617479754754
Position: -66.2233 -99.3767 -1107.07 Orientation: -0.214344 0.12574 -0.0792707 0.965382 Time: 40617618961285
Position: -66.2333 -99.3833 -1107.09 Orientation: -0.21421 0.126473 -0.0793038 0.965313 Time: 40617712348045
Position: -66.2433 -99.3833 -1107.1 Orientation: -0.214149 0.127442 -0.0792723 0.965202 Time: 40617852588914
