Position: -65.08 -34.4033 -1145.35 Orientation: 0.000100008 0.0870406 0.0156013 0.996083 Time: 40454003205286
Position: -65.12 -34.39 -1145.43 Orientation: 3.33353e-005 0.0905387 0.016301 0.99576 Time: 40454150238832
Position: -65.1167 -34.3967 -1145.45 Orientation: 6.6671e-005 0.0901392 0.0161677 0.995798 Time: 40454383428659
Position: -65.1133 -34.3933 -1145.42 Orientation: -6.66708e-005 0.0898055 0.0161677 0.995828 Time: 40454242756831
Position: -65.1167 -34.4033 -1145.42 Orientation: -3.33347e-005 0.090037 0.016134 0.995808 Time: 40454486973446
Position: -65.1033 -34.3967 -1145.39 Orientation: -6.66715e-005 0.0893398 0.0160345 0.995872 Time: 40454634020489
Position: -65.1067 -34.3967 -1145.4 Orientation: -0.000100006 0.0895051 0.0161009 0.995856 Time: 40454748038683
Position: -65.0967 -34.4 -1145.39 Orientation: -0.000100007 0.0886396 0.0159011 0.995937 Time: 40454897259147
Position: -65.1 -34.3967 -1145.4 Orientation: 0.000266681 0.088838 0.0159008 0.995919 Time: 40455044866226
Position: -65.1 -34.3933 -1145.44 Orientation: 0.000500033 0.0890392 0.0160011 0.995899 Time: 40455135607545
Position: -65.1167 -34.3967 -1145.46 Orientation: 3.33349e-005 0.089971 0.0161008 0.995814 Time: 40455273184533
Position: -65.1333 -34.39 -1145.44 Orientation: -0.000100002 0.0916685 0.0165003 0.995653 Time: 40455413644398
Position: -65.1367 -34.3833 -1145.46 Orientation: 0.000100003 0.0916024 0.0164671 0.995659 Time: 40455506990476
Position: -65.0867 -34.4033 -1145.39 Orientation: -0.000166674 0.0885374 0.0159341 0.995945 Time: 40455647297500
Position: -65.1033 -34.3967 -1145.43 Orientation: 6.66713e-005 0.0893729 0.0160344 0.995869 Time: 40455750588693
Position: -65.1 -34.4033 -1145.41 Orientation: -3.33351e-005 0.0891715 0.0160342 0.995887 Time: 40455897251353
Position: -65.0933 -34.41 -1145.41 Orientation: -0.00020001 0.088838 0.0159342 0.995919 Time: 40456039137543
Position: -65.11 -34.4067 -1145.45 Orientation: -0.000100003 0.0901361 0.0162338 0.995797 Time: 40456130701237
Position: -65.0933 -34.4033 -1145.39 Orientation: 0.000300024 0.0881737 0.0158013 0.99598 Time: 40456271466023
Position: -65.1133 -34.4067 -1145.44 Orientation: 0 0.0897725 0.0161344 0.995832 Time: 40456414297204
Position: -65.1133 -34.4033 -1145.42 Orientation: -0.000200009 0.0900039 0.0161674 0.99581 Time: 40456505622511
Position: -65.0833 -34.41 -1145.4 Orientation: 0.000266686 0.0879063 0.0157345 0.996004 Time: 40456645590206
Position: -65.09 -34.41 -1145.42 Orientation: 0.000200011 0.0884714 0.0158342 0.995953 Time: 40456790114232
Position: -65.11 -34.41 -1145.45 Orientation: -0.000200013 0.0898056 0.016101 0.995829 Time: 40456880129556
Position: -65.1133 -34.4067 -1145.41 Orientation: 3.33343e-005 0.0898026 0.0161338 0.995829 Time: 40457020162265
Position: -65.11 -34.4 -1145.42 Orientation: 0.000133345 0.0898747 0.0161014 0.995823 Time: 40457161147949
Position: -65.1033 -34.4067 -1145.41 Orientation: 0.000133342 0.0894059 0.0160344 0.995866 Time: 40457256123379
Position: -65.1 -34.4067 -1145.42 Orientation: -0.000100008 0.0892406 0.0160346 0.995881 Time: 40457393490876
Position: -65.0933 -34.4033 -1145.4 Orientation: 0.000133344 0.0889401 0.0159346 0.995909 Time: 40457536961176
Position: -65.1 -34.4033 -1145.42 Orientation: 0.000133339 0.0896704 0.0160673 0.995842 Time: 40457678752125
Position: -65.0867 -34.4033 -1145.39 Orientation: 0.000133337 0.0880356 0.0158004 0.995992 Time: 40457768572596
Position: -65.0933 -34.41 -1145.39 Orientation: 0 0.0882369 0.0158673 0.995973 Time: 40457908459497
Position: -65.1167 -34.4 -1145.44 Orientation: 0.000100006 0.0898386 0.0161676 0.995825 Time: 40458050523242
Position: -65.1033 -34.41 -1145.42 Orientation: 0.000100007 0.0894059 0.0160677 0.995866 Time: 40458142523977
Position: -65.0967 -34.4067 -1145.4 Orientation: 0.000100008 0.0889401 0.0159679 0.995909 Time: 40458282796212
Position: -65.1033 -34.4033 -1145.41 Orientation: 0.000166674 0.0896373 0.0161007 0.995844 Time: 40458426995357
Position: -65.1033 -34.4133 -1145.42 Orientation: -0.000233343 0.0896704 0.0161007 0.995841 Time: 40458517593150
Position: -65.11 -34.4 -1145.45 Orientation: 0.000133341 0.0902052 0.0162343 0.995791 Time: 40458706246764
Position: -65.1133 -34.4033 -1145.45 Orientation: -6.66688e-005 0.0904696 0.0163005 0.995766 Time: 40458798719899
Position: -65.1267 -34.4033 -1145.47 Orientation: -0.000166675 0.090671 0.0163008 0.995747 Time: 40458938563648
Position: -65.0967 -34.41 -1145.38 Orientation: 7.27619e-012 0.0883362 0.0158005 0.995965 Time: 40459079974777
Position: -65.0933 -34.41 -1145.39 Orientation: 0.000133338 0.0883362 0.0158005 0.995965 Time: 40459172540871
Position: -65.1167 -34.4033 -1145.42 Orientation: -0.000266684 0.0901391 0.016201 0.995797 Time: 40459312880022
Position: -65.1067 -34.4033 -1145.42 Orientation: -0.000100006 0.0898717 0.0161342 0.995823 Time: 40459456131515
Position: -65.1067 -34.3967 -1145.44 Orientation: 6.66698e-005 0.0899709 0.0161674 0.995813 Time: 40459546886711
Position: -65.0967 -34.4 -1145.4 Orientation: 3.3335e-005 0.088871 0.0159674 0.995915 Time: 40459687502839
Position: -65.0933 -34.4067 -1145.4 Orientation: 0 0.0890062 0.0159678 0.995903 Time: 40459791232405
Position: -65.1067 -34.4033 -1145.42 Orientation: 0.000133341 0.0895051 0.0161009 0.995856 Time: 40459936676329
Position: -65.1133 -34.4033 -1145.44 Orientation: 0 0.0897696 0.0161005 0.995832 Time: 40460079791710
Position: -65.1167 -34.3967 -1145.43 Orientation: 0.000133339 0.0900369 0.0162007 0.995807 Time: 40460220862938
Position: -65.1167 -34.4 -1145.44 Orientation: -3.33355e-005 0.0901391 0.016201 0.995797 Time: 40460311284698
Position: -65.11 -34.4033 -1145.44 Orientation: 0 0.090103 0.0162339 0.9958 Time: 40460451098980
Position: -65.1067 -34.4067 -1145.42 Orientation: 6.66711e-005 0.0897726 0.0161011 0.995832 Time: 40460593597485
Position: -65.1133 -34.3967 -1145.43 Orientation: 0.000266683 0.0901722 0.016201 0.995794 Time: 40460685356222
Position: -65.12 -34.4 -1145.46 Orientation: 0.000233351 0.0907401 0.0163012 0.995741 Time: 40460826479919
Position: -65.1 -34.4067 -1145.41 Orientation: 0.000266678 0.0889372 0.015934 0.99591 Time: 40460969400826
Position: -65.12 -34.3967 -1145.48 Orientation: 0.000100006 0.0908722 0.016401 0.995727 Time: 40461111293290
Position: -65.09 -34.4167 -1145.4 Orientation: 3.33359e-005 0.0882068 0.0158345 0.995976 Time: 40461248559654
Position: -65.0933 -34.4133 -1145.41 Orientation: 3.33359e-005 0.0882068 0.0158345 0.995976 Time: 40461340305464
Position: -65.1033 -34.4033 -1145.41 Orientation: 0.000200012 0.0891385 0.0160009 0.995891 Time: 40461481163020
Position: -65.1033 -34.4067 -1145.43 Orientation: -3.33359e-005 0.0892737 0.0160346 0.995878 Time: 40461623575979
Position: -65.1167 -34.3967 -1145.43 Orientation: 0 0.0908061 0.0163678 0.995734 Time: 40461715157922
Position: -65.1033 -34.41 -1145.42 Orientation: -0.000133338 0.0893368 0.0160673 0.995872 Time: 40461855974226
Position: -65.1033 -34.4033 -1145.43 Orientation: 6.66703e-005 0.0895382 0.0160675 0.995854 Time: 40461999562768
Position: -65.1167 -34.4033 -1145.46 Orientation: -0.000133343 0.0907731 0.0163345 0.995738 Time: 40462090252379
Position: -65.1133 -34.4 -1145.45 Orientation: 6.66693e-005 0.0904035 0.0162673 0.995772 Time: 40462277972028
Position: -65.1067 -34.4033 -1145.42 Orientation: 0.000166672 0.0897695 0.0161339 0.995832 Time: 40462370177122
Position: -65.1167 -34.4067 -1145.44 Orientation: -3.33358e-005 0.09004 0.0161679 0.995807 Time: 40462510285681
Position: -65.13 -34.4033 -1145.47 Orientation: -3.33363e-005 0.0912749 0.0164681 0.99569 Time: 40462613980648
Position: -65.1067 -34.41 -1145.42 Orientation: -0.000166681 0.0895742 0.0161013 0.99585 Time: 40462761366260
Position: -65.1133 -34.41 -1145.46 Orientation: -0.000266676 0.0904697 0.0162672 0.995766 Time: 40462900823154
Position: -65.1067 -34.41 -1145.42 Orientation: 0.00020001 0.0896043 0.0160674 0.995848 Time: 40463041310013
Position: -65.11 -34.4133 -1145.44 Orientation: 0.000100007 0.0893398 0.0160345 0.995872 Time: 40463184676137
Position: -65.1167 -34.4 -1145.43 Orientation: -0.000100006 0.0901391 0.0162344 0.995797 Time: 40463324144437
Position: -65.1167 -34.4 -1145.45 Orientation: 0.000133345 0.0902082 0.0162348 0.995791 Time: 40463416045560
Position: -65.11 -34.4 -1145.42 Orientation: 6.66706e-005 0.089472 0.016101 0.995859 Time: 40463555574121
Position: -65.0967 -34.4067 -1145.41 Orientation: 0.000333349 0.0881708 0.0158007 0.99598 Time: 40463700135788
Position: -65.11 -34.4067 -1145.41 Orientation: -0.000200008 0.0893368 0.016034 0.995872 Time: 40463791117013
Position: -65.1 -34.4067 -1145.4 Orientation: -0.000166679 0.0893398 0.0160678 0.995872 Time: 40463931133374
Position: -65.11 -34.4033 -1145.45 Orientation: 0.00013334 0.0902713 0.0162342 0.995785 Time: 40464072846572
Position: -65.1267 -34.41 -1145.46 Orientation: -0.000133337 0.0912358 0.0164671 0.995693 Time: 40464215271698
Position: -65.1233 -34.4033 -1145.48 Orientation: -6.6668e-005 0.0906018 0.0163337 0.995753 Time: 40464304923739
Position: -65.1033 -34.4133 -1145.4 Orientation: 0.00026668 0.0885044 0.0158675 0.995949 Time: 40464445958849
Position: -65.11 -34.4133 -1145.43 Orientation: -0.000166681 0.0895411 0.0161014 0.995853 Time: 40464585883010
Position: -65.0967 -34.4 -1145.45 Orientation: 0.000166679 0.0896402 0.0161679 0.995843 Time: 40464730830011
Position: -65.1033 -34.4033 -1145.42 Orientation: 0.000100004 0.0896704 0.0161007 0.995841 Time: 40464819799781
Position: -65.0967 -34.4067 -1145.42 Orientation: 0.000100006 0.0895051 0.0161009 0.995856 Time: 40464959325872
Position: -65.0967 -34.4167 -1145.39 Orientation: -6.66699e-005 0.088871 0.0159674 0.995915 Time: 40465115385967
Position: -65.1067 -34.4067 -1145.39 Orientation: 6.66707e-005 0.0891054 0.016001 0.995894 Time: 40465209269840
Position: -65.12 -34.4 -1145.43 Orientation: -6.6673e-005 0.0901752 0.0162015 0.995794 Time: 40465350242786
Position: -65.1233 -34.3967 -1145.44 Orientation: -3.33346e-005 0.0911367 0.0163673 0.995704 Time: 40465494704080
Position: -65.1067 -34.4 -1145.43 Orientation: 0.000300015 0.0895713 0.0160342 0.995851 Time: 40465584216968
Position: -65.1067 -34.4033 -1145.42 Orientation: 3.33359e-005 0.0896403 0.0160679 0.995845 Time: 40465725763258
Position: -65.1 -34.41 -1145.42 Orientation: 6.66717e-005 0.0893068 0.0160012 0.995876 Time: 40465869131853
Position: -65.1067 -34.4067 -1145.42 Orientation: 3.33357e-005 0.0893398 0.0160345 0.995872 Time: 40466005612911
Position: -65.1133 -34.4033 -1145.44 Orientation: 0.000466684 0.0900701 0.0161673 0.995804 Time: 40466098767557
Position: -65.1233 -34.3967 -1145.46 Orientation: 0.000266685 0.0904397 0.0162011 0.99577 Time: 40466239382164
Position: -65.1033 -34.4 -1145.42 Orientation: 0.000200013 0.0894059 0.0160344 0.995866 Time: 40466381976860
Position: -65.1233 -34.4 -1145.48 Orientation: 3.33347e-005 0.0903705 0.0162674 0.995775 Time: 40466472850868
Position: -65.1067 -34.4067 -1145.42 Orientation: 6.66703e-005 0.0891715 0.0160009 0.995888 Time: 40466613359779
