Position: -5.97 25.2267 -959.18 Orientation: -0.120674 0.05417 -0.0403024 0.990393 Time: 1379296308546
Position: -5.96333 25.2267 -959.157 Orientation: -0.120576 0.0541041 -0.0403031 0.990409 Time: 1379534822171
Position: -5.95667 25.2267 -959.11 Orientation: -0.120739 0.0529026 -0.0404353 0.990449 Time: 1379779505928
Position: -5.96333 25.22 -959.13 Orientation: -0.120706 0.054336 -0.0402686 0.990382 Time: 1380053047511
Position: -5.97 25.2333 -959.177 Orientation: -0.120574 0.0544698 -0.040269 0.990391 Time: 1380284081202
Position: -5.96 25.23 -959.13 Orientation: -0.120607 0.0537697 -0.0403356 0.990422 Time: 1380544775708
Position: -5.95333 25.2267 -959.123 Orientation: -0.120643 0.0532708 -0.0403698 0.990443 Time: 1380792531510
Position: -5.96333 25.2267 -959.153 Orientation: -0.120638 0.0540354 -0.0403016 0.990405 Time: 1381031040762
Position: -5.95333 25.2233 -959.16 Orientation: -0.120706 0.0537358 -0.0403352 0.990412 Time: 1381385796852
Position: -5.96 25.2233 -959.133 Orientation: -0.120805 0.0541691 -0.0403018 0.990377 Time: 1381725582428
Position: -5.95333 25.2267 -959.207 Orientation: -0.12034 0.0537364 -0.0403356 0.990456 Time: 1382009701652
Position: -5.94667 25.2267 -959.143 Orientation: -0.120608 0.0535369 -0.0403694 0.990433 Time: 1382313733272
Position: -5.94333 25.2233 -959.15 Orientation: -0.120775 0.0536706 -0.0403696 0.990405 Time: 1382606633486
Position: -5.95333 25.2267 -959.147 Orientation: -0.120771 0.0538018 -0.0403347 0.9904 Time: 1382853049830
Position: -5.95667 25.2267 -959.143 Orientation: -0.120742 0.0543707 -0.040303 0.990374 Time: 1383140585182
Position: -5.94667 25.2233 -959.113 Orientation: -0.120938 0.0533353 -0.0404015 0.990403 Time: 1383487413078
Position: -5.95667 25.2267 -959.167 Orientation: -0.120611 0.0543384 -0.0403037 0.990392 Time: 1383765733247
Position: -5.95 25.2267 -959.16 Orientation: -0.120606 0.0539026 -0.0403353 0.990415 Time: 1384009230769
Position: -5.95 25.2267 -959.127 Orientation: -0.120741 0.05397 -0.0403358 0.990395 Time: 1384343846149
Position: -5.95667 25.2267 -959.13 Orientation: -0.121042 0.0544371 -0.0402695 0.990335 Time: 1384632401777
Position: -5.96 25.23 -959.163 Orientation: -0.120738 0.0544355 -0.0402683 0.990372 Time: 1384873017547
Position: -5.95667 25.2333 -959.133 Orientation: -0.120572 0.054069 -0.0403351 0.99041 Time: 1385112639465
Position: -5.96 25.23 -959.14 Orientation: -0.12084 0.0544365 -0.0403024 0.990359 Time: 1385399238186
Position: -5.96333 25.23 -959.143 Orientation: -0.120939 0.0544359 -0.0403019 0.990347 Time: 1385721593713
Position: -5.95 25.23 -959.133 Orientation: -0.120843 0.0539711 -0.04037 0.990381 Time: 1385955025158
Position: -5.94667 25.23 -959.133 Orientation: -0.120645 0.0534054 -0.0404374 0.990433 Time: 1386157442264
Position: -5.95 25.23 -959.133 Orientation: -0.120642 0.0534037 -0.0403695 0.990436 Time: 1386490546335
Position: -5.57333 25.54 -959.847 Orientation: -0.12361 0.0546043 -0.0441368 0.989844 Time: 1386726569816
Position: -4.39 27.3933 -962.03 Orientation: -0.12924 0.056103 -0.0467692 0.98892 Time: 1386999368861
Position: 0.35 32.0333 -970.907 Orientation: -0.13081 0.0542377 -0.0489372 0.988712 Time: 1387237014482
Position: 4.65667 37.6567 -978.88 Orientation: -0.129308 0.0522699 -0.0466029 0.989129 Time: 1387556044940
Position: 9.40667 44.0667 -987.863 Orientation: -0.12761 0.052404 -0.0458702 0.989376 Time: 1387830326588
Position: 15.14 51.77 -998.62 Orientation: -0.123511 0.0546047 -0.0419369 0.989952 Time: 1388068015742
Position: 19.97 59.5033 -1007.71 Orientation: -0.118406 0.056103 -0.0361353 0.99072 Time: 1388308503383
Position: 25.45 68.96 -1017.82 Orientation: -0.109571 0.0567021 -0.0289678 0.991937 Time: 1388646890001
Position: 29.5267 76.15 -1025.35 Orientation: -0.103671 0.0553691 -0.0241011 0.992777 Time: 1388881829523
Position: 34.8267 83.8433 -1035.31 Orientation: -0.0929719 0.0520696 -0.0172676 0.994156 Time: 1389123778477
Position: 43.8267 92.31 -1052.37 Orientation: -0.0656705 0.0492029 -0.00220013 0.996625 Time: 1389418048943
Position: 53.4033 97.1433 -1070.8 Orientation: -0.0263023 0.0470708 0.0177682 0.998387 Time: 1389710697271
Position: 59.9333 96.65 -1083.23 Orientation: 0.0204339 0.0396678 0.0376011 0.998296 Time: 1389943606317
Position: 63.4167 94.37 -1090.16 Orientation: 0.0530717 0.0387037 0.0543052 0.996362 Time: 1390186418522
Position: 66.72 88.8567 -1096.93 Orientation: 0.102537 0.0361346 0.078936 0.990934 Time: 1390456886159
Position: 72.01 80.8267 -1102.55 Orientation: 0.14475 0.045972 0.109513 0.982314 Time: 1390745833967
Position: 76.8467 67.4733 -1107.53 Orientation: 0.19012 0.0391375 0.134348 0.971737 Time: 1390978543976
Position: 84.4567 50.3467 -1112.94 Orientation: 0.237745 0.0376685 0.166675 0.956179 Time: 1391247324460
Position: 91.6 32.6367 -1119.29 Orientation: 0.272524 0.0374699 0.196384 0.941148 Time: 1391549775765
Position: 93.83 14.51 -1127.7 Orientation: 0.301926 0.0398367 0.220552 0.926612 Time: 1391823301569
Position: 94.71 1.10333 -1136.22 Orientation: 0.327099 0.0398706 0.23979 0.913191 Time: 1392058041293
Position: 95.42 -12.64 -1140.56 Orientation: 0.343393 0.0379362 0.252553 0.903803 Time: 1392295572662
Position: 96.14 -38.6833 -1142.03 Orientation: 0.359143 0.0364377 0.265965 0.893841 Time: 1392624952260
Position: 95.9833 -54.47 -1144.19 Orientation: 0.376211 0.0379045 0.278933 0.882737 Time: 1392860015348
Position: 94.2833 -69.4833 -1144.81 Orientation: 0.385393 0.0391694 0.287253 0.876027 Time: 1393091279253
Position: 92.6633 -85.7767 -1139.01 Orientation: 0.386861 0.043003 0.288687 0.874728 Time: 1393329121818
Position: 83.33 -105.243 -1121.01 Orientation: 0.365393 0.0462366 0.279287 0.886763 Time: 1393654659460
Position: 72.4133 -113.86 -1110.24 Orientation: 0.356393 0.0645714 0.269586 0.892266 Time: 1393889780529
Position: 64.6333 -115.23 -1106.21 Orientation: 0.355683 0.0644697 0.266746 0.893409 Time: 1394169454413
Position: 66.79 -110.473 -1103.66 Orientation: 0.358062 0.0696057 0.271055 0.890772 Time: 1394405976152
Position: 97.5567 -98.91 -1120.66 Orientation: 0.369541 0.0555728 0.298433 0.878231 Time: 1394712161815
Position: 118.937 -96.53 -1144.41 Orientation: 0.385626 0.0498367 0.309988 0.867592 Time: 1394944427936
Position: 128.227 -96.0767 -1167.99 Orientation: 0.392887 0.039502 0.312816 0.863844 Time: 1395177461308
Position: 136.003 -88.1467 -1191.28 Orientation: 0.400929 0.0295355 0.308689 0.862029 Time: 1395475853561
Position: 144.723 -69.95 -1206.69 Orientation: 0.407859 0.0157677 0.30882 0.859088 Time: 1395732902106
Position: 144.69 -49.9367 -1219.19 Orientation: 0.411825 0.0131341 0.302985 0.859318 Time: 1395973473962
Position: 146.06 -28.7467 -1231.51 Orientation: 0.41835 0.0212009 0.300612 0.856835 Time: 1396206649910
Position: 146.75 -7.01 -1240.42 Orientation: 0.414144 0.0263028 0.294965 0.860691 Time: 1396492983629
Position: 144.17 19.9833 -1245.46 Orientation: 0.407994 0.0268685 0.284352 0.867158 Time: 1396772921184
Position: 140.533 50.3233 -1242.72 Orientation: 0.38749 0.0287017 0.267582 0.881719 Time: 1397049642598
Position: 136.81 73.33 -1237.48 Orientation: 0.352775 0.0266365 0.243762 0.903006 Time: 1397285598214
Position: 131.543 97.5733 -1226.4 Orientation: 0.301483 0.0330054 0.219736 0.927219 Time: 1397536309337
Position: 122.81 121.65 -1207.5 Orientation: 0.251066 0.038205 0.193692 0.947623 Time: 1397838814441
Position: 113.657 135.51 -1187.48 Orientation: 0.207652 0.043404 0.174383 0.961555 Time: 1398043832328
Position: 101.66 148.05 -1158.04 Orientation: 0.153485 0.0437719 0.148051 0.976016 Time: 1398288873667
Position: 91.9367 154.417 -1129.91 Orientation: 0.101807 0.0523034 0.126842 0.985297 Time: 1398529892453
Position: 71.2133 157.25 -1087.45 Orientation: 0.0403716 0.0653747 0.094845 0.992522 Time: 1398824790636
Position: 52.08 155.933 -1050.72 Orientation: -0.018102 0.0735082 0.0639405 0.995078 Time: 1399059772550
Position: 31.8833 149.467 -1010.93 Orientation: -0.068071 0.0812052 0.0392025 0.993597 Time: 1399340542561
Position: 11.5333 139.95 -976.05 Orientation: -0.111172 0.0821705 0.0130339 0.990313 Time: 1399591796995
Position: -12.13 131.08 -935.477 Orientation: -0.168848 0.0735064 -0.0148013 0.982786 Time: 1399878117026
Position: -35.8533 123.097 -892.43 Orientation: -0.212946 0.0701375 -0.0374355 0.973824 Time: 1400158095073
Position: -47.96 113.79 -865.24 Orientation: -0.222183 0.0729387 -0.049637 0.971005 Time: 1400360764064
Position: -57.6467 90.34 -833.203 Orientation: -0.228349 0.0848392 -0.0540704 0.968367 Time: 1400646393456
Position: -68.1133 67.0867 -818.733 Orientation: -0.227048 0.0797384 -0.0560369 0.968995 Time: 1400887324604
Position: -76.85 36.2667 -810.777 Orientation: -0.217647 0.078705 -0.0537701 0.971362 Time: 1401169498516
Position: -80.55 9.25667 -805.407 Orientation: -0.214378 0.0797708 -0.0503693 0.972184 Time: 1401406880086
Position: -79.1133 -18.1333 -804.093 Orientation: -0.217948 0.0797052 -0.0434362 0.97173 Time: 1401710211942
Position: -73.55 -42.8733 -814.497 Orientation: -0.224356 0.0794079 -0.0490049 0.97003 Time: 1401949217930
Position: -61.9833 -68.3633 -835.233 Orientation: -0.228882 0.0691713 -0.0595706 0.969164 Time: 1402228625482
Position: -52.7633 -82.7267 -853.167 Orientation: -0.234419 0.0669387 -0.0614716 0.967878 Time: 1402431261965
Position: -33.7367 -106.763 -884.323 Orientation: -0.17298 0.0801728 -0.0285355 0.981242 Time: 1402723005219
Position: -18.8667 -121.88 -905.747 Orientation: -0.141617 0.0865101 -0.00616739 0.986115 Time: 1402969298187
Position: -1.59333 -139.48 -937.09 Orientation: -0.103042 0.0863736 0.0145345 0.990813 Time: 1403206500680
Position: 15.9833 -151.947 -979.167 Orientation: -0.0670357 0.0717692 0.0325011 0.994635 Time: 1403489781555
Position: 32.4033 -156.06 -1017.76 Orientation: -0.0286361 0.0628061 0.045071 0.996596 Time: 1403743451612
Position: 49.8233 -156.38 -1057.41 Orientation: 0.0032335 0.0566029 0.0606031 0.996551 Time: 1404024435297
Position: 66.59 -154.41 -1097.63 Orientation: 0.0368363 0.054171 0.071139 0.995313 Time: 1404264867429
Position: 85.1867 -154.45 -1135.09 Orientation: 0.0593352 0.0538017 0.0853026 0.99313 Time: 1404512240555
Position: 101.467 -156.047 -1178.13 Orientation: 0.0855379 0.0486026 0.0958718 0.99052 Time: 1404824339904
Position: 116.563 -154.753 -1210.43 Orientation: 0.100541 0.0494705 0.110175 0.987576 Time: 1405061390506
Position: 128.473 -146.187 -1238.19 Orientation: 0.118275 0.0500035 0.119708 0.98447 Time: 1405302891390
Position: 139.577 -133.157 -1260.51 Orientation: 0.13688 0.0429375 0.127612 0.981395 Time: 1405544047999
Position: 158.583 -108.9 -1290.37 Orientation: 0.159238 0.039601 0.140937 0.976326 Time: 1405884234311
Position: 163.85 -87.86 -1304.52 Orientation: 0.171117 0.0384038 0.141614 0.974264 Time: 1406113678561
Position: 162.763 -61.0933 -1309.44 Orientation: 0.185848 0.035136 0.139611 0.971975 Time: 1406349344272
Position: 151.193 -46.4633 -1288.9 Orientation: 0.180847 0.0377029 0.133044 0.973741 Time: 1406649506562
Position: 143.737 -45.83 -1252.97 Orientation: 0.15748 0.0427704 0.128044 0.978251 Time: 1406944969156
Position: 134.8 -49.7333 -1214.61 Orientation: 0.130976 0.0480368 0.122309 0.982638 Time: 1407181643357
Position: 120.213 -51.6467 -1181.06 Orientation: 0.11044 0.0530032 0.11144 0.986192 Time: 1407412085831
Position: 100.94 -50.55 -1143.67 Orientation: 0.089238 0.052136 0.0978717 0.989818 Time: 1407693057350
Position: 86.02 -48.9833 -1105.91 Orientation: 0.0679356 0.0597354 0.0906364 0.991767 Time: 1407941912700
Position: 69.0767 -47.34 -1062.16 Orientation: 0.0432347 0.0667021 0.0811025 0.993531 Time: 1408219043974
Position: 54.99 -46.3 -1026.16 Orientation: 0.021701 0.0667696 0.0727365 0.994877 Time: 1408447597598
Position: 40.8833 -46.2833 -992.207 Orientation: 0.00376693 0.0629044 0.0643378 0.995936 Time: 1408741848294
Position: 28.0067 -43.5733 -964.393 Orientation: -0.00760032 0.0638027 0.0563357 0.996342 Time: 1409014548486
Position: 10.5533 -39.8967 -923.693 Orientation: -0.0301356 0.0714388 0.0478037 0.995843 Time: 1409252514047
Position: -8.68667 -35.2667 -884.56 Orientation: -0.0534356 0.0788034 0.0385683 0.99471 Time: 1409488742269
Position: -34.2067 -28.0867 -842.187 Orientation: -0.0786046 0.0848717 0.0242014 0.992992 Time: 1409776452895
Position: -63.6167 -19.94 -792.903 Orientation: -0.104343 0.0956086 0.00503379 0.989922 Time: 1410055435569
Position: -88.1533 -10.51 -758.89 Orientation: -0.124507 0.0994388 -0.0117006 0.987154 Time: 1410289826077
Position: -105.487 3.67 -735.673 Orientation: -0.138911 0.101108 -0.0251686 0.984808 Time: 1410530991241
Position: -113.563 25.3233 -733.903 Orientation: -0.14001 0.102841 -0.0288688 0.984372 Time: 1410810594787
Position: -112.933 45.25 -748.317 Orientation: -0.133775 0.0964724 -0.0318019 0.985792 Time: 1411047693105
Position: -106.717 69.6667 -763.657 Orientation: -0.130209 0.0974068 -0.0310355 0.986202 Time: 1411320997250
Position: -99.27 89.9067 -776.417 Orientation: -0.126904 0.0986029 -0.0283008 0.986596 Time: 1411523323677
Position: -86.6733 119.85 -798.247 Orientation: -0.123008 0.102006 -0.0251682 0.986828 Time: 1411830801462
Position: -72.38 149.873 -827.99 Orientation: -0.112243 0.0990752 -0.0204018 0.988519 Time: 1412101901378
Position: -63.1367 174.033 -853.85 Orientation: -0.101004 0.0948041 -0.0190341 0.990176 Time: 1412339282757
Position: -57.9067 194.46 -875.23 Orientation: -0.0898681 0.0933015 -0.019467 0.991383 Time: 1412574323033
Position: -47.5033 210.163 -899.663 Orientation: -0.0753712 0.0940057 -0.0132008 0.992627 Time: 1412861546998
Position: -33.3933 224.697 -925.447 Orientation: -0.0583369 0.0933057 -0.00050003 0.993927 Time: 1413095148393
Position: -21.71 243.07 -958.03 Orientation: -0.0309358 0.0941076 0.008234 0.995047 Time: 1413374523818
Position: -5.73333 250.523 -986.783 Orientation: -0.00903388 0.088272 0.0213346 0.995827 Time: 1413575232099
Position: 20.57 253.247 -1031.67 Orientation: 0.0250348 0.0847051 0.043836 0.995126 Time: 1413865507197
Position: 42.62 248.567 -1069.68 Orientation: 0.0500031 0.0763048 0.0598704 0.994029 Time: 1414109945533
Position: 61.7167 239.613 -1098.63 Orientation: 0.0683044 0.071738 0.0752715 0.992231 Time: 1414352779600
Position: 82.5867 225.3 -1129.11 Orientation: 0.0819389 0.0665378 0.0918062 0.990167 Time: 1414631606771
Position: 93.3833 209.11 -1136.49 Orientation: 0.0769368 0.0632029 0.0974711 0.990245 Time: 1414883149400
Position: 84.02 196.1 -1115.93 Orientation: 0.0554689 0.0748363 0.0859034 0.991939 Time: 1415127068758
Position: 59.0133 193.37 -1069.64 Orientation: 0.0104014 0.0941122 0.0577742 0.993829 Time: 1415397593805
Position: 37.5767 195.597 -1028.93 Orientation: -0.0254031 0.11028 0.0322372 0.993053 Time: 1415600059007
Position: 8.6 192.39 -956.707 Orientation: -0.0910114 0.113814 -0.000733425 0.989324 Time: 1415944193921
Position: -7.26 181.107 -915.58 Orientation: -0.122775 0.112108 -0.0149344 0.985969 Time: 1416179779219
Position: -8.59333 165.217 -907.25 Orientation: -0.118611 0.113711 -0.00580054 0.986391 Time: 1416417776337
Position: 7.8 145.393 -942.63 Orientation: -0.073144 0.108616 0.024837 0.991078 Time: 1416656701152
Position: 48.3 122.363 -1005.98 Orientation: -0.0101345 0.0863103 0.0732754 0.993518 Time: 1416949749455
Position: 78.46 105.287 -1051.94 Orientation: 0.0362035 0.0603392 0.101643 0.992329 Time: 1417189354263
Position: 89.4167 85.8167 -1076.13 Orientation: 0.0617369 0.0588367 0.116207 0.989557 Time: 1417432786961
Position: 77.2933 63.2533 -1053.69 Orientation: 0.0477698 0.0633708 0.109641 0.990798 Time: 1417673528769
Position: 44.7167 37.83 -997.843 Orientation: 0.00763405 0.0795408 0.0827744 0.99336 Time: 1417960191173
Position: 17.6767 19.4933 -946.71 Orientation: -0.0258023 0.0918416 0.0617389 0.993523 Time: 1418199656067
Position: 2.56 3.91667 -918.207 Orientation: -0.0402351 0.0986376 0.0546023 0.992809 Time: 1418443337798
Position: 10.6567 -13.8333 -936.557 Orientation: -0.0195347 0.0910396 0.0708049 0.993135 Time: 1418721287650
Position: 23.1867 -26.5533 -970.633 Orientation: 0.0148346 0.0793734 0.0882742 0.992818 Time: 1418971907524
Position: 46.1633 -41.9167 -1021.22 Orientation: 0.0624049 0.0655718 0.112576 0.989511 Time: 1419245872463
Position: 62.03 -51.58 -1055.56 Orientation: 0.0940801 0.0641758 0.134553 0.98434 Time: 1419444884846
Position: 78.25 -67.62 -1092.55 Orientation: 0.125574 0.0540366 0.155109 0.978393 Time: 1419726603464
Position: 67.76 -83.1633 -1080.99 Orientation: 0.11887 0.0550683 0.146738 0.980462 Time: 1419968008157
Position: 35.2467 -96.9767 -1027.75 Orientation: 0.0868391 0.070238 0.127742 0.985499 Time: 1420243673936
Position: 7.65333 -106.353 -983.693 Orientation: 0.0652048 0.0828395 0.111942 0.988107 Time: 1420478420695
Position: -13.3833 -118.123 -949.173 Orientation: 0.0519013 0.083902 0.0999358 0.990091 Time: 1420715507416
Position: -24.2133 -137.32 -945.537 Orientation: 0.0604374 0.0870391 0.103207 0.988999 Time: 1421005327220
Position: -9.57333 -152.863 -978.933 Orientation: 0.0974097 0.0798746 0.121779 0.984531 Time: 1421245950975
Position: 14.99 -166.913 -1041.43 Orientation: 0.138942 0.0736047 0.144976 0.976862 Time: 1421523505224
Position: 40.58 -180.207 -1096.32 Orientation: 0.169311 0.0636042 0.164044 0.969731 Time: 1421807177139
Position: 53.55 -194.657 -1145.94 Orientation: 0.195014 0.0625044 0.178279 0.962434 Time: 1422097635495
Position: 51.7767 -212.633 -1158.27 Orientation: 0.189144 0.0578366 0.183477 0.96292 Time: 1422333507466
Position: 38.3833 -231.193 -1138.1 Orientation: 0.176753 0.0609735 0.179954 0.965742 Time: 1422571047009
Position: 18.7367 -245.27 -1108.83 Orientation: 0.160313 0.0683388 0.163213 0.971077 Time: 1422807419138
Position: -7.39333 -258.98 -1048.04 Orientation: 0.120544 0.0729733 0.136579 0.980556 Time: 1423090975090
Position: -28.84 -259.89 -998.88 Orientation: 0.0942733 0.0898064 0.119142 0.984303 Time: 1423326687565
Position: -49.5067 -254.103 -949.893 Orientation: 0.0694061 0.0977753 0.102109 0.98752 Time: 1423567079966
Position: -78.6067 -237.27 -896.613 Orientation: 0.0405689 0.102972 0.0767708 0.990887 Time: 1423849503482
Position: -97.18 -212.497 -864.87 Orientation: 0.0284679 0.104638 0.0624027 0.992142 Time: 1424094937191
Position: -91.65 -192.767 -871.023 Orientation: 0.0416702 0.108743 0.0746731 0.990385 Time: 1424372234613
Position: -71.6167 -197.523 -905.113 Orientation: 0.0584688 0.103504 0.0876033 0.989037 Time: 1424605699325
Position: -44.3667 -207.457 -956.34 Orientation: 0.0906765 0.0948436 0.101211 0.986174 Time: 1424844102501
Position: -0.83 -213.3 -1026.87 Orientation: 0.123175 0.0693382 0.128109 0.981635 Time: 1425134746017
Position: 31.1333 -210.333 -1077.75 Orientation: 0.111807 0.0651708 0.145243 0.980896 Time: 1425410515972
Position: 51.53 -206.69 -1105.9 Orientation: 0.0838711 0.0423022 0.150841 0.984085 Time: 1425643835826
Position: 70.48 -197.037 -1141.58 Orientation: 0.0849386 0.0622039 0.137709 0.984862 Time: 1425895042735
Position: 90.3 -176.407 -1187.71 Orientation: 0.168057 0.0441818 0.170592 0.969899 Time: 1426179200739
Position: 102.293 -159.453 -1212.21 Orientation: 0.241334 0.0399723 0.205763 0.947535 Time: 1426411233225
Position: 109.023 -137.337 -1230.36 Orientation: 0.387816 0.0845587 0.270248 0.877163 Time: 1426683665564
Position: -2.46488e+028 -2.46488e+028 -2.46488e+028 Orientation: -0.5 -0.5 -0.5 -0.5 Time: 1426990073646
Position: 103.087 -94.7367 -1189.43 Orientation: 0.374065 0.0691243 0.259125 0.887779 Time: 1427231904927
Position: 90.1667 -73.5133 -1142.33 Orientation: 0.24034 0.0133059 0.192152 0.951387 Time: 1427472610425
Position: 78.99 -49.8567 -1095.14 Orientation: 0.155391 0.0845801 0.141356 0.974022 Time: 1427742073754
Position: 61.8067 -10.14 -1034.09 Orientation: 0.0618769 0.122354 0.0906817 0.986396 Time: 1428079295429
Position: 41.6267 13.4333 -998.623 Orientation: 0.00240026 0.118146 0.0595065 0.991209 Time: 1428311253205
Position: 28.35 28.8533 -981.933 Orientation: -0.0522702 0.116241 0.0328356 0.991301 Time: 1428549196334
Position: 12.6433 37.9667 -978.783 Orientation: -0.0850401 0.0949743 0.0110342 0.991779 Time: 1428783812874
Position: 2.58 34.3633 -973.723 Orientation: -0.0843414 0.0495714 -0.0146347 0.995095 Time: 1429036621769
Position: 1.64 34.4967 -972.877 Orientation: -0.0849047 0.0455358 -0.0158675 0.995222 Time: 1429306566437
Position: 1.74333 33.9667 -973.193 Orientation: -0.0835383 0.0465694 -0.0176677 0.995259 Time: 1429541793773
Position: 1.72333 34.0533 -973.187 Orientation: -0.0838719 0.0474696 -0.0172677 0.995195 Time: 1429776936894
Position: 1.72333 34.1033 -973.093 Orientation: -0.0840347 0.0468007 -0.0171336 0.995216 Time: 1430059039328
Position: 1.72333 34.1 -973.133 Orientation: -0.0839732 0.0470037 -0.017168 0.995211 Time: 1430300717766
Position: 1.72 34.08 -973.17 Orientation: -0.0838031 0.0467351 -0.017234 0.995237 Time: 1430571838973
Position: 1.72667 34.0733 -973.173 Orientation: -0.0835701 0.0470686 -0.0172007 0.995241 Time: 1430811877594
Position: 1.74 34.0667 -973.143 Orientation: -0.0836385 0.0464695 -0.0173344 0.995261 Time: 1431101344570
Position: 1.72 34.07 -973.183 Orientation: -0.083604 0.0468356 -0.0172675 0.995248 Time: 1431342104627
Position: 1.72 34.0667 -973.17 Orientation: -0.0836052 0.0472363 -0.0173011 0.995228 Time: 1431619252439
Position: 1.72 34.0667 -973.2 Orientation: -0.0836731 0.0482371 -0.017168 0.995177 Time: 1431816344035
Position: 1.72667 34.0633 -973.14 Orientation: -0.0837372 0.0466355 -0.0173008 0.995246 Time: 1432166022886
Position: 1.70667 34.0667 -973.177 Orientation: -0.0837705 0.0473022 -0.0172675 0.995212 Time: 1432407571295
Position: 1.72333 34.07 -973.193 Orientation: -0.0835701 0.0470686 -0.017234 0.99524 Time: 1432680644847
Position: 1.72333 34.0667 -973.187 Orientation: -0.0835395 0.0478369 -0.0172013 0.995207 Time: 1432921673708
Position: 1.71333 34.0667 -973.187 Orientation: -0.0837052 0.0470696 -0.0173011 0.995228 Time: 1433221097833
Position: 1.71667 34.0733 -973.153 Orientation: -0.0836377 0.0466691 -0.0173342 0.995252 Time: 1433459584844
Position: 1.73 34.0667 -973.19 Orientation: -0.0837048 0.0471694 -0.0172677 0.995224 Time: 1433733705856
Position: 1.73 34.07 -973.187 Orientation: -0.0837709 0.0472024 -0.0172342 0.995217 Time: 1433981214715
Position: 1.71333 34.07 -973.147 Orientation: -0.0837051 0.0471029 -0.0172677 0.995227 Time: 1434271769833
Position: 1.72333 34.07 -973.17 Orientation: -0.0838727 0.0465367 -0.0173013 0.995239 Time: 1434512290172
Position: 1.73333 34.0633 -973.153 Orientation: -0.0837078 0.0471044 -0.0173016 0.995226 Time: 1434748345401
Position: 1.72333 34.0667 -973.15 Orientation: -0.0838375 0.0471024 -0.0172342 0.995216 Time: 1434984287900
Position: 1.71 34.07 -973.18 Orientation: -0.0837735 0.0472372 -0.0172681 0.995215 Time: 1435316322648
Position: 1.73 34.0667 -973.137 Orientation: -0.0838693 0.0467015 -0.0173005 0.995231 Time: 1435553091329
Position: 1.74333 34.0667 -973.127 Orientation: -0.0835695 0.0457015 -0.0174673 0.9953 Time: 1435794641640
Position: 1.72 34.0667 -973.16 Orientation: -0.0839372 0.0470021 -0.0172675 0.995212 Time: 1436077555808
Position: 1.71333 34.07 -973.193 Orientation: -0.0835389 0.0472698 -0.0172345 0.995234 Time: 1436322554754
Position: 1.72667 34.07 -973.183 Orientation: -0.0838402 0.0471372 -0.0172347 0.995214 Time: 1436566645774
Position: 1.72 34.0733 -973.203 Orientation: -0.0835413 0.0481046 -0.0171683 0.995194 Time: 1436802575346
Position: 1.7 34.0733 -973.2 Orientation: -0.0838055 0.0482698 -0.0171345 0.995165 Time: 1437098687898
Position: 1.72667 34.0667 -973.147 Orientation: -0.0839059 0.0465366 -0.0173012 0.995236 Time: 1437338608656
Position: 1.72667 34.0667 -973.17 Orientation: -0.0836693 0.0478015 -0.0171672 0.995198 Time: 1437614786950
Position: 1.73333 34.0633 -973.14 Orientation: -0.0838709 0.046269 -0.0173675 0.99525 Time: 1437847620904
Position: 1.71333 34.07 -973.147 Orientation: -0.0838687 0.0468678 -0.0173004 0.995224 Time: 1438156841923
Position: 1.72 34.0667 -973.167 Orientation: -0.0841051 0.0478362 -0.0171677 0.99516 Time: 1438435628792
Position: 1.72667 34.0733 -973.17 Orientation: -0.083604 0.0468356 -0.0172675 0.995248 Time: 1438674346966
Position: 1.72333 34.0667 -973.157 Orientation: -0.0836713 0.0465359 -0.0173676 0.995255 Time: 1438925979133
Position: 1.72 34.07 -973.157 Orientation: -0.0838404 0.0470707 -0.0172348 0.995218 Time: 1439223732453
Position: 1.72333 34.07 -973.18 Orientation: -0.0837383 0.0478028 -0.0171677 0.995192 Time: 1439457875449
Position: 1.73333 34.0733 -973.153 Orientation: -0.0836715 0.0465027 -0.017301 0.995257 Time: 1439700212780
Position: 1.72667 34.0767 -973.16 Orientation: -0.0838369 0.0457353 -0.0174674 0.995276 Time: 1439961032563
Position: 1.72667 34.0667 -973.163 Orientation: -0.0839078 0.0474711 -0.0172349 0.995193 Time: 1440345231420
Position: 1.72 34.0733 -973.157 Orientation: -0.0837714 0.0470693 -0.0172676 0.995223 Time: 1440626199708
Position: 1.71667 34.0733 -973.173 Orientation: -0.0837361 0.0469349 -0.0172672 0.995232 Time: 1440864591477
Position: 1.72667 34.0667 -973.157 Orientation: -0.0838734 0.0471038 -0.0172347 0.995213 Time: 1441152421486
Position: 1.72 34.07 -973.163 Orientation: -0.0837703 0.0473687 -0.0172341 0.995209 Time: 1441416315215
Position: 1.72 34.07 -973.167 Orientation: -0.083703 0.0469017 -0.0173006 0.995236 Time: 1441654378489
Position: 1.72 34.07 -973.16 Orientation: -0.0837392 0.04757 -0.0171679 0.995204 Time: 1441931749291
Position: 1.71333 34.0733 -973.19 Orientation: -0.0836718 0.0478696 -0.0171677 0.995195 Time: 1442214750716
Position: 1.71333 34.0733 -973.167 Orientation: -0.0839378 0.0475359 -0.0172676 0.995187 Time: 1442490613250
Position: 1.71667 34.0767 -973.17 Orientation: -0.083872 0.0474697 -0.0172344 0.995196 Time: 1442718889326
Position: 1.72 34.0767 -973.167 Orientation: -0.0836709 0.0474024 -0.0172009 0.995217 Time: 1442964070009
Position: 1.71333 34.0767 -973.173 Orientation: -0.0837697 0.047535 -0.0172006 0.995202 Time: 1443312754629
Position: 1.71667 34.0833 -973.193 Orientation: -0.08354 0.0477371 -0.017168 0.995212 Time: 1443556685012
Position: 1.71333 34.0767 -973.18 Orientation: -0.0836387 0.0478697 -0.0172011 0.995197 Time: 1443829996952
Position: 1.72333 34.0767 -973.19 Orientation: -0.0835399 0.047037 -0.0172347 0.995244 Time: 1444070678687
Position: 1.72 34.08 -973.19 Orientation: -0.0837038 0.0474355 -0.0172008 0.995212 Time: 1444423880885
Position: 1.71667 34.08 -973.187 Orientation: -0.0840046 0.048136 -0.0171009 0.995155 Time: 1444676389420
Position: 1.72667 34.0767 -973.147 Orientation: -0.0838392 0.0466699 -0.0172679 0.995236 Time: 1444970513888
Position: 1.72333 34.0833 -973.177 Orientation: -0.0836374 0.0467356 -0.0173342 0.995249 Time: 1445298129151
Position: 1.72667 34.0867 -973.18 Orientation: -0.0835365 0.0471685 -0.0172673 0.995238 Time: 1445539904351
Position: 1.72667 34.08 -973.173 Orientation: -0.0834053 0.0468363 -0.0173344 0.995263 Time: 1445815496181
Position: 1.72667 34.0767 -973.163 Orientation: -0.0838055 0.0468031 -0.0173011 0.995232 Time: 1446015053966
Position: 1.72333 34.0767 -973.167 Orientation: -0.0836055 0.0464364 -0.0173345 0.995265 Time: 1446316076086
Position: 1.72333 34.08 -973.183 Orientation: -0.0836071 0.0475041 -0.0171348 0.995218 Time: 1446586634972
Position: 1.72333 34.08 -973.173 Orientation: -0.0837051 0.0471029 -0.0172677 0.995227 Time: 1446868452253
Position: 1.71667 34.08 -973.193 Orientation: -0.0838691 0.0475014 -0.0172005 0.995195 Time: 1447179786443
Position: 1.71667 34.0833 -973.197 Orientation: -0.0838702 0.0479353 -0.0171674 0.995175 Time: 1447486044345
Position: 1.73667 34.0833 -973.15 Orientation: -0.0836696 0.0462683 -0.0173006 0.995268 Time: 1447723966943
Position: 1.72333 34.0867 -973.143 Orientation: -0.0837742 0.0470709 -0.0172682 0.995223 Time: 1448001549519
Position: 1.72667 34.0867 -973.15 Orientation: -0.0838034 0.0473686 -0.017234 0.995207 Time: 1448252586096
Position: 1.73667 34.08 -973.147 Orientation: -0.0837699 0.0467351 -0.0173007 0.995238 Time: 1448560198093
Position: 1.72667 34.0767 -973.12 Orientation: -0.0836396 0.0469035 -0.0173013 0.995241 Time: 1448796368904
Position: 1.71667 34.0733 -973.187 Orientation: -0.0838709 0.0477358 -0.0172009 0.995184 Time: 1449081664287
Position: 1.72333 34.07 -973.18 Orientation: -0.0838052 0.0483364 -0.0171011 0.995162 Time: 1449337303607
Position: 1.72667 34.0733 -973.17 Orientation: -0.0838391 0.0474032 -0.0172678 0.995201 Time: 1449666231713
Position: 1.72 34.0767 -973.183 Orientation: -0.083972 0.0472697 -0.0172678 0.995197 Time: 1449904944565
Position: 1.73333 34.08 -973.18 Orientation: -0.0835375 0.0469024 -0.0173009 0.99525 Time: 1450113063392
Position: 1.74667 34.0733 -973.11 Orientation: -0.0835737 0.0460706 -0.0174015 0.995284 Time: 1450459108829
Position: 1.72667 34.0833 -973.19 Orientation: -0.0838018 0.0470677 -0.0172337 0.995221 Time: 1450695440466
Position: 1.73 34.0767 -973.183 Orientation: -0.08407 0.0468685 -0.0173007 0.995207 Time: 1450973073228
Position: 1.74667 34.0667 -973.16 Orientation: -0.0837385 0.0462695 -0.0174011 0.995261 Time: 1451230515283
Position: 1.73667 34.07 -973.14 Orientation: -0.0840064 0.0469369 -0.0173013 0.995209 Time: 1451552936016
Position: 1.71 34.08 -973.18 Orientation: -0.0835054 0.0481364 -0.0171011 0.995197 Time: 1451823695459
Position: 1.73 34.0733 -973.187 Orientation: -0.0838704 0.0471687 -0.0172341 0.99521 Time: 1452063213772
