Position: 35.6 170.06 -934.637 Orientation: 0.129277 -0.224685 0.924776 -0.278556 Time: 17639150389962
Position: 35.6133 170.047 -934.587 Orientation: 0.128071 -0.224774 0.924997 -0.278309 Time: 17639352355185
Position: 35.61 170.047 -934.577 Orientation: 0.127778 -0.224954 0.925018 -0.278226 Time: 17639492829117
Position: 35.6033 170.06 -934.62 Orientation: 0.128876 -0.224483 0.924902 -0.278487 Time: 17639664661294
Position: 35.6133 170.05 -934.617 Orientation: 0.128041 -0.224714 0.925023 -0.278284 Time: 17639789039403
Position: 35.6033 170.053 -934.61 Orientation: 0.128743 -0.22465 0.9249 -0.27842 Time: 17639940270942
Position: 35.6067 170.05 -934.6 Orientation: 0.127679 -0.224855 0.925056 -0.278227 Time: 17640153509514
Position: 35.6 170.057 -934.62 Orientation: 0.12848 -0.224723 0.924927 -0.278395 Time: 17640319804249
Position: 35.6067 170.057 -934.617 Orientation: 0.128139 -0.224711 0.925011 -0.27828 Time: 17640459621383
Position: 35.6033 170.06 -934.623 Orientation: 0.128908 -0.224647 0.924858 -0.278484 Time: 17640600494907
Position: 35.61 170.05 -934.603 Orientation: 0.128177 -0.224651 0.925008 -0.278322 Time: 17640787752802
Position: 35.6033 170.053 -934.603 Orientation: 0.128311 -0.224652 0.924978 -0.278357 Time: 17640912674979
Position: 35.6167 170.04 -934.57 Orientation: 0.12758 -0.224656 0.925127 -0.278195 Time: 17641069402898
Position: 35.6033 170.057 -934.593 Orientation: 0.128742 -0.224581 0.924927 -0.278385 Time: 17641287026143
Position: 35.6067 170.06 -934.63 Orientation: 0.128577 -0.224618 0.92494 -0.278389 Time: 17641433095688
Position: 35.6167 170.04 -934.577 Orientation: 0.127142 -0.224615 0.92523 -0.278086 Time: 17641599186634
Position: 35.61 170.05 -934.597 Orientation: 0.127744 -0.224885 0.925041 -0.278222 Time: 17641786081057
Position: 35.6067 170.05 -934.59 Orientation: 0.128409 -0.224616 0.924965 -0.278386 Time: 17641937473991
Position: 35.61 170.053 -934.6 Orientation: 0.128311 -0.224786 0.924946 -0.278357 Time: 17642129134427
Position: 35.61 170.05 -934.6 Orientation: 0.128211 -0.224619 0.925011 -0.278323 Time: 17642301356310
Position: 35.61 170.053 -934.607 Orientation: 0.12798 -0.224756 0.925028 -0.278262 Time: 17642472919305
Position: 35.6067 170.053 -934.61 Orientation: 0.128545 -0.224621 0.924953 -0.278359 Time: 17642634107745
Position: 35.6133 170.053 -934.59 Orientation: 0.127644 -0.224786 0.925078 -0.278224 Time: 17642800093377
Position: 35.6067 170.06 -934.617 Orientation: 0.128643 -0.224784 0.924871 -0.278455 Time: 17642951386508
Position: 35.6067 170.053 -934.62 Orientation: 0.128938 -0.224508 0.9249 -0.278443 Time: 17643143651844
Position: 35.61 170.06 -934.63 Orientation: 0.129106 -0.224476 0.924874 -0.278479 Time: 17643330506155
Position: 35.6067 170.06 -934.627 Orientation: 0.128944 -0.224585 0.924877 -0.278456 Time: 17643486834292
Position: 35.6067 170.053 -934.587 Orientation: 0.12851 -0.224785 0.924909 -0.278389 Time: 17643649130640
Position: 35.61 170.05 -934.597 Orientation: 0.128445 -0.224687 0.924951 -0.278359 Time: 17643783675713
Position: 35.6167 170.047 -934.583 Orientation: 0.127843 -0.224683 0.925067 -0.278253 Time: 17643965490266
Position: 35.6033 170.06 -934.617 Orientation: 0.128974 -0.224646 0.92485 -0.278482 Time: 17644142478543
Position: 35.6033 170.053 -934.6 Orientation: 0.128243 -0.224951 0.924906 -0.278388 Time: 17644303452550
Position: 35.61 170.057 -934.6 Orientation: 0.128341 -0.224713 0.924952 -0.278382 Time: 17644469331915
Position: 35.6033 170.067 -934.627 Orientation: 0.128978 -0.224786 0.924813 -0.278491 Time: 17644626431290
Position: 35.61 170.053 -934.617 Orientation: 0.128108 -0.224814 0.924989 -0.278284 Time: 17644827952438
Position: 35.6133 170.057 -934.607 Orientation: 0.128577 -0.224618 0.92494 -0.278389 Time: 17644974186801
Position: 35.5933 170.067 -934.62 Orientation: 0.129808 -0.224281 0.924791 -0.278584 Time: 17645134933638
Position: 35.6167 170.053 -934.61 Orientation: 0.128107 -0.224712 0.925015 -0.278281 Time: 17645327567199
Position: 35.6033 170.057 -934.613 Orientation: 0.128743 -0.224484 0.92494 -0.278422 Time: 17645483517987
Position: 35.6067 170.057 -934.603 Orientation: 0.128609 -0.224649 0.924929 -0.278386 Time: 17645649776412
Position: 35.61 170.05 -934.593 Orientation: 0.128078 -0.224586 0.925047 -0.278291 Time: 17645811866120
Position: 35.6033 170.057 -934.6 Orientation: 0.128975 -0.224449 0.924897 -0.278486 Time: 17645987942295
Position: 35.6033 170.053 -934.593 Orientation: 0.128312 -0.224654 0.924987 -0.278326 Time: 17646123644700
Position: 35.6067 170.047 -934.563 Orientation: 0.127777 -0.224719 0.925076 -0.278223 Time: 17646305422943
Position: 35.6167 170.047 -934.563 Orientation: 0.127481 -0.224858 0.925101 -0.278164 Time: 17646482272827
Position: 35.6033 170.05 -934.58 Orientation: 0.128438 -0.224608 0.924966 -0.278376 Time: 17646653431478
Position: 35.6033 170.057 -934.597 Orientation: 0.12881 -0.224718 0.924873 -0.278422 Time: 17646809330938
Position: 35.6 170.057 -934.62 Orientation: 0.128907 -0.224579 0.924885 -0.278449 Time: 17646981584758
Position: 35.6133 170.053 -934.593 Orientation: 0.127779 -0.224755 0.925056 -0.27826 Time: 17647162903148
Position: 35.6133 170.047 -934.573 Orientation: 0.12768 -0.22469 0.925095 -0.278229 Time: 17647313910558
Position: 35.6033 170.06 -934.61 Orientation: 0.128677 -0.224651 0.924908 -0.278422 Time: 17647511496242
Position: 35.6067 170.053 -934.6 Orientation: 0.128344 -0.224651 0.924974 -0.278356 Time: 17647683557490
Position: 35.61 170.043 -934.577 Orientation: 0.128207 -0.224378 0.925082 -0.278281 Time: 17647839097279
Position: 35.6067 170.06 -934.627 Orientation: 0.128673 -0.224645 0.924913 -0.278414 Time: 17648025776698
Position: 35.6067 170.05 -934.583 Orientation: 0.128374 -0.224814 0.924922 -0.278383 Time: 17648161517885
Position: 35.6133 170.05 -934.583 Orientation: 0.127977 -0.224752 0.925011 -0.278323 Time: 17648317737094
Position: 35.62 170.047 -934.59 Orientation: 0.127579 -0.224921 0.925054 -0.278226 Time: 17648493961357
Position: 35.61 170.063 -934.633 Orientation: 0.12828 -0.224823 0.924929 -0.278396 Time: 17648644987206
Position: 35.6267 170.047 -934.577 Orientation: 0.126644 -0.225019 0.92521 -0.278056 Time: 17648801246907
Position: 35.61 170.053 -934.597 Orientation: 0.128174 -0.224613 0.925019 -0.278316 Time: 17648977860116
Position: 35.6067 170.06 -934.627 Orientation: 0.128708 -0.224714 0.92489 -0.278417 Time: 17649144296285
Position: 35.61 170.067 -934.62 Orientation: 0.128477 -0.224752 0.924911 -0.278423 Time: 17649254251648
Position: 35.61 170.047 -934.6 Orientation: 0.128142 -0.224716 0.924998 -0.278319 Time: 17649430891090
Position: 35.61 170.05 -934.597 Orientation: 0.127741 -0.224713 0.925085 -0.278216 Time: 17649580764740
Position: 35.6167 170.043 -934.57 Orientation: 0.127411 -0.224853 0.925114 -0.278158 Time: 17649778431217
Position: 35.6267 170.037 -934.573 Orientation: 0.126872 -0.224776 0.92524 -0.278045 Time: 17649919275655
Position: 35.5967 170.067 -934.633 Orientation: 0.129681 -0.224559 0.924737 -0.278598 Time: 17650085020618
Position: 35.6067 170.047 -934.593 Orientation: 0.127913 -0.224623 0.92506 -0.278295 Time: 17650231650961
Position: 35.6133 170.057 -934.62 Orientation: 0.128109 -0.224882 0.924962 -0.278319 Time: 17650412678687
Position: 35.61 170.06 -934.617 Orientation: 0.128444 -0.224619 0.924978 -0.278323 Time: 17650553232461
Position: 35.61 170.057 -934.607 Orientation: 0.12821 -0.224617 0.925002 -0.278354 Time: 17650704152615
Position: 35.6133 170.05 -934.597 Orientation: 0.127744 -0.22472 0.92508 -0.278224 Time: 17650860438550
Position: 35.6033 170.06 -934.627 Orientation: 0.128511 -0.224853 0.924881 -0.278425 Time: 17651017578037
Position: 35.6067 170.063 -934.633 Orientation: 0.129075 -0.224647 0.924825 -0.278518 Time: 17651224110428
Position: 35.6133 170.057 -934.6 Orientation: 0.127812 -0.225021 0.924987 -0.27826 Time: 17651369537813
Position: 35.6133 170.06 -934.633 Orientation: 0.128273 -0.224712 0.924982 -0.278315 Time: 17651520146962
Position: 35.6067 170.05 -934.6 Orientation: 0.128578 -0.224586 0.924947 -0.278391 Time: 17651660881143
Position: 35.61 170.05 -934.597 Orientation: 0.127976 -0.224716 0.925031 -0.278286 Time: 17651847552767
Position: 35.6133 170.05 -934.603 Orientation: 0.127713 -0.224723 0.925062 -0.278295 Time: 17651993488862
Position: 35.6067 170.057 -934.59 Orientation: 0.128677 -0.224751 0.924874 -0.278456 Time: 17652154869494
Position: 35.61 170.06 -934.6 Orientation: 0.128474 -0.224645 0.92495 -0.278382 Time: 17652305439482
Position: 35.6233 170.043 -934.57 Orientation: 0.12718 -0.22459 0.925228 -0.278095 Time: 17652415126993
Position: 35.6133 170.053 -934.58 Orientation: 0.127809 -0.224849 0.925031 -0.278253 Time: 17652643605745
Position: 35.6033 170.05 -934.597 Orientation: 0.128578 -0.224419 0.924978 -0.278423 Time: 17652783748712
Position: 35.6067 170.047 -934.573 Orientation: 0.128174 -0.224746 0.924987 -0.278316 Time: 17652930106450
Position: 35.6167 170.06 -934.623 Orientation: 0.128213 -0.224922 0.924925 -0.278361 Time: 17653096313168
Position: 35.62 170.053 -934.607 Orientation: 0.127943 -0.224683 0.925033 -0.27832 Time: 17653251771975
Position: 35.61 170.057 -934.62 Orientation: 0.128639 -0.224577 0.924944 -0.27838 Time: 17653402907703
Position: 35.6167 170.043 -934.587 Orientation: 0.127907 -0.224579 0.925085 -0.278249 Time: 17653548786767
Position: 35.61 170.053 -934.633 Orientation: 0.128275 -0.224515 0.925028 -0.278319 Time: 17653750831452
Position: 35.6133 170.053 -934.593 Orientation: 0.128408 -0.224581 0.924994 -0.278318 Time: 17653855505058
Position: 35.6167 170.053 -934.61 Orientation: 0.127909 -0.224883 0.924999 -0.278287 Time: 17654048211998
Position: 35.6133 170.05 -934.59 Orientation: 0.128108 -0.224547 0.925055 -0.278283 Time: 17654214150674
Position: 35.6033 170.067 -934.63 Orientation: 0.128877 -0.224651 0.924871 -0.278455 Time: 17654380281352
Position: 35.6067 170.063 -934.623 Orientation: 0.128809 -0.224716 0.924865 -0.278453 Time: 17654526017080
Position: 35.6033 170.06 -934.617 Orientation: 0.128812 -0.224655 0.924887 -0.278426 Time: 17654677205657
Position: 35.6133 170.05 -934.607 Orientation: 0.127911 -0.224819 0.925013 -0.278291 Time: 17654848688808
Position: 35.6067 170.057 -934.62 Orientation: 0.128808 -0.224514 0.924925 -0.278417 Time: 17654984048082
Position: 35.61 170.057 -934.627 Orientation: 0.128543 -0.22465 0.924937 -0.278388 Time: 17655160071979
Position: 35.6033 170.06 -934.62 Orientation: 0.128773 -0.224545 0.924913 -0.278447 Time: 17655358031400
