Position: -80.0933 -36.24 -895.823 Orientation: -0.0668392 0.569816 0.674592 0.464507 Time: 18187299417854
Position: -80.1033 -36.24 -895.853 Orientation: -0.0681724 0.570448 0.674523 0.463639 Time: 18187528808138
Position: -80.0767 -36.2467 -895.81 Orientation: -0.0662405 0.569495 0.67464 0.464917 Time: 18187717584368
Position: -80.0967 -36.24 -895.83 Orientation: -0.0667733 0.569756 0.6746 0.464579 Time: 18187951296400
Position: -80.0833 -36.24 -895.833 Orientation: -0.0659713 0.569406 0.674547 0.465199 Time: 18188186351684
Position: -80.0833 -36.2467 -895.8 Orientation: -0.0661384 0.56941 0.674618 0.465069 Time: 18188418702787
Position: -80.0867 -36.2433 -895.81 Orientation: -0.0657738 0.569195 0.67464 0.465351 Time: 18188654396428
Position: -80.09 -36.24 -895.813 Orientation: -0.0688063 0.571119 0.674529 0.462709 Time: 18188841280586
Position: -80.0933 -36.2333 -895.81 Orientation: -0.0672054 0.570079 0.67452 0.464237 Time: 18189075131202
Position: -80.09 -36.2367 -895.85 Orientation: -0.0675739 0.570395 0.674506 0.463816 Time: 18189310713255
Position: -80.0933 -36.2333 -895.82 Orientation: -0.0678063 0.570453 0.674529 0.463676 Time: 18189544750740
Position: -80.0933 -36.2367 -895.817 Orientation: -0.0685071 0.570926 0.674536 0.462981 Time: 18189793927082
Position: -80.09 -36.2433 -895.833 Orientation: -0.065839 0.569149 0.674658 0.465373 Time: 18190026071734
Position: -80.0933 -36.24 -895.843 Orientation: -0.0666381 0.569641 0.674582 0.464767 Time: 18190262491561
Position: -80.09 -36.24 -895.807 Orientation: -0.0678396 0.570519 0.674562 0.463543 Time: 18190540658823
Position: -80.1033 -36.24 -895.84 Orientation: -0.0685062 0.570752 0.674528 0.463209 Time: 18190730046986
Position: -80.0967 -36.2367 -895.813 Orientation: -0.0673065 0.570089 0.674565 0.464145 Time: 18190964300616
Position: -80.0967 -36.24 -895.837 Orientation: -0.0675721 0.570212 0.674554 0.463971 Time: 18191196384627
Position: -80.09 -36.24 -895.81 Orientation: -0.0668415 0.569803 0.674616 0.46449 Time: 18191383433981
Position: -80.1033 -36.2367 -895.877 Orientation: -0.067573 0.570154 0.67453 0.464077 Time: 18191616224406
Position: -80.11 -36.2433 -895.83 Orientation: -0.0663394 0.569286 0.674629 0.465176 Time: 18191852008156
Position: -80.09 -36.2433 -895.817 Orientation: -0.0665044 0.569638 0.674645 0.464698 Time: 18192038501466
Position: -80.09 -36.24 -895.833 Orientation: -0.0662721 0.569547 0.674556 0.464972 Time: 18192272781520
Position: -80.0833 -36.2433 -895.83 Orientation: -0.0672385 0.570177 0.674618 0.463969 Time: 18192458946526
Position: -80.1133 -36.24 -895.83 Orientation: -0.0664372 0.5693 0.674572 0.465227 Time: 18192693665522
Position: -80.0867 -36.24 -895.813 Orientation: -0.0669718 0.569977 0.674585 0.464302 Time: 18192926937852
Position: -80.1033 -36.2467 -895.847 Orientation: -0.0646401 0.568293 0.674637 0.466615 Time: 18193115289586
Position: -80.0967 -36.2367 -895.793 Orientation: -0.0664731 0.569522 0.674599 0.464912 Time: 18193348541956
Position: -80.1 -36.24 -895.83 Orientation: -0.0674741 0.570162 0.674574 0.464017 Time: 18193582417855
Position: -80.1 -36.2367 -895.817 Orientation: -0.0675734 0.570257 0.674534 0.463946 Time: 18193770066217
Position: -80.1 -36.2467 -895.817 Orientation: -0.0665383 0.569609 0.674617 0.464768 Time: 18194004491888
Position: -80.1067 -36.2433 -895.843 Orientation: -0.0675064 0.570121 0.674564 0.464078 Time: 18194238397823
Position: -80.1 -36.2467 -895.817 Orientation: -0.0664405 0.569528 0.674639 0.46485 Time: 18194425823197
Position: -80.0967 -36.24 -895.833 Orientation: -0.0660054 0.56928 0.674555 0.465338 Time: 18194659684649
Position: -80.0967 -36.2433 -895.82 Orientation: -0.0665725 0.569684 0.674593 0.464708 Time: 18194893927633
Position: -80.0967 -36.2467 -895.813 Orientation: -0.066207 0.569394 0.674638 0.465049 Time: 18195080178184
Position: -80.0933 -36.24 -895.797 Orientation: -0.0675396 0.570353 0.674595 0.463743 Time: 18195314737116
Position: -80.09 -36.24 -895.83 Orientation: -0.0659372 0.569333 0.674639 0.46516 Time: 18195502279021
Position: -80.0967 -36.24 -895.817 Orientation: -0.0666727 0.569685 0.674627 0.464642 Time: 18195734611874
Position: -80.1167 -36.24 -895.847 Orientation: -0.0682395 0.570485 0.674528 0.463575 Time: 18195969683696
Position: -80.11 -36.2433 -895.823 Orientation: -0.0681037 0.570465 0.67457 0.463559 Time: 18196156679443
Position: -80.1 -36.2433 -895.81 Orientation: -0.0668732 0.569789 0.674632 0.464478 Time: 18196390921666
Position: -80.1033 -36.24 -895.82 Orientation: -0.0672396 0.57002 0.674563 0.464243 Time: 18196577232860
Position: -80.1033 -36.2433 -895.81 Orientation: -0.0677391 0.570282 0.674591 0.463806 Time: 18196811174914
Position: -80.0967 -36.2433 -895.797 Orientation: -0.0666727 0.569751 0.674594 0.464608 Time: 18197045915392
Position: -80.1 -36.2367 -895.817 Orientation: -0.0665725 0.569684 0.674593 0.464708 Time: 18197232527325
Position: -80.0967 -36.24 -895.813 Orientation: -0.0681397 0.570753 0.674563 0.46321 Time: 18197466641040
Position: -80.0967 -36.2433 -895.813 Orientation: -0.0666058 0.569683 0.674659 0.464607 Time: 18197701414025
Position: -80.0867 -36.2433 -895.793 Orientation: -0.0676392 0.570483 0.674592 0.463573 Time: 18197888462619
Position: -80.09 -36.2467 -895.833 Orientation: -0.0666061 0.569718 0.674628 0.464609 Time: 18198123282939
Position: -80.1067 -36.24 -895.83 Orientation: -0.0671063 0.569887 0.674596 0.464377 Time: 18198309928139
Position: -80.1067 -36.2433 -895.843 Orientation: -0.0677383 0.570242 0.674583 0.463868 Time: 18198543223091
Position: -80.0967 -36.24 -895.823 Orientation: -0.0662737 0.569494 0.674639 0.464916 Time: 18198778552120
Position: -80.1 -36.2467 -895.823 Orientation: -0.0663403 0.569527 0.674605 0.464916 Time: 18198963497061
Position: -80.0967 -36.24 -895.82 Orientation: -0.067708 0.570368 0.67458 0.463722 Time: 18199200317239
Position: -80.0833 -36.2467 -895.81 Orientation: -0.0647746 0.568736 0.674682 0.46599 Time: 18199386349935
Position: -80.1 -36.24 -895.837 Orientation: -0.0678416 0.570469 0.674549 0.463623 Time: 18199620882823
Position: -80.1067 -36.24 -895.84 Orientation: -0.0669073 0.569795 0.674573 0.464551 Time: 18199853916006
Position: -80.0967 -36.2433 -895.83 Orientation: -0.0665059 0.569651 0.674627 0.464708 Time: 18200040866128
Position: -80.1 -36.2433 -895.833 Orientation: -0.0679734 0.570523 0.674566 0.463512 Time: 18200274364868
Position: -80.1 -36.2467 -895.82 Orientation: -0.0669399 0.569822 0.674666 0.464379 Time: 18200510413808
Position: -80.0967 -36.2433 -895.837 Orientation: -0.0680377 0.57057 0.674577 0.46343 Time: 18200696617785
Position: -80.1 -36.2433 -895.827 Orientation: -0.0679083 0.570503 0.674582 0.463523 Time: 18200931512434
Position: -80.11 -36.2433 -895.853 Orientation: -0.0675064 0.570121 0.674564 0.464078 Time: 18201164606830
Position: -80.0967 -36.24 -895.84 Orientation: -0.0667381 0.569807 0.674615 0.4645 Time: 18201352111476
Position: -80.1033 -36.24 -895.833 Orientation: -0.0675077 0.570165 0.674544 0.464053 Time: 18201585577138
Position: -80.1133 -36.2433 -895.847 Orientation: -0.0676053 0.570144 0.674586 0.464003 Time: 18201772459774
Position: -80.12 -36.2433 -895.83 Orientation: -0.0664055 0.569247 0.674589 0.465272 Time: 18202007000646
Position: -80.09 -36.24 -895.797 Orientation: -0.0672379 0.570106 0.674613 0.464065 Time: 18202193159379
Position: -80.1033 -36.2433 -895.83 Orientation: -0.0675057 0.570148 0.67459 0.464006 Time: 18202428210671
Position: -80.1067 -36.2433 -895.843 Orientation: -0.0684728 0.570718 0.67456 0.463208 Time: 18202615169538
Position: -80.0967 -36.24 -895.823 Orientation: -0.0664397 0.569554 0.674598 0.464878 Time: 18202850110761
Position: -80.0867 -36.24 -895.803 Orientation: -0.0667737 0.569927 0.674638 0.464316 Time: 18203036233945
Position: -80.0967 -36.2367 -895.817 Orientation: -0.0670402 0.569992 0.674603 0.464248 Time: 18203271238473
Position: -80.0933 -36.24 -895.82 Orientation: -0.0655729 0.569154 0.67463 0.465444 Time: 18203457577801
Position: -80.1 -36.2433 -895.853 Orientation: -0.0675063 0.57022 0.674596 0.46391 Time: 18203691880857
Position: -80.1033 -36.24 -895.86 Orientation: -0.0664724 0.569549 0.674625 0.46484 Time: 18203878143195
Position: -80.11 -36.2433 -895.833 Orientation: -0.0680064 0.570454 0.674531 0.463644 Time: 18204113217489
Position: -80.1067 -36.24 -895.803 Orientation: -0.0667729 0.569653 0.674597 0.46471 Time: 18204299779996
Position: -80.1 -36.2433 -895.82 Orientation: -0.0678065 0.570355 0.674565 0.463745 Time: 18204533909680
Position: -80.1133 -36.2433 -895.823 Orientation: -0.0667062 0.569486 0.67463 0.464877 Time: 18204721592259
Position: -80.1067 -36.2433 -895.857 Orientation: -0.0672043 0.569937 0.674577 0.46433 Time: 18204955947023
Position: -80.1 -36.2467 -895.83 Orientation: -0.0677735 0.570424 0.674601 0.463613 Time: 18205188486704
Position: -80.1133 -36.2433 -895.85 Orientation: -0.0665391 0.56935 0.674626 0.465074 Time: 18205375350331
Position: -80.1 -36.24 -895.797 Orientation: -0.065739 0.569049 0.674659 0.465507 Time: 18205610493632
Position: -80.1033 -36.2467 -895.843 Orientation: -0.0664392 0.569484 0.67466 0.464874 Time: 18205844519140
Position: -80.1067 -36.24 -895.85 Orientation: -0.0677708 0.570335 0.674574 0.463762 Time: 18206032114654
Position: -80.0967 -36.2433 -895.82 Orientation: -0.0676396 0.570353 0.674562 0.463776 Time: 18206264681330
Position: -80.09 -36.25 -895.803 Orientation: -0.0660707 0.569368 0.674641 0.465095 Time: 18206500433524
Position: -80.0867 -36.2467 -895.817 Orientation: -0.0676732 0.570522 0.674598 0.463511 Time: 18206686434473
Position: -80.0933 -36.2433 -895.813 Orientation: -0.0670732 0.570022 0.674599 0.464212 Time: 18206920647991
Position: -80.0967 -36.2433 -895.853 Orientation: -0.0686067 0.570989 0.674566 0.462845 Time: 18207107653243
Position: -80.1 -36.2467 -895.827 Orientation: -0.0651387 0.568714 0.674656 0.466005 Time: 18207341594537
Position: -80.1033 -36.2433 -895.823 Orientation: -0.0685063 0.570819 0.674562 0.463076 Time: 18207528991015
Position: -80.1033 -36.24 -895.837 Orientation: -0.0667388 0.56978 0.674589 0.464571 Time: 18207763531507
Position: -80.11 -36.24 -895.813 Orientation: -0.0680392 0.570382 0.674591 0.46364 Time: 18207948839159
Position: -80.11 -36.2433 -895.833 Orientation: -0.0668378 0.569638 0.674612 0.464698 Time: 18208185258415
Position: -80.11 -36.2433 -895.843 Orientation: -0.0662716 0.569275 0.67465 0.465168 Time: 18208371405172
Position: -80.1067 -36.2433 -895.813 Orientation: -0.0681388 0.570512 0.674587 0.46347 Time: 18208605791492
Position: -80.1067 -36.25 -895.82 Orientation: -0.0665068 0.569458 0.674602 0.464981 Time: 18208791595307
