Position: -56.6133 65.0633 -831.587 Orientation: 0.186182 0.120577 0.973614 0.0536044 Time: 17433827101358
Position: -56.6133 65.07 -831.597 Orientation: 0.185308 0.120672 0.973775 0.0535023 Time: 17434062323360
Position: -56.61 65.0733 -831.57 Orientation: 0.184951 0.120812 0.973828 0.0534386 Time: 17434246288141
Position: -56.62 65.0733 -831.603 Orientation: 0.185914 0.120542 0.973671 0.0535706 Time: 17434481234688
Position: -56.6133 65.0733 -831.56 Orientation: 0.185139 0.120737 0.973798 0.0535017 Time: 17434668479466
Position: -56.62 65.0667 -831.603 Orientation: 0.186243 0.12044 0.973619 0.0536029 Time: 17434902511058
Position: -56.6133 65.0767 -831.59 Orientation: 0.18528 0.120742 0.973771 0.0535039 Time: 17435138460766
Position: -56.6033 65.08 -831.58 Orientation: 0.185044 0.120973 0.973787 0.053503 Time: 17435369122823
Position: -56.61 65.07 -831.583 Orientation: 0.185342 0.120572 0.97378 0.0535026 Time: 17435601724669
Position: -56.6167 65.07 -831.577 Orientation: 0.185678 0.120474 0.973727 0.0535366 Time: 17435772267202
Position: -56.6167 65.07 -831.587 Orientation: 0.185608 0.120738 0.973707 0.0535356 Time: 17436030658103
Position: -56.61 65.08 -831.577 Orientation: 0.184678 0.12074 0.973891 0.0534032 Time: 17436217587504
Position: -56.6167 65.0633 -831.593 Orientation: 0.18598 0.120442 0.973671 0.0535706 Time: 17436453735677
Position: -56.6133 65.07 -831.593 Orientation: 0.185513 0.120642 0.973737 0.0535372 Time: 17436703970689
Position: -56.62 65.0633 -831.587 Orientation: 0.185971 0.120303 0.97369 0.053568 Time: 17436940084834
Position: -56.6167 65.07 -831.583 Orientation: 0.18551 0.120507 0.973755 0.0535363 Time: 17437174658212
Position: -56.6067 65.07 -831.57 Orientation: 0.184882 0.120744 0.97385 0.0534379 Time: 17437407801274
Position: -56.6133 65.07 -831.583 Orientation: 0.185251 0.120611 0.973793 0.0535051 Time: 17437643142090
Position: -56.6133 65.0733 -831.57 Orientation: 0.185114 0.120709 0.973808 0.0534708 Time: 17437875693938
Position: -56.62 65.07 -831.583 Orientation: 0.185445 0.120574 0.97376 0.0535033 Time: 17438111509244
Position: -56.61 65.07 -831.567 Orientation: 0.184912 0.120575 0.973865 0.0534369 Time: 17438372327730
Position: -56.61 65.0667 -831.58 Orientation: 0.185473 0.120471 0.973768 0.0535019 Time: 17438640553108
Position: -56.6133 65.07 -831.587 Orientation: 0.185213 0.120575 0.973804 0.0535039 Time: 17438825141800
Position: -56.6133 65.07 -831.587 Orientation: 0.18552 0.120613 0.973739 0.0535392 Time: 17439062231352
Position: -56.62 65.0633 -831.597 Orientation: 0.185916 0.120177 0.973716 0.0535712 Time: 17439293970140
Position: -56.6133 65.0667 -831.583 Orientation: 0.185543 0.120473 0.973752 0.0535362 Time: 17439528661761
Position: -56.6267 65.0667 -831.61 Orientation: 0.186316 0.120311 0.973619 0.0536381 Time: 17439762633281
Position: -56.62 65.0633 -831.593 Orientation: 0.185844 0.12054 0.973687 0.0535363 Time: 17439997827149
Position: -56.6167 65.0667 -831.617 Orientation: 0.186011 0.120474 0.973659 0.0536033 Time: 17440249102581
Position: -56.6167 65.0667 -831.57 Orientation: 0.185511 0.120507 0.973756 0.0535031 Time: 17440480734913
Position: -56.6167 65.0733 -831.583 Orientation: 0.184882 0.120744 0.97385 0.0534379 Time: 17440714038419
Position: -56.6167 65.0667 -831.583 Orientation: 0.185445 0.120574 0.97376 0.0535033 Time: 17440948278362
Position: -56.6133 65.0767 -831.59 Orientation: 0.18551 0.120773 0.97372 0.0535696 Time: 17441181676348
Position: -56.6133 65.07 -831.57 Orientation: 0.185413 0.120542 0.97377 0.0535039 Time: 17441368552522
Position: -56.62 65.0667 -831.61 Orientation: 0.185917 0.120378 0.973691 0.0535717 Time: 17441602651980
Position: -56.6167 65.0667 -831.597 Orientation: 0.186049 0.120777 0.973615 0.0536045 Time: 17441836245009
Position: -56.6233 65.0633 -831.59 Orientation: 0.186013 0.120409 0.973669 0.0535705 Time: 17442070301695
Position: -56.6167 65.07 -831.57 Orientation: 0.185746 0.120608 0.973697 0.0535368 Time: 17442305870821
Position: -56.61 65.0733 -831.58 Orientation: 0.184946 0.120775 0.973834 0.053437 Time: 17442539374503
Position: -56.62 65.07 -831.603 Orientation: 0.186079 0.120575 0.973634 0.0536037 Time: 17442772746256
Position: -56.6033 65.0733 -831.58 Orientation: 0.184881 0.120809 0.973842 0.0534375 Time: 17443006932780
Position: -56.6133 65.07 -831.593 Orientation: 0.185141 0.120438 0.973839 0.0534355 Time: 17443241290775
Position: -56.6167 65.0667 -831.617 Orientation: 0.185382 0.12051 0.97378 0.0535044 Time: 17443475076377
Position: -56.62 65.0667 -831.57 Orientation: 0.18561 0.120607 0.973721 0.0535697 Time: 17443708501548
Position: -56.6133 65.0667 -831.57 Orientation: 0.185545 0.120674 0.973727 0.0535367 Time: 17443945156339
Position: -56.6133 65.0667 -831.573 Orientation: 0.185544 0.120441 0.973758 0.0535032 Time: 17444177265253
Position: -56.6167 65.07 -831.583 Orientation: 0.185676 0.120573 0.973715 0.053536 Time: 17444410782243
Position: -56.6167 65.07 -831.59 Orientation: 0.185814 0.120409 0.973707 0.0535707 Time: 17444646091121
Position: -56.61 65.0633 -831.573 Orientation: 0.185405 0.120603 0.973761 0.0535682 Time: 17444879176202
Position: -56.6133 65.07 -831.59 Orientation: 0.185476 0.120639 0.973747 0.0535026 Time: 17445066732365
Position: -56.6133 65.07 -831.59 Orientation: 0.185449 0.120644 0.973751 0.0535046 Time: 17445299397893
Position: -56.6233 65.0667 -831.597 Orientation: 0.185777 0.120373 0.973718 0.0535695 Time: 17445535488085
Position: -56.6167 65.0667 -831.61 Orientation: 0.185748 0.120476 0.973711 0.0535709 Time: 17445720775777
Position: -56.6167 65.0667 -831.59 Orientation: 0.185639 0.120504 0.97373 0.053535 Time: 17445954879227
Position: -56.61 65.0733 -831.573 Orientation: 0.184948 0.120709 0.973842 0.0534375 Time: 17446189609059
Position: -56.6133 65.0667 -831.563 Orientation: 0.185177 0.120507 0.97382 0.0535029 Time: 17446424111721
Position: -56.61 65.0667 -831.583 Orientation: 0.185007 0.120638 0.973838 0.0534687 Time: 17446611444135
Position: -56.61 65.0667 -831.557 Orientation: 0.185215 0.120777 0.973781 0.0534711 Time: 17446845938432
Position: -56.61 65.07 -831.57 Orientation: 0.184981 0.120676 0.97384 0.0534373 Time: 17447081347494
Position: -56.6133 65.0733 -831.587 Orientation: 0.185084 0.120644 0.973822 0.0534715 Time: 17447314590738
Position: -56.62 65.06 -831.57 Orientation: 0.18611 0.120373 0.973653 0.0536029 Time: 17447548719852
Position: -56.6133 65.0667 -831.583 Orientation: 0.185515 0.120576 0.973743 0.0535709 Time: 17447781652662
Position: -56.62 65.0667 -831.59 Orientation: 0.185546 0.120375 0.973764 0.0535369 Time: 17448014857697
Position: -56.61 65.0733 -831.59 Orientation: 0.185346 0.120708 0.973765 0.0534702 Time: 17448249226337
Position: -56.62 65.0633 -831.593 Orientation: 0.185947 0.120476 0.973673 0.0535707 Time: 17448484047227
Position: -56.6167 65.0633 -831.59 Orientation: 0.185884 0.120444 0.973689 0.0535716 Time: 17448716955324
Position: -56.6167 65.07 -831.59 Orientation: 0.185514 0.120642 0.973739 0.053504 Time: 17448951031400
Position: -56.6167 65.06 -831.593 Orientation: 0.185581 0.120509 0.973741 0.0535374 Time: 17449184555994
Position: -56.6133 65.0667 -831.59 Orientation: 0.185474 0.120471 0.97377 0.0534687 Time: 17449419195147
Position: -56.61 65.0633 -831.59 Orientation: 0.185716 0.12051 0.973715 0.0535378 Time: 17449604407939
Position: -56.6167 65.07 -831.6 Orientation: 0.185609 0.120672 0.973713 0.0535692 Time: 17449839319887
Position: -56.6133 65.0667 -831.563 Orientation: 0.185481 0.120643 0.973743 0.0535375 Time: 17450026726821
Position: -56.62 65.0633 -831.593 Orientation: 0.186347 0.120376 0.973607 0.0536041 Time: 17450260145909
Position: -56.61 65.0733 -831.577 Orientation: 0.185048 0.12081 0.97381 0.0534376 Time: 17450495089984
Position: -56.6133 65.0667 -831.58 Orientation: 0.18548 0.120442 0.97377 0.0535039 Time: 17450728264413
Position: -56.6167 65.07 -831.587 Orientation: 0.185611 0.120607 0.973723 0.0535364 Time: 17450962951092
Position: -56.6167 65.07 -831.593 Orientation: 0.185579 0.120575 0.973733 0.053537 Time: 17451150275332
Position: -56.6133 65.07 -831.567 Orientation: 0.185176 0.120539 0.973816 0.0535027 Time: 17451384532573
Position: -56.61 65.07 -831.567 Orientation: 0.184783 0.120611 0.973885 0.053438 Time: 17451619244536
Position: -56.6133 65.0633 -831.57 Orientation: 0.185746 0.120542 0.973702 0.0536038 Time: 17451853156935
Position: -56.61 65.07 -831.577 Orientation: 0.185439 0.12057 0.973762 0.0535016 Time: 17452086088224
Position: -56.6167 65.0633 -831.61 Orientation: 0.186354 0.120347 0.973609 0.053606 Time: 17452320030849
Position: -56.61 65.0767 -831.607 Orientation: 0.185277 0.120607 0.97379 0.0534698 Time: 17452554251211
Position: -56.6067 65.0667 -831.57 Orientation: 0.184684 0.120478 0.973924 0.0533716 Time: 17452788556358
Position: -56.61 65.0667 -831.597 Orientation: 0.185278 0.120574 0.973792 0.0535032 Time: 17452975872803
Position: -56.6167 65.06 -831.6 Orientation: 0.185849 0.120277 0.973716 0.0535712 Time: 17453210455878
Position: -56.6167 65.0633 -831.587 Orientation: 0.186208 0.120572 0.973608 0.0536356 Time: 17453443670037
Position: -56.62 65.07 -831.59 Orientation: 0.185378 0.120674 0.973761 0.0535033 Time: 17453677229989
Position: -56.6067 65.07 -831.593 Orientation: 0.185114 0.120709 0.973808 0.0534708 Time: 17453911268425
Position: -56.61 65.07 -831.593 Orientation: 0.185214 0.120543 0.973808 0.0535041 Time: 17454098235656
Position: -56.6167 65.0667 -831.593 Orientation: 0.185543 0.120506 0.973749 0.053536 Time: 17454331400959
Position: -56.6133 65.0767 -831.59 Orientation: 0.185007 0.120671 0.973837 0.053402 Time: 17454566840056
Position: -56.61 65.0733 -831.577 Orientation: 0.184814 0.120676 0.973872 0.0534373 Time: 17454800225497
Position: -56.6167 65.07 -831.603 Orientation: 0.185376 0.120506 0.973782 0.0535027 Time: 17455036113422
Position: -56.6033 65.07 -831.56 Orientation: 0.184748 0.120776 0.973875 0.0533708 Time: 17455269651893
Position: -56.6133 65.0667 -831.567 Orientation: 0.185183 0.120511 0.97382 0.0534714 Time: 17455502881640
Position: -56.6133 65.07 -831.597 Orientation: 0.18571 0.120473 0.973721 0.0535363 Time: 17455736510029
Position: -56.6067 65.07 -831.547 Orientation: 0.184073 0.120804 0.974001 0.0533352 Time: 17455970867643
Position: -56.6233 65.0667 -831.58 Orientation: 0.185744 0.120673 0.973688 0.0535697 Time: 17456204574163
Position: -56.6233 65.07 -831.613 Orientation: 0.186076 0.12044 0.973651 0.0536028 Time: 17456439055533
