Position: -85.1733 6.46 -965.673 Orientation: -0.223688 -0.66433 0.0929422 0.707101 Time: 17907684450773
Position: -85.17 6.45667 -965.68 Orientation: -0.223821 -0.664196 0.0930754 0.707167 Time: 17907901442692
Position: -85.1733 6.46667 -965.663 Orientation: -0.223646 -0.664338 0.0929386 0.707107 Time: 17908057251474
Position: -85.1667 6.46 -965.673 Orientation: -0.223723 -0.664469 0.0930764 0.706941 Time: 17908203400862
Position: -85.1733 6.45333 -965.683 Orientation: -0.223756 -0.6644 0.0930093 0.707004 Time: 17908353772956
Position: -85.17 6.45667 -965.677 Orientation: -0.223718 -0.664353 0.0930408 0.707056 Time: 17908515146174
Position: -85.1767 6.45 -965.703 Orientation: -0.223846 -0.664336 0.0932384 0.707005 Time: 17908666808291
Position: -85.17 6.46 -965.687 Orientation: -0.223791 -0.66434 0.0930436 0.707045 Time: 17908821808765
Position: -85.17 6.45 -965.643 Orientation: -0.223888 -0.664196 0.0931754 0.707133 Time: 17909008948227
Position: -85.1767 6.46333 -965.68 Orientation: -0.223753 -0.664124 0.0930413 0.707261 Time: 17909164787426
Position: -85.1667 6.45667 -965.64 Orientation: -0.223681 -0.664375 0.0930724 0.707044 Time: 17909321163849
Position: -85.1633 6.46 -965.643 Orientation: -0.223755 -0.664398 0.0930424 0.707002 Time: 17909492535982
Position: -85.1767 6.45 -965.677 Orientation: -0.223851 -0.664253 0.0931742 0.70709 Time: 17909633157242
Position: -85.18 6.45333 -965.677 Orientation: -0.223783 -0.66425 0.0931403 0.70712 Time: 17909789793533
Position: -85.17 6.45667 -965.667 Orientation: -0.223784 -0.664286 0.0931074 0.707089 Time: 17909976481316
Position: -85.17 6.45667 -965.677 Orientation: -0.223812 -0.66437 0.0930719 0.707006 Time: 17910116653939
Position: -85.1733 6.45667 -965.693 Orientation: -0.223786 -0.664256 0.0930412 0.707126 Time: 17910267801453
Position: -85.1667 6.46 -965.667 Orientation: -0.223678 -0.664401 0.0929382 0.707037 Time: 17910459881061
Position: -85.1767 6.45 -965.707 Orientation: -0.223884 -0.664319 0.0931407 0.707022 Time: 17910579890087
Position: -85.17 6.45667 -965.653 Orientation: -0.22375 -0.66435 0.093007 0.707053 Time: 17910735534242
Position: -85.1733 6.45333 -965.683 Orientation: -0.223816 -0.664348 0.09314 0.707017 Time: 17910928173696
Position: -85.1733 6.45333 -965.657 Orientation: -0.223784 -0.664286 0.0931074 0.707089 Time: 17911083855872
Position: -85.1767 6.45333 -965.673 Orientation: -0.22392 -0.664259 0.093175 0.707063 Time: 17911188550198
Position: -85.1733 6.45333 -965.687 Orientation: -0.223814 -0.664241 0.0932057 0.70711 Time: 17911359703336
Position: -85.17 6.45667 -965.677 Orientation: -0.223784 -0.664351 0.0931737 0.70702 Time: 17911515791186
Position: -85.1667 6.45333 -965.687 Orientation: -0.223882 -0.664446 0.0933064 0.706882 Time: 17911692635556
Position: -85.17 6.45667 -965.657 Orientation: -0.223744 -0.664264 0.0930376 0.707132 Time: 17911858756159
Position: -85.17 6.45333 -965.647 Orientation: -0.223852 -0.664288 0.0931743 0.707058 Time: 17912015088289
Position: -85.17 6.45333 -965.67 Orientation: -0.223879 -0.664402 0.093205 0.706938 Time: 17912175699584
Position: -85.17 6.45333 -965.68 Orientation: -0.223817 -0.66445 0.0931404 0.70692 Time: 17912285448687
Position: -85.17 6.46 -965.677 Orientation: -0.223724 -0.664437 0.0930432 0.706975 Time: 17912451808436
Position: -85.1733 6.45667 -965.687 Orientation: -0.223853 -0.664324 0.0931414 0.707028 Time: 17912643888044
Position: -85.1733 6.45667 -965.683 Orientation: -0.223888 -0.664363 0.0932421 0.706967 Time: 17912815373478
Position: -85.17 6.45 -965.657 Orientation: -0.223812 -0.664437 0.0931052 0.706939 Time: 17912956092260
Position: -85.1667 6.45333 -965.66 Orientation: -0.223792 -0.664441 0.0930771 0.706946 Time: 17913127468955
Position: -85.1767 6.45667 -965.687 Orientation: -0.223754 -0.664327 0.0930752 0.707065 Time: 17913273284336
Position: -85.1767 6.45667 -965.67 Orientation: -0.223858 -0.66434 0.0931436 0.707011 Time: 17913439703587
Position: -85.1733 6.45667 -965.68 Orientation: -0.223755 -0.664366 0.0930092 0.707037 Time: 17913579750553
Position: -85.1733 6.45667 -965.68 Orientation: -0.223754 -0.664362 0.0930753 0.707032 Time: 17913725896709
Position: -85.17 6.45667 -965.683 Orientation: -0.22372 -0.664492 0.0930082 0.706929 Time: 17913944673483
Position: -85.18 6.45667 -965.677 Orientation: -0.223718 -0.664321 0.0930076 0.707091 Time: 17914094702825
Position: -85.1733 6.45 -965.69 Orientation: -0.223888 -0.664329 0.093242 0.706999 Time: 17914281983152
Position: -85.1733 6.45 -965.683 Orientation: -0.223719 -0.664456 0.0930412 0.706959 Time: 17914427789598
Position: -85.1667 6.45667 -965.68 Orientation: -0.223817 -0.66445 0.0931404 0.70692 Time: 17914578328600
Position: -85.1733 6.45333 -965.667 Orientation: -0.223786 -0.664425 0.0930749 0.706962 Time: 17914729362624
Position: -85.17 6.45667 -965.663 Orientation: -0.22372 -0.664526 0.0930084 0.706897 Time: 17914921475690
Position: -85.16 6.46 -965.66 Orientation: -0.22372 -0.664492 0.0930082 0.706929 Time: 17915061823015
Position: -85.17 6.45667 -965.67 Orientation: -0.223756 -0.664467 0.0930427 0.706937 Time: 17915217721905
Position: -85.17 6.45 -965.673 Orientation: -0.223921 -0.664394 0.0932085 0.706931 Time: 17915373929709
Position: -85.1767 6.44667 -965.647 Orientation: -0.223859 -0.664344 0.0930775 0.707015 Time: 17915545457534
Position: -85.17 6.45333 -965.673 Orientation: -0.22378 -0.664373 0.0931056 0.707009 Time: 17915685887363
Position: -85.17 6.45333 -965.7 Orientation: -0.223916 -0.664447 0.0932066 0.706883 Time: 17915857569171
Position: -85.1733 6.45333 -965.677 Orientation: -0.22375 -0.664417 0.0930403 0.706987 Time: 17915997704914
Position: -85.1667 6.45333 -965.653 Orientation: -0.223783 -0.664514 0.09304 0.706884 Time: 17916169513899
Position: -85.1733 6.45667 -965.653 Orientation: -0.223692 -0.66441 0.0930107 0.707015 Time: 17916309600025
Position: -85.1767 6.45667 -965.677 Orientation: -0.223817 -0.664352 0.0930739 0.707022 Time: 17916461022235
Position: -85.1733 6.45667 -965.687 Orientation: -0.223682 -0.664312 0.092973 0.707115 Time: 17916621506733
Position: -85.17 6.45333 -965.667 Orientation: -0.223813 -0.664471 0.0931053 0.706907 Time: 17916772879136
Position: -85.17 6.45333 -965.653 Orientation: -0.223787 -0.664393 0.0930417 0.706997 Time: 17916933488150
Position: -85.17 6.45 -965.683 Orientation: -0.22381 -0.664431 0.0932043 0.706933 Time: 17917105389524
Position: -85.17 6.45667 -965.67 Orientation: -0.223683 -0.664447 0.0930066 0.706984 Time: 17917261378522
Position: -85.1667 6.45 -965.667 Orientation: -0.223952 -0.664421 0.093241 0.706892 Time: 17917412328331
Position: -85.1733 6.45667 -965.673 Orientation: -0.223652 -0.664454 0.0929743 0.706991 Time: 17917573456890
Position: -85.17 6.45667 -965.667 Orientation: -0.223815 -0.664344 0.0932061 0.707013 Time: 17917713645862
Position: -85.1733 6.45 -965.673 Orientation: -0.223821 -0.664363 0.0931422 0.707001 Time: 17917854950154
Position: -85.1767 6.45333 -965.697 Orientation: -0.22378 -0.664405 0.0931388 0.706975 Time: 17918090487914
Position: -85.1733 6.45 -965.677 Orientation: -0.223879 -0.664303 0.0931385 0.707039 Time: 17918254844382
Position: -85.1733 6.45667 -965.663 Orientation: -0.223787 -0.664393 0.0930417 0.706997 Time: 17918427097062
Position: -85.17 6.46 -965.667 Orientation: -0.223653 -0.664458 0.0929082 0.706995 Time: 17918572182266
Position: -85.17 6.45667 -965.667 Orientation: -0.22372 -0.664458 0.0930081 0.706962 Time: 17918727553056
Position: -85.1667 6.45 -965.633 Orientation: -0.223921 -0.664394 0.0932085 0.706931 Time: 17918899392266
Position: -85.18 6.45 -965.687 Orientation: -0.223852 -0.664288 0.0931743 0.707058 Time: 17919039706704
Position: -85.1633 6.45667 -965.663 Orientation: -0.223684 -0.66455 0.093007 0.706887 Time: 17919195757294
Position: -85.1733 6.46 -965.663 Orientation: -0.22372 -0.664458 0.0930081 0.706962 Time: 17919351959966
Position: -85.1733 6.45333 -965.647 Orientation: -0.223819 -0.664322 0.0930077 0.707058 Time: 17919507764375
Position: -85.1767 6.45333 -965.67 Orientation: -0.223853 -0.664393 0.0931416 0.706963 Time: 17919658788894
Position: -85.18 6.45667 -965.667 Orientation: -0.223821 -0.664295 0.0931419 0.707065 Time: 17919819760430
Position: -85.17 6.45333 -965.66 Orientation: -0.223853 -0.664324 0.0931414 0.707028 Time: 17919976245021
Position: -85.1733 6.45667 -965.67 Orientation: -0.22379 -0.66437 0.0931099 0.707008 Time: 17920131556500
Position: -85.1733 6.45333 -965.667 Orientation: -0.223786 -0.664423 0.0931079 0.70696 Time: 17920319179958
Position: -85.1767 6.45667 -965.667 Orientation: -0.223718 -0.664422 0.093041 0.706992 Time: 17920474995014
Position: -85.1767 6.46 -965.677 Orientation: -0.223656 -0.664335 0.0929429 0.707106 Time: 17920615363630
Position: -85.1733 6.45 -965.677 Orientation: -0.223817 -0.664384 0.0931071 0.706987 Time: 17920787084978
Position: -85.1767 6.45333 -965.657 Orientation: -0.223812 -0.664336 0.0930717 0.707038 Time: 17920938090868
Position: -85.17 6.45 -965.667 Orientation: -0.223786 -0.664423 0.0931079 0.70696 Time: 17921067803962
Position: -85.1667 6.44667 -965.683 Orientation: -0.223854 -0.664461 0.0931419 0.706898 Time: 17921234075504
Position: -85.1767 6.45 -965.683 Orientation: -0.223851 -0.66432 0.0932075 0.707023 Time: 17921374924506
Position: -85.1667 6.45667 -965.67 Orientation: -0.223751 -0.664554 0.0930409 0.706857 Time: 17921582124150
Position: -85.1667 6.45333 -965.66 Orientation: -0.223827 -0.66448 0.0931778 0.706885 Time: 17921733310825
Position: -85.18 6.45 -965.677 Orientation: -0.223888 -0.664296 0.0932088 0.707034 Time: 17921878938956
Position: -85.17 6.44667 -965.673 Orientation: -0.223884 -0.664484 0.0932405 0.706854 Time: 17922035511753
Position: -85.1767 6.45333 -965.677 Orientation: -0.22379 -0.664403 0.093143 0.706974 Time: 17922196182740
Position: -85.1667 6.46667 -965.667 Orientation: -0.223514 -0.664542 0.0927726 0.706978 Time: 17922393417688
Position: -85.16 6.46 -965.663 Orientation: -0.223784 -0.664684 0.0930737 0.70672 Time: 17922503374951
Position: -85.1733 6.45667 -965.667 Orientation: -0.22378 -0.664373 0.0931056 0.707009 Time: 17922669259449
Position: -85.1767 6.45333 -965.68 Orientation: -0.223755 -0.664398 0.0930424 0.707002 Time: 17922861963728
Position: -85.1833 6.45 -965.68 Orientation: -0.223851 -0.66432 0.0932075 0.707023 Time: 17922981575443
Position: -85.1733 6.45667 -965.65 Orientation: -0.22378 -0.664408 0.0931057 0.706977 Time: 17923158961601
Position: -85.1733 6.45 -965.687 Orientation: -0.223889 -0.664365 0.0932091 0.706969 Time: 17923329664010
Position: -85.1767 6.44667 -965.69 Orientation: -0.223879 -0.664404 0.0931719 0.70694 Time: 17923485480966
