Position: -62.95 24.18 -868.413 Orientation: -0.538154 0.704037 0.446078 -0.125446 Time: 18082524883510
Position: -62.9567 24.18 -868.42 Orientation: -0.538215 0.704063 0.445973 -0.125411 Time: 18082676412746
Position: -62.9367 24.1833 -868.39 Orientation: -0.538145 0.703992 0.446104 -0.125644 Time: 18082868055693
Position: -62.97 24.19 -868.43 Orientation: -0.538065 0.704185 0.44612 -0.124848 Time: 18083023968271
Position: -62.96 24.19 -868.423 Orientation: -0.538044 0.704158 0.446104 -0.125144 Time: 18083163866198
Position: -62.9467 24.1833 -868.443 Orientation: -0.537873 0.704128 0.446394 -0.125017 Time: 18083315667848
Position: -62.9467 24.18 -868.4 Orientation: -0.538192 0.703976 0.446082 -0.125614 Time: 18083476801730
Position: -62.9433 24.18 -868.38 Orientation: -0.537903 0.704092 0.446358 -0.125216 Time: 18083632227270
Position: -62.9567 24.18 -868.407 Orientation: -0.538308 0.704021 0.445834 -0.125743 Time: 18083783021006
Position: -62.9467 24.18 -868.427 Orientation: -0.537884 0.704066 0.446442 -0.125145 Time: 18084006895330
Position: -62.9633 24.1767 -868.433 Orientation: -0.537947 0.704195 0.446239 -0.124878 Time: 18084162505838
Position: -62.95 24.1833 -868.373 Orientation: -0.538351 0.703967 0.445809 -0.125945 Time: 18084292855199
Position: -62.95 24.1833 -868.403 Orientation: -0.538049 0.704098 0.446174 -0.125211 Time: 18084454575541
Position: -62.9833 24.19 -868.42 Orientation: -0.53847 0.704124 0.445558 -0.12545 Time: 18084636087454
Position: -62.9567 24.1833 -868.37 Orientation: -0.538344 0.703991 0.445837 -0.125744 Time: 18084798225637
Position: -62.9433 24.18 -868.37 Orientation: -0.538006 0.704052 0.446233 -0.125443 Time: 18084969353491
Position: -62.9533 24.18 -868.38 Orientation: -0.538277 0.703991 0.445937 -0.125677 Time: 18085141610733
Position: -62.97 24.1833 -868.387 Orientation: -0.538487 0.704037 0.445611 -0.125679 Time: 18085348193121
Position: -62.9533 24.1833 -868.397 Orientation: -0.538081 0.704096 0.446073 -0.125444 Time: 18085494173319
Position: -62.9533 24.18 -868.407 Orientation: -0.538334 0.704011 0.445828 -0.125708 Time: 18085660597322
Position: -62.9533 24.18 -868.417 Orientation: -0.538183 0.704065 0.446008 -0.125412 Time: 18085827389740
Position: -62.9433 24.1833 -868.4 Orientation: -0.538019 0.704035 0.446243 -0.125446 Time: 18085988465832
Position: -62.9567 24.18 -868.433 Orientation: -0.538215 0.70403 0.446007 -0.125478 Time: 18086175853375
Position: -62.95 24.1767 -868.383 Orientation: -0.538208 0.703988 0.446035 -0.125643 Time: 18086357206934
Position: -62.95 24.1767 -868.39 Orientation: -0.538026 0.704044 0.446249 -0.125347 Time: 18086466899197
Position: -62.9567 24.18 -868.387 Orientation: -0.53834 0.703985 0.445833 -0.125809 Time: 18086643847553
Position: -62.9467 24.18 -868.44 Orientation: -0.537854 0.704104 0.446445 -0.125046 Time: 18086846035954
Position: -62.95 24.1833 -868.447 Orientation: -0.537895 0.704148 0.446318 -0.125081 Time: 18086986657594
Position: -62.95 24.1833 -868.417 Orientation: -0.538139 0.704051 0.446066 -0.125476 Time: 18087152898341
Position: -62.95 24.18 -868.38 Orientation: -0.538254 0.70397 0.445978 -0.125746 Time: 18087288024931
Position: -62.9533 24.1767 -868.417 Orientation: -0.537955 0.704139 0.446279 -0.125013 Time: 18087444248703
Position: -62.9367 24.1733 -868.42 Orientation: -0.538041 0.703987 0.446267 -0.125543 Time: 18087610248592
Position: -62.96 24.1833 -868.397 Orientation: -0.538315 0.70403 0.44584 -0.125645 Time: 18087756019679
Position: -62.95 24.18 -868.43 Orientation: -0.538146 0.704027 0.446105 -0.125444 Time: 18087922822363
Position: -62.9367 24.1767 -868.413 Orientation: -0.537749 0.704097 0.446574 -0.125078 Time: 18088093870754
Position: -62.96 24.1867 -868.393 Orientation: -0.538265 0.704041 0.445893 -0.125607 Time: 18088234340505
Position: -62.97 24.1867 -868.413 Orientation: -0.538217 0.704132 0.445908 -0.125245 Time: 18088374815007
Position: -62.96 24.1833 -868.41 Orientation: -0.538188 0.704071 0.446012 -0.125346 Time: 18088541742017
Position: -62.9533 24.18 -868.413 Orientation: -0.538175 0.704022 0.446068 -0.125476 Time: 18088728494815
Position: -62.9567 24.1833 -868.397 Orientation: -0.538349 0.703997 0.44584 -0.125678 Time: 18088884575251
Position: -62.9733 24.1867 -868.39 Orientation: -0.538475 0.704055 0.445635 -0.125543 Time: 18089055965823
Position: -62.9533 24.18 -868.39 Orientation: -0.538112 0.704059 0.446104 -0.125411 Time: 18089221183448
Position: -62.9633 24.1867 -868.407 Orientation: -0.538415 0.704031 0.445707 -0.125678 Time: 18089407603569
Position: -62.9633 24.1833 -868.41 Orientation: -0.538335 0.704045 0.445829 -0.125508 Time: 18089641216370
Position: -62.9767 24.1867 -868.443 Orientation: -0.538299 0.704109 0.445827 -0.125308 Time: 18089828387579
Position: -62.9433 24.18 -868.393 Orientation: -0.53795 0.704098 0.446275 -0.125278 Time: 18090063508448
Position: -62.9667 24.1833 -868.383 Orientation: -0.538301 0.704078 0.445828 -0.125475 Time: 18090250371313
Position: -62.95 24.1833 -868.413 Orientation: -0.538002 0.704057 0.446257 -0.125349 Time: 18090484029168
Position: -62.9467 24.1833 -868.423 Orientation: -0.53786 0.704145 0.446383 -0.125014 Time: 18090672776881
Position: -62.9833 24.19 -868.417 Orientation: -0.538591 0.704075 0.445414 -0.125713 Time: 18090905772425
Position: -62.9367 24.1767 -868.457 Orientation: -0.537657 0.704141 0.446681 -0.124847 Time: 18091139477994
Position: -62.96 24.1867 -868.4 Orientation: -0.538104 0.704149 0.446065 -0.125075 Time: 18091325451569
Position: -62.95 24.18 -868.387 Orientation: -0.538128 0.704014 0.446118 -0.125548 Time: 18091468367154
Position: -62.9633 24.1833 -868.417 Orientation: -0.538111 0.704125 0.446104 -0.125044 Time: 18096037503818
Position: -62.9433 24.1833 -868.403 Orientation: -0.538127 0.704012 0.446083 -0.125681 Time: 18096225472119
Position: -62.9533 24.1833 -868.42 Orientation: -0.538148 0.704063 0.446073 -0.125345 Time: 18096458541612
Position: -62.94 24.1833 -868.417 Orientation: -0.53809 0.704075 0.446114 -0.12538 Time: 18096646571885
Position: -62.9633 24.1867 -868.417 Orientation: -0.538224 0.704108 0.445947 -0.125213 Time: 18096880369083
Position: -62.9367 24.1867 -868.437 Orientation: -0.538023 0.704064 0.446186 -0.125472 Time: 18097067370533
Position: -62.9633 24.1833 -868.417 Orientation: -0.538184 0.704066 0.446042 -0.125278 Time: 18097302026985
Position: -62.9633 24.1833 -868.393 Orientation: -0.538391 0.704008 0.445781 -0.125647 Time: 18097488553943
Position: -62.9567 24.18 -868.4 Orientation: -0.538217 0.704066 0.445975 -0.125378 Time: 18097723116487
Position: -62.9633 24.1867 -868.397 Orientation: -0.538417 0.703999 0.445775 -0.125612 Time: 18097908763278
Position: -62.9667 24.1867 -868.413 Orientation: -0.538391 0.704042 0.445747 -0.12558 Time: 18098144018548
Position: -62.96 24.18 -868.427 Orientation: -0.538282 0.704063 0.445873 -0.125478 Time: 18098331227968
Position: -62.94 24.18 -868.413 Orientation: -0.537949 0.704064 0.44634 -0.125245 Time: 18098565386167
Position: -62.9467 24.18 -868.44 Orientation: -0.537956 0.704107 0.44628 -0.12518 Time: 18098752418983
Position: -62.95 24.1833 -868.403 Orientation: -0.538129 0.704048 0.446118 -0.125348 Time: 18098986200592
Position: -62.94 24.1833 -868.447 Orientation: -0.537898 0.704084 0.446387 -0.125182 Time: 18099172688009
Position: -62.9567 24.1867 -868.417 Orientation: -0.538081 0.704129 0.446106 -0.125144 Time: 18099406735190
Position: -62.95 24.1833 -868.403 Orientation: -0.538213 0.70406 0.445971 -0.125444 Time: 18099642132655
Position: -62.96 24.18 -868.42 Orientation: -0.538344 0.704024 0.44587 -0.125444 Time: 18099829068900
Position: -62.93 24.1833 -868.433 Orientation: -0.537648 0.704129 0.446673 -0.124978 Time: 18100063686192
Position: -62.9467 24.18 -868.427 Orientation: -0.538077 0.704057 0.446169 -0.125343 Time: 18100296340885
Position: -62.9633 24.19 -868.403 Orientation: -0.538266 0.704075 0.445893 -0.125408 Time: 18100484812572
Position: -62.94 24.18 -868.423 Orientation: -0.537988 0.704072 0.446279 -0.125246 Time: 18100717390275
Position: -62.9633 24.18 -868.443 Orientation: -0.538083 0.704132 0.446108 -0.125112 Time: 18100953299491
Position: -62.9533 24.18 -868.417 Orientation: -0.53821 0.704057 0.44597 -0.125477 Time: 18101138808269
Position: -62.9467 24.1867 -868.45 Orientation: -0.537815 0.704164 0.446474 -0.124778 Time: 18101372983197
Position: -62.9567 24.1833 -868.407 Orientation: -0.538121 0.704071 0.446112 -0.125279 Time: 18101606464828
Position: -62.9733 24.1833 -868.417 Orientation: -0.538448 0.704063 0.445673 -0.125478 Time: 18101793620449
Position: -62.97 24.1833 -868.437 Orientation: -0.538301 0.704122 0.445823 -0.125249 Time: 18102028636382
Position: -62.9533 24.1833 -868.41 Orientation: -0.537986 0.704135 0.44621 -0.125146 Time: 18102262410008
Position: -62.9433 24.18 -868.407 Orientation: -0.538014 0.704063 0.446206 -0.125444 Time: 18102450254363
Position: -62.95 24.1833 -868.41 Orientation: -0.538094 0.704046 0.446183 -0.125281 Time: 18102683105050
Position: -62.9533 24.1833 -868.4 Orientation: -0.538107 0.704086 0.446067 -0.125409 Time: 18102917930312
Position: -62.97 24.1833 -868.397 Orientation: -0.538516 0.703998 0.445608 -0.125778 Time: 18103151334192
Position: -62.9567 24.18 -868.417 Orientation: -0.537917 0.704166 0.446309 -0.124912 Time: 18103339446590
Position: -62.9567 24.1767 -868.4 Orientation: -0.538182 0.704064 0.44604 -0.125311 Time: 18103573243597
Position: -62.96 24.18 -868.41 Orientation: -0.538258 0.70401 0.445948 -0.125614 Time: 18103760254361
Position: -62.9533 24.1833 -868.42 Orientation: -0.537913 0.704161 0.446305 -0.124977 Time: 18103992291607
Position: -62.9633 24.1867 -868.4 Orientation: -0.538093 0.704145 0.446083 -0.125081 Time: 18104228944688
Position: -62.97 24.1867 -868.437 Orientation: -0.538251 0.704067 0.445942 -0.125345 Time: 18104414675504
Position: -62.9667 24.19 -868.4 Orientation: -0.538393 0.704044 0.445749 -0.125547 Time: 18104649158585
Position: -62.9633 24.19 -868.443 Orientation: -0.538199 0.704108 0.44596 -0.125274 Time: 18104835646192
Position: -62.9567 24.1833 -868.4 Orientation: -0.538196 0.704015 0.446052 -0.125481 Time: 18105069586536
Position: -62.96 24.1933 -868.437 Orientation: -0.538129 0.704114 0.446051 -0.125214 Time: 18105304123606
Position: -62.9567 24.19 -868.423 Orientation: -0.5381 0.704077 0.446128 -0.125274 Time: 18105491066314
Position: -62.9533 24.1833 -868.427 Orientation: -0.537939 0.704118 0.446332 -0.125009 Time: 18105726513395
Position: -62.96 24.19 -868.407 Orientation: -0.53846 0.703968 0.445688 -0.125906 Time: 18105958780853
