Position: -13.01 75.6433 -955.23 Orientation: -0.0739384 -0.350224 0.933597 -0.0165011 Time: 19336684985336
Position: -13.01 75.6367 -955.203 Orientation: -0.0742366 -0.350049 0.933641 -0.016434 Time: 19336918409366
Position: -13.0067 75.6467 -955.237 Orientation: -0.0739052 -0.350225 0.9336 -0.0165012 Time: 19337150565615
Position: -13.01 75.6433 -955.24 Orientation: -0.0738732 -0.350097 0.933649 -0.0165681 Time: 19337385973346
Position: -13.01 75.6433 -955.243 Orientation: -0.0740038 -0.350252 0.933582 -0.0165009 Time: 19337618461701
Position: -13.01 75.6467 -955.237 Orientation: -0.0739722 -0.350293 0.933569 -0.0164679 Time: 19337804920983
Position: -13.0033 75.6433 -955.23 Orientation: -0.074039 -0.350094 0.933638 -0.0165013 Time: 19338088002727
Position: -13.0067 75.6533 -955.237 Orientation: -0.0736061 -0.350162 0.933644 -0.0166347 Time: 19338320574917
Position: -13.01 75.6433 -955.24 Orientation: -0.0740379 -0.349955 0.933691 -0.0164677 Time: 19338556210388
Position: -13.0067 75.6367 -955.23 Orientation: -0.07424 -0.349932 0.933684 -0.0164348 Time: 19338741719167
Position: -13.0133 75.6333 -955.217 Orientation: -0.0742729 -0.35003 0.933645 -0.0164014 Time: 19338974830672
Position: -13.01 75.65 -955.23 Orientation: -0.0737385 -0.350258 0.933599 -0.0166012 Time: 19339211085301
Position: -13.01 75.6367 -955.207 Orientation: -0.0743384 -0.350057 0.93363 -0.0164011 Time: 19339445692518
Position: -13.0067 75.6467 -955.227 Orientation: -0.0737391 -0.350328 0.933574 -0.0165346 Time: 19339725972179
Position: -13.01 75.6367 -955.227 Orientation: -0.074172 -0.349992 0.933667 -0.0164345 Time: 19339960067645
Position: -13.0033 75.6533 -955.25 Orientation: -0.0732733 -0.350298 0.933618 -0.0167348 Time: 19340243435111
Position: -13 75.6567 -955.247 Orientation: -0.0734045 -0.350255 0.933624 -0.0167344 Time: 19340522493374
Position: -13.0133 75.6367 -955.227 Orientation: -0.0742043 -0.35002 0.933654 -0.0164343 Time: 19340755933563
Position: -13.01 75.6467 -955.237 Orientation: -0.0739741 -0.350135 0.933628 -0.0165017 Time: 19340991563142
Position: -13.01 75.6433 -955.237 Orientation: -0.074373 -0.350097 0.933613 -0.0163681 Time: 19341224743653
Position: -13.0067 75.65 -955.237 Orientation: -0.073436 -0.350313 0.9336 -0.0167006 Time: 19341458114835
Position: -13.01 75.6367 -955.22 Orientation: -0.0744391 -0.349927 0.933672 -0.0163346 Time: 19341738220174
Position: -13.0067 75.6433 -955.22 Orientation: -0.0736713 -0.350022 0.933692 -0.016601 Time: 19341925752004
Position: -13.01 75.6433 -955.23 Orientation: -0.0737382 -0.35009 0.933662 -0.0166011 Time: 19342159938908
Position: -13.0067 75.6467 -955.217 Orientation: -0.0736739 -0.350201 0.933625 -0.016635 Time: 19342394398417
Position: -13.01 75.65 -955.237 Orientation: -0.0733391 -0.349961 0.93374 -0.0167013 Time: 19342626877267
Position: -13.01 75.64 -955.227 Orientation: -0.0741382 -0.349923 0.933695 -0.0164678 Time: 19342862373205
Position: -13.01 75.6433 -955.24 Orientation: -0.0737065 -0.349864 0.933749 -0.0166015 Time: 19343094688188
Position: -13.01 75.64 -955.22 Orientation: -0.0742383 -0.34999 0.933663 -0.0164011 Time: 19343390671874
Position: -13.0133 75.6367 -955.223 Orientation: -0.0745031 -0.349914 0.933672 -0.0163007 Time: 19343672629934
Position: -13.0067 75.6567 -955.26 Orientation: -0.0733373 -0.350286 0.933617 -0.0167676 Time: 19343905891237
Position: -13.01 75.6533 -955.237 Orientation: -0.0736404 -0.3503 0.93359 -0.0166349 Time: 19344141656548
Position: -13.0033 75.64 -955.227 Orientation: -0.0740061 -0.349996 0.933678 -0.0165014 Time: 19344373850627
Position: -13.01 75.6267 -955.22 Orientation: -0.0750703 -0.35005 0.933579 -0.0161341 Time: 19344625831143
Position: -13.0033 75.64 -955.22 Orientation: -0.0739407 -0.349968 0.933693 -0.016535 Time: 19344858307521
Position: -13.0067 75.63 -955.217 Orientation: -0.0743408 -0.349802 0.933727 -0.0163016 Time: 19345092018224
Position: -13.01 75.6367 -955.23 Orientation: -0.0744082 -0.349938 0.933669 -0.0163685 Time: 19345326884738
Position: -13.0067 75.6433 -955.23 Orientation: -0.0737405 -0.350101 0.933657 -0.0166016 Time: 19345559097637
Position: -13 75.6367 -955.237 Orientation: -0.0742712 -0.349821 0.933723 -0.0164343 Time: 19345794527229
Position: -13.0033 75.6533 -955.237 Orientation: -0.073339 -0.350227 0.933639 -0.0167346 Time: 19346028057146
Position: -13.0067 75.6333 -955.2 Orientation: -0.0746401 -0.350032 0.933618 -0.0162681 Time: 19346262386435
Position: -13.0067 75.6567 -955.26 Orientation: -0.0731043 -0.350321 0.933621 -0.016801 Time: 19346496044099
Position: -13.0067 75.6533 -955.243 Orientation: -0.0735384 -0.350124 0.933665 -0.0166011 Time: 19346729233356
Position: -13.0067 75.6467 -955.233 Orientation: -0.0735395 -0.350263 0.933611 -0.0166681 Time: 19346963349162
Position: -13.0067 75.63 -955.197 Orientation: -0.0744408 -0.350135 0.933594 -0.016335 Time: 19347198565272
Position: -13.01 75.6433 -955.223 Orientation: -0.073804 -0.350019 0.933684 -0.0165676 Time: 19347431490668
Position: -13.0067 75.6367 -955.247 Orientation: -0.0742406 -0.350001 0.933658 -0.0164349 Time: 19347666673700
Position: -13.0033 75.64 -955.213 Orientation: -0.0741065 -0.349964 0.933682 -0.0165014 Time: 19347898982029
Position: -13.0067 75.64 -955.233 Orientation: -0.0741042 -0.35022 0.933586 -0.0164676 Time: 19348133504651
Position: -13.0133 75.6367 -955.23 Orientation: -0.0744405 -0.349967 0.933656 -0.0163682 Time: 19348368406524
Position: -13.0067 75.65 -955.237 Orientation: -0.0737065 -0.350131 0.933649 -0.0166015 Time: 19348554561645
Position: -13.01 75.6267 -955.203 Orientation: -0.0748041 -0.350086 0.933585 -0.0162342 Time: 19348835593154
Position: -13.0033 75.65 -955.257 Orientation: -0.0738378 -0.350088 0.933656 -0.0165343 Time: 19349023110156
Position: -13.0067 75.6333 -955.21 Orientation: -0.0743395 -0.350196 0.933578 -0.0164014 Time: 19349256974270
Position: -13.0067 75.6367 -955.223 Orientation: -0.074272 -0.350059 0.933634 -0.0164345 Time: 19349490591252
Position: -13.01 75.65 -955.223 Orientation: -0.0735075 -0.350136 0.933662 -0.0166684 Time: 19349724857428
Position: -13.0033 75.6467 -955.233 Orientation: -0.0736389 -0.35026 0.933605 -0.0166679 Time: 19349959174742
Position: -13.0033 75.6433 -955.227 Orientation: -0.0737385 -0.349991 0.933699 -0.0166012 Time: 19350193010340
Position: -13.01 75.64 -955.237 Orientation: -0.0739372 -0.350085 0.933649 -0.0165342 Time: 19350427183747
Position: -13.0133 75.6333 -955.237 Orientation: -0.0748047 -0.349889 0.933659 -0.0162344 Time: 19350659401209
Position: -13.0133 75.6233 -955.203 Orientation: -0.0749066 -0.349897 0.933648 -0.0161681 Time: 19350894953416
Position: -13.01 75.64 -955.22 Orientation: -0.0741397 -0.349963 0.93368 -0.0164347 Time: 19351130607707
Position: -13.01 75.6433 -955.233 Orientation: -0.0737079 -0.349904 0.933734 -0.0166018 Time: 19351362619670
Position: -13.0067 75.6333 -955.213 Orientation: -0.0745045 -0.350221 0.933556 -0.0163343 Time: 19351597100470
Position: -13.0067 75.64 -955.243 Orientation: -0.0739395 -0.350096 0.933645 -0.0165347 Time: 19351830515566
Position: -13.01 75.6333 -955.237 Orientation: -0.0745394 -0.350162 0.933576 -0.0163347 Time: 19352064390704
Position: -13.01 75.6267 -955.207 Orientation: -0.0750071 -0.350033 0.933589 -0.0162015 Time: 19352298347017
Position: -13.01 75.6267 -955.19 Orientation: -0.0745386 -0.349658 0.933766 -0.0162678 Time: 19352533949411
Position: -13 75.6533 -955.237 Orientation: -0.0730722 -0.350193 0.933671 -0.0168346 Time: 19352767253488
Position: -13.01 75.63 -955.193 Orientation: -0.0746052 -0.349824 0.933698 -0.0162678 Time: 19353000482285
Position: -13.01 75.64 -955.2 Orientation: -0.0742732 -0.349931 0.933682 -0.0164014 Time: 19353236231246
Position: -13.01 75.64 -955.23 Orientation: -0.074206 -0.349961 0.933675 -0.016468 Time: 19353468702112
Position: -13.01 75.6633 -955.277 Orientation: -0.0731355 -0.35021 0.93366 -0.0168005 Time: 19353703609688
Position: -13.0067 75.6433 -955.237 Orientation: -0.0741402 -0.350033 0.933654 -0.0164682 Time: 19353937049116
Position: -13.0067 75.64 -955.23 Orientation: -0.0743075 -0.350069 0.933628 -0.0164017 Time: 19354171201992
Position: -13.0167 75.6333 -955.22 Orientation: -0.0746051 -0.349824 0.933697 -0.0163345 Time: 19354405867190
Position: -13.01 75.64 -955.237 Orientation: -0.0742383 -0.34999 0.933662 -0.0164344 Time: 19354638330832
Position: -13.01 75.6567 -955.26 Orientation: -0.0734389 -0.350126 0.93367 -0.0166679 Time: 19354872270035
Position: -13.01 75.65 -955.237 Orientation: -0.0739061 -0.350195 0.93361 -0.0165347 Time: 19355107161072
Position: -13.0133 75.6333 -955.223 Orientation: -0.0745715 -0.350022 0.933627 -0.0162677 Time: 19355341469260
Position: -13.0033 75.65 -955.243 Orientation: -0.0738051 -0.350157 0.933631 -0.0166011 Time: 19355575144034
Position: -13.01 75.6367 -955.223 Orientation: -0.0744036 -0.349917 0.933678 -0.0163674 Time: 19355808331959
Position: -13.0133 75.6533 -955.25 Orientation: -0.0733045 -0.350188 0.933657 -0.016701 Time: 19356043842915
Position: -13.01 75.65 -955.253 Orientation: -0.0738369 -0.350117 0.933645 -0.0165341 Time: 19356277619961
Position: -13.0067 75.6567 -955.26 Orientation: -0.0734042 -0.350087 0.933687 -0.0167343 Time: 19356511789567
Position: -13.01 75.6433 -955.237 Orientation: -0.073973 -0.349997 0.93368 -0.0165014 Time: 19356791018922
Position: -13.0067 75.6267 -955.193 Orientation: -0.0745737 -0.350033 0.933621 -0.0163349 Time: 19356978808908
Position: -13.0133 75.64 -955.227 Orientation: -0.0741062 -0.350063 0.933645 -0.016468 Time: 19357259731679
Position: -13.0133 75.6467 -955.23 Orientation: -0.0739718 -0.350125 0.933632 -0.0165012 Time: 19357448241577
Position: -13.0067 75.6567 -955.247 Orientation: -0.0731735 -0.350133 0.933687 -0.0167682 Time: 19357679557201
Position: -13.01 75.6467 -955.243 Orientation: -0.0737717 -0.350257 0.933597 -0.0165678 Time: 19357915648154
Position: -13.01 75.66 -955.263 Orientation: -0.0733716 -0.350157 0.933663 -0.0167345 Time: 19358149095377
Position: -13.01 75.6567 -955.247 Orientation: -0.0734708 -0.350253 0.93362 -0.0167009 Time: 19358382719013
Position: -13.0167 75.6367 -955.217 Orientation: -0.0743049 -0.34989 0.933695 -0.0164344 Time: 19358618174459
Position: -13.0133 75.6533 -955.26 Orientation: -0.0735721 -0.350193 0.933636 -0.0166346 Time: 19358850214176
Position: -13.0133 75.6333 -955.207 Orientation: -0.0744373 -0.349985 0.93365 -0.0163675 Time: 19359131054634
Position: -13.01 75.64 -955.22 Orientation: -0.0740701 -0.349983 0.933677 -0.0165008 Time: 19359364826168
Position: -13.0133 75.6333 -955.217 Orientation: -0.074572 -0.350092 0.9336 -0.0163012 Time: 19359599376545
Position: -13.0167 75.64 -955.22 Orientation: -0.0745051 -0.350024 0.933631 -0.0163011 Time: 19359832903800
Position: -13.01 75.6633 -955.253 Orientation: -0.0732378 -0.350288 0.933624 -0.0167677 Time: 19360068636793
