Position: -21.0533 100.107 -996.403 Orientation: -0.332608 -0.0968023 0.937822 0.0221672 Time: 18372669528441
Position: -21.0667 100.097 -996.37 Orientation: -0.3332 -0.0963428 0.937659 0.0221689 Time: 18372900902426
Position: -21.0533 100.1 -996.367 Orientation: -0.332458 -0.0965737 0.937902 0.0220349 Time: 18373135283993
Position: -21.0667 100.103 -996.333 Orientation: -0.333088 -0.0964061 0.937693 0.0221347 Time: 18373324310015
Position: -21.0733 100.097 -996.34 Orientation: -0.333396 -0.0967084 0.937549 0.0223019 Time: 18373557834418
Position: -21.0533 100.103 -996.39 Orientation: -0.332527 -0.0965745 0.937876 0.0220685 Time: 18373807222912
Position: -21.0567 100.1 -996.373 Orientation: -0.332787 -0.0965059 0.93779 0.0221013 Time: 18374040469578
Position: -21.0667 100.103 -996.37 Orientation: -0.333317 -0.0963716 0.937614 0.0221678 Time: 18374226701500
Position: -21.0767 100.107 -996.387 Orientation: -0.333555 -0.0960729 0.937561 0.0221348 Time: 18374508242859
Position: -21.07 100.103 -996.383 Orientation: -0.333287 -0.0963727 0.937625 0.022168 Time: 18374743053864
Position: -21.0767 100.1 -996.357 Orientation: -0.333662 -0.0961417 0.937515 0.0221686 Time: 18374977777802
Position: -21.0767 100.097 -996.367 Orientation: -0.333721 -0.0964395 0.93746 0.0223348 Time: 18375210699397
Position: -21.0667 100.103 -996.36 Orientation: -0.332952 -0.0966055 0.93772 0.0221679 Time: 18375445982801
Position: -21.0667 100.11 -996.343 Orientation: -0.333194 -0.0959079 0.93771 0.0219685 Time: 18375725778086
Position: -21.0667 100.103 -996.357 Orientation: -0.333318 -0.0963386 0.937617 0.0221679 Time: 18375959839144
Position: -21.07 100.107 -996.383 Orientation: -0.333386 -0.0963724 0.937589 0.0222013 Time: 18376194166722
Position: -21.0633 100.103 -996.403 Orientation: -0.332853 -0.0966057 0.937755 0.022168 Time: 18376380872185
Position: -21.0567 100.103 -996.377 Orientation: -0.332751 -0.0966719 0.937784 0.0221679 Time: 18376614114289
Position: -21.06 100.103 -996.357 Orientation: -0.33303 -0.0963754 0.937718 0.0220687 Time: 18376849092012
Position: -21.0467 100.103 -996.353 Orientation: -0.332459 -0.0965407 0.937905 0.022035 Time: 18377082361110
Position: -21.06 100.11 -996.397 Orientation: -0.332962 -0.0963415 0.937746 0.0220685 Time: 18377269603797
Position: -21.06 100.103 -996.357 Orientation: -0.333031 -0.0963423 0.937721 0.0221021 Time: 18377503752111
Position: -21.0567 100.1 -996.367 Orientation: -0.332993 -0.0965744 0.937709 0.0221684 Time: 18377737241156
Position: -21.0533 100.107 -996.397 Orientation: -0.332726 -0.0965742 0.937807 0.0220351 Time: 18377971529384
Position: -21.07 100.103 -996.367 Orientation: -0.333347 -0.0963705 0.937604 0.0221675 Time: 18378159084406
Position: -21.0567 100.11 -996.367 Orientation: -0.332494 -0.0963746 0.937911 0.0219685 Time: 18378397487172
Position: -21.06 100.103 -996.387 Orientation: -0.332861 -0.0963748 0.937779 0.0220352 Time: 18378642759036
Position: -21.05 100.107 -996.39 Orientation: -0.332386 -0.0966389 0.937921 0.0220346 Time: 18378877507688
Position: -21.06 100.103 -996.383 Orientation: -0.333253 -0.0962058 0.937656 0.022068 Time: 18379061692226
Position: -21.0567 100.1 -996.397 Orientation: -0.332721 -0.0967062 0.937793 0.0221014 Time: 18379298632548
Position: -21.0667 100.1 -996.367 Orientation: -0.333388 -0.0963396 0.937594 0.0221014 Time: 18379532473850
Position: -21.0667 100.107 -996.343 Orientation: -0.33336 -0.0959745 0.937643 0.0220351 Time: 18379719383670
Position: -21.0633 100.1 -996.363 Orientation: -0.333186 -0.0964389 0.937654 0.0221679 Time: 18379952325035
Position: -21.0633 100.113 -996.39 Orientation: -0.332787 -0.096206 0.937825 0.0219347 Time: 18380187176912
Position: -21.0633 100.1 -996.387 Orientation: -0.332986 -0.0967724 0.937689 0.0222347 Time: 18380373481261
Position: -21.06 100.1 -996.37 Orientation: -0.332926 -0.0965076 0.937741 0.0221017 Time: 18380607974037
Position: -21.0667 100.103 -996.353 Orientation: -0.333228 -0.0963748 0.937646 0.0221685 Time: 18380795118062
Position: -21.07 100.103 -996.343 Orientation: -0.333448 -0.0963043 0.937575 0.0221343 Time: 18381028407691
Position: -21.0633 100.1 -996.39 Orientation: -0.333062 -0.0966085 0.937682 0.0221019 Time: 18381262899517
Position: -21.0733 100.103 -996.387 Orientation: -0.333432 -0.0965425 0.937555 0.0222021 Time: 18381497226335
Position: -21.0533 100.107 -996.393 Orientation: -0.332694 -0.0963412 0.937843 0.0220018 Time: 18381730933426
Position: -21.07 100.097 -996.367 Orientation: -0.333221 -0.0965728 0.937626 0.0222347 Time: 18381917985822
Position: -21.09 100.097 -996.353 Orientation: -0.334194 -0.0962745 0.937309 0.0223018 Time: 18382197699363
Position: -21.0667 100.107 -996.39 Orientation: -0.332814 -0.0962708 0.937807 0.0220343 Time: 18382433402320
Position: -21.0667 100.103 -996.343 Orientation: -0.333288 -0.0960727 0.937659 0.0220347 Time: 18382621119118
Position: -21.0633 100.107 -996.383 Orientation: -0.332818 -0.0961719 0.937818 0.0219345 Time: 18382854014859
Position: -21.0467 100.107 -996.397 Orientation: -0.332161 -0.0965415 0.938012 0.0219352 Time: 18383041844766
Position: -21.0533 100.103 -996.377 Orientation: -0.332486 -0.0966057 0.937888 0.0220346 Time: 18383275002086
Position: -21.06 100.097 -996.337 Orientation: -0.332622 -0.0964063 0.937861 0.0220348 Time: 18383509359130
Position: -21.0667 100.103 -996.363 Orientation: -0.332955 -0.0962396 0.937761 0.0220014 Time: 18383695842555
Position: -21.06 100.103 -996.387 Orientation: -0.332453 -0.0964058 0.937923 0.0219347 Time: 18383931160368
Position: -21.08 100.103 -996.35 Orientation: -0.333629 -0.0962749 0.937514 0.0221686 Time: 18384165471978
Position: -21.0667 100.103 -996.38 Orientation: -0.33304 -0.0964114 0.937711 0.0220693 Time: 18384353859261
Position: -21.0767 100.1 -996.387 Orientation: -0.333559 -0.096274 0.937538 0.0221684 Time: 18384585604323
Position: -21.0867 100.097 -996.363 Orientation: -0.333963 -0.0963751 0.937382 0.0222686 Time: 18384820563606
Position: -21.0667 100.11 -996.407 Orientation: -0.333145 -0.09617 0.937699 0.0220341 Time: 18385006799139
Position: -21.0667 100.1 -996.36 Orientation: -0.333326 -0.0964407 0.937605 0.022135 Time: 18385241879897
Position: -21.08 100.097 -996.363 Orientation: -0.33376 -0.0962076 0.937475 0.0221351 Time: 18385427712227
Position: -21.06 100.107 -996.353 Orientation: -0.332523 -0.0964065 0.937897 0.0220015 Time: 18385662897160
Position: -21.0733 100.103 -996.363 Orientation: -0.333454 -0.0961393 0.937592 0.022068 Time: 18385849160068
Position: -21.0633 100.103 -996.383 Orientation: -0.333017 -0.0964715 0.937713 0.0220678 Time: 18386084476550
Position: -21.0567 100.107 -996.363 Orientation: -0.332656 -0.0962733 0.937865 0.0219348 Time: 18386269703030
Position: -21.08 100.1 -996.38 Orientation: -0.333712 -0.0964367 0.937467 0.0222008 Time: 18386504763446
Position: -21.0633 100.103 -996.4 Orientation: -0.332887 -0.0964727 0.937758 0.0221014 Time: 18386692768437
Position: -21.0567 100.1 -996.383 Orientation: -0.332585 -0.0966054 0.937853 0.0220679 Time: 18386926299114
Position: -21.0767 100.1 -996.37 Orientation: -0.333457 -0.0963403 0.937568 0.0221683 Time: 18387206524786
Position: -21.0767 100.1 -996.353 Orientation: -0.333632 -0.0964759 0.93749 0.0222355 Time: 18387393105162
Position: -21.0633 100.103 -996.383 Orientation: -0.332791 -0.096407 0.937802 0.0220016 Time: 18387626603902
Position: -21.0633 100.103 -996.377 Orientation: -0.333029 -0.0964084 0.937715 0.0220686 Time: 18387861737888
Position: -21.0667 100.103 -996.383 Orientation: -0.333183 -0.096538 0.937646 0.0221344 Time: 18388095615879
Position: -21.0767 100.1 -996.38 Orientation: -0.333526 -0.0963741 0.937539 0.0222017 Time: 18388330498742
Position: -21.0767 100.103 -996.38 Orientation: -0.333517 -0.0963382 0.937547 0.0221678 Time: 18388519241513
Position: -21.0633 100.1 -996.403 Orientation: -0.33295 -0.0966715 0.937714 0.0221678 Time: 18388751914075
Position: -21.07 100.103 -996.363 Orientation: -0.333519 -0.0962722 0.937554 0.0221346 Time: 18388984790045
Position: -21.07 100.1 -996.367 Orientation: -0.333284 -0.0964717 0.937616 0.0221678 Time: 18389171731803
Position: -21.07 100.107 -996.407 Orientation: -0.332999 -0.0964095 0.937726 0.0220688 Time: 18389407608892
Position: -21.07 100.103 -996.39 Orientation: -0.333155 -0.096473 0.937662 0.0221681 Time: 18389594577834
Position: -21.08 100.1 -996.37 Orientation: -0.333698 -0.0962756 0.937487 0.0222354 Time: 18389827670329
Position: -21.06 100.11 -996.397 Orientation: -0.332827 -0.0962079 0.93781 0.0219685 Time: 18390015821127
Position: -21.07 100.103 -996.357 Orientation: -0.333468 -0.0963433 0.937564 0.022169 Time: 18390247610862
Position: -21.0667 100.103 -996.387 Orientation: -0.333162 -0.0965751 0.937648 0.0221686 Time: 18390436022287
Position: -21.0667 100.1 -996.377 Orientation: -0.333267 -0.0967099 0.937596 0.0222356 Time: 18390670167559
Position: -21.06 100.1 -996.36 Orientation: -0.332896 -0.0965418 0.937749 0.0220686 Time: 18390856301199
Position: -21.0733 100.103 -996.33 Orientation: -0.333529 -0.0959751 0.937582 0.0220686 Time: 18391091508754
Position: -21.0633 100.103 -996.393 Orientation: -0.332897 -0.0965087 0.937751 0.022102 Time: 18391326441993
Position: -21.0633 100.097 -996.383 Orientation: -0.333034 -0.0965765 0.937696 0.0221023 Time: 18391560743529
Position: -21.07 100.1 -996.38 Orientation: -0.33309 -0.0963734 0.937699 0.0220015 Time: 18391745411872
Position: -21.0633 100.1 -996.36 Orientation: -0.332885 -0.0965387 0.937752 0.0221012 Time: 18391980668093
Position: -21.0733 100.097 -996.347 Orientation: -0.333628 -0.096308 0.937511 0.0221352 Time: 18392166714096
Position: -21.0633 100.1 -996.373 Orientation: -0.332756 -0.09654 0.937799 0.0220682 Time: 18392402864360
Position: -21.0833 100.1 -996.37 Orientation: -0.333692 -0.0961407 0.937505 0.0221684 Time: 18392587344314
Position: -21.0833 100.1 -996.353 Orientation: -0.333884 -0.0963382 0.937414 0.0222678 Time: 18392823101640
Position: -21.08 100.103 -996.37 Orientation: -0.333551 -0.096205 0.937549 0.0221345 Time: 18393008956592
Position: -21.0767 100.103 -996.357 Orientation: -0.333402 -0.0959434 0.937632 0.0220023 Time: 18393244494161
Position: -21.06 100.107 -996.377 Orientation: -0.333065 -0.0962093 0.937724 0.0220355 Time: 18393476830246
Position: -21.0633 100.107 -996.41 Orientation: -0.332821 -0.0964059 0.937791 0.0220014 Time: 18393712063654
Position: -21.0833 100.1 -996.357 Orientation: -0.334094 -0.0963078 0.937342 0.0222685 Time: 18393945462781
Position: -21.0833 100.103 -996.36 Orientation: -0.333727 -0.0963077 0.937475 0.0222018 Time: 18394132543312
Position: -21.0667 100.11 -996.377 Orientation: -0.333055 -0.0962063 0.937728 0.0220014 Time: 18394367475411
Position: -21.0667 100.107 -996.373 Orientation: -0.333123 -0.0965733 0.937664 0.0221015 Time: 18394601413474
