Position: 4.04667 24.26 -961.383 Orientation: 0.411476 -0.165284 0.788614 -0.425977 Time: 19110021707023
Position: 4.05 24.26 -961.36 Orientation: 0.411415 -0.165353 0.788592 -0.42605 Time: 19110253928667
Position: 4.06 24.2633 -961.393 Orientation: 0.410835 -0.165581 0.7888 -0.426136 Time: 19110441203101
Position: 4.07667 24.2567 -961.357 Orientation: 0.409798 -0.165946 0.789228 -0.4262 Time: 19110674339889
Position: 4.06667 24.26 -961.357 Orientation: 0.410229 -0.165578 0.789155 -0.426063 Time: 19110876642540
Position: 4.06667 24.2567 -961.337 Orientation: 0.410142 -0.16555 0.789181 -0.42611 Time: 19111110650750
Position: 4.08 24.2533 -961.377 Orientation: 0.409442 -0.165784 0.789514 -0.426077 Time: 19111347596965
Position: 4.10667 24.2533 -961.34 Orientation: 0.408963 -0.165679 0.789791 -0.426064 Time: 19111579711012
Position: 4.07667 24.26 -961.353 Orientation: 0.410774 -0.16545 0.788911 -0.426042 Time: 19111813755341
Position: 4.09 24.27 -961.327 Orientation: 0.409545 -0.165651 0.789486 -0.42608 Time: 19111999915785
Position: 4.08333 24.2667 -961.33 Orientation: 0.410269 -0.165248 0.789236 -0.426004 Time: 19112233824002
Position: 4.08667 24.27 -961.32 Orientation: 0.41001 -0.165551 0.789249 -0.426111 Time: 19112422613157
Position: 4.07667 24.2667 -961.347 Orientation: 0.410804 -0.165182 0.788971 -0.426005 Time: 19112658408693
Position: 4.09667 24.2633 -961.373 Orientation: 0.409667 -0.165647 0.789431 -0.426068 Time: 19112909201461
Position: 4.07 24.2567 -961.347 Orientation: 0.411074 -0.16535 0.788811 -0.425975 Time: 19113142592223
Position: 4.06667 24.26 -961.363 Orientation: 0.410895 -0.165445 0.788855 -0.42603 Time: 19113420757775
Position: 4.08333 24.26 -961.36 Orientation: 0.410167 -0.16568 0.789199 -0.426002 Time: 19113655616875
Position: 4.08 24.26 -961.38 Orientation: 0.41044 -0.165483 0.789077 -0.426042 Time: 19113889985325
Position: 4.07667 24.2567 -961.37 Orientation: 0.41077 -0.165348 0.788971 -0.425972 Time: 19114125480693
Position: 4.07 24.26 -961.33 Orientation: 0.411061 -0.165144 0.788886 -0.425928 Time: 19114360622472
Position: 4.09667 24.2667 -961.36 Orientation: 0.409464 -0.165779 0.789492 -0.426098 Time: 19114590501886
Position: 4.07333 24.26 -961.36 Orientation: 0.410903 -0.165415 0.78887 -0.426005 Time: 19114826105040
Position: 4.07667 24.2567 -961.357 Orientation: 0.410529 -0.165245 0.789123 -0.425964 Time: 19115059387826
Position: 4.07667 24.26 -961.367 Orientation: 0.41027 -0.165615 0.789104 -0.426105 Time: 19115294184383
Position: 4.08667 24.2667 -961.33 Orientation: 0.410172 -0.165449 0.789242 -0.426007 Time: 19115527148179
Position: 4.06333 24.2667 -961.387 Orientation: 0.411129 -0.165645 0.788655 -0.426096 Time: 19115762156128
Position: 4.05 24.2767 -961.393 Orientation: 0.411831 -0.165393 0.788357 -0.426067 Time: 19115995539858
Position: 4.08 24.2633 -961.37 Orientation: 0.410436 -0.165314 0.789135 -0.426004 Time: 19116229486475
Position: 4.05333 24.2667 -961.363 Orientation: 0.411283 -0.16542 0.788628 -0.426085 Time: 19116463370549
Position: 4.08 24.2633 -961.38 Orientation: 0.410674 -0.165683 0.788878 -0.426109 Time: 19116696834500
Position: 4.07667 24.2667 -961.397 Orientation: 0.411049 -0.165453 0.788761 -0.426051 Time: 19116930269176
Position: 4.07 24.2633 -961.363 Orientation: 0.410641 -0.165217 0.789046 -0.426009 Time: 19117165695727
Position: 4.05 24.2633 -961.377 Orientation: 0.411063 -0.165412 0.788791 -0.425998 Time: 19117397793234
Position: 4.05333 24.26 -961.357 Orientation: 0.411728 -0.165211 0.788487 -0.425996 Time: 19117680111915
Position: 4.06667 24.2567 -961.363 Orientation: 0.411332 -0.16528 0.788695 -0.425967 Time: 19117913184639
Position: 4.07 24.26 -961.343 Orientation: 0.411109 -0.165317 0.788781 -0.42601 Time: 19118148616703
Position: 4.06333 24.2567 -961.343 Orientation: 0.411008 -0.165116 0.788912 -0.425943 Time: 19118382089589
Position: 4.07333 24.26 -961.343 Orientation: 0.4106 -0.165413 0.789031 -0.426001 Time: 19118614500573
Position: 4.08 24.2633 -961.337 Orientation: 0.410201 -0.165347 0.789233 -0.426036 Time: 19118848584253
Position: 4.07 24.2633 -961.357 Orientation: 0.410456 -0.165642 0.78901 -0.42609 Time: 19119082784464
Position: 4.07333 24.2633 -961.35 Orientation: 0.410463 -0.165312 0.789125 -0.425998 Time: 19119363145678
Position: 4.05333 24.26 -961.363 Orientation: 0.411745 -0.165218 0.788486 -0.42598 Time: 19119597157880
Position: 4.07667 24.2633 -961.36 Orientation: 0.410738 -0.165482 0.788906 -0.426073 Time: 19119832220958
Position: 4.07667 24.2533 -961.35 Orientation: 0.410477 -0.165051 0.789218 -0.425912 Time: 19120020189070
Position: 4.08333 24.2667 -961.337 Orientation: 0.409962 -0.165912 0.789188 -0.42613 Time: 19120253428702
Position: 4.07 24.2567 -961.353 Orientation: 0.410722 -0.165242 0.789009 -0.42599 Time: 19120488446917
Position: 4.08333 24.2667 -961.357 Orientation: 0.410104 -0.165615 0.789172 -0.426139 Time: 19120719838390
Position: 4.07 24.26 -961.367 Orientation: 0.410944 -0.165318 0.788884 -0.425979 Time: 19120955683923
Position: 4.06667 24.2633 -961.36 Orientation: 0.410904 -0.165482 0.788838 -0.426038 Time: 19121189479030
Position: 4.07 24.2633 -961.34 Orientation: 0.410373 -0.165416 0.789144 -0.426008 Time: 19121423386487
Position: 4.06667 24.26 -961.35 Orientation: 0.410809 -0.165417 0.78888 -0.426077 Time: 19121657015065
Position: 4.05333 24.26 -961.39 Orientation: 0.411835 -0.165114 0.788467 -0.425969 Time: 19121892014080
Position: 4.06667 24.2633 -961.343 Orientation: 0.410613 -0.165685 0.788923 -0.426082 Time: 19122125260556
Position: 4.08 24.2667 -961.337 Orientation: 0.409887 -0.165955 0.789204 -0.426156 Time: 19122406949623
Position: 4.07667 24.26 -961.327 Orientation: 0.410364 -0.165313 0.789193 -0.425966 Time: 19122593818382
Position: 4.07333 24.26 -961.353 Orientation: 0.410632 -0.165413 0.788961 -0.4261 Time: 19122828608476
Position: 4.08 24.2633 -961.35 Orientation: 0.410225 -0.165544 0.789149 -0.426093 Time: 19123061124015
Position: 4.06 24.2633 -961.363 Orientation: 0.411359 -0.16551 0.788583 -0.42606 Time: 19123295637322
Position: 4.07667 24.2633 -961.353 Orientation: 0.410251 -0.165574 0.789133 -0.426085 Time: 19123530329894
Position: 4.09 24.2667 -961.347 Orientation: 0.409444 -0.165818 0.789451 -0.426179 Time: 19123763253580
Position: 4.06333 24.26 -961.373 Orientation: 0.411364 -0.165146 0.788726 -0.425932 Time: 19123997257797
Position: 4.08667 24.26 -961.367 Orientation: 0.409626 -0.165444 0.789516 -0.426027 Time: 19124231803041
Position: 4.06 24.2633 -961.377 Orientation: 0.411178 -0.165418 0.788686 -0.42608 Time: 19124465383525
Position: 4.08667 24.2633 -961.323 Orientation: 0.409464 -0.165779 0.789492 -0.426098 Time: 19124699811286
Position: 4.07333 24.2633 -961.34 Orientation: 0.410577 -0.165284 0.789117 -0.425912 Time: 19124934087348
Position: 4.07 24.26 -961.357 Orientation: 0.410664 -0.165512 0.788959 -0.426032 Time: 19125167751285
Position: 4.07667 24.26 -961.337 Orientation: 0.410211 -0.165384 0.789251 -0.425979 Time: 19125402677491
Position: 4.08333 24.26 -961.35 Orientation: 0.410009 -0.16565 0.789247 -0.426077 Time: 19125635561065
Position: 4.05667 24.2567 -961.353 Orientation: 0.411591 -0.164976 0.788647 -0.425925 Time: 19125868942323
Position: 4.08333 24.26 -961.34 Orientation: 0.409903 -0.165581 0.789337 -0.426038 Time: 19126103880695
Position: 4.08 24.26 -961.33 Orientation: 0.410039 -0.165616 0.789241 -0.426073 Time: 19126339310478
Position: 4.06 24.2567 -961.35 Orientation: 0.41154 -0.165083 0.788643 -0.425941 Time: 19126570295516
Position: 4.06333 24.2567 -961.34 Orientation: 0.411068 -0.165347 0.7888 -0.426003 Time: 19126851426258
Position: 4.06 24.2567 -961.36 Orientation: 0.411145 -0.165285 0.788786 -0.42598 Time: 19127039714688
Position: 4.06333 24.2633 -961.37 Orientation: 0.411045 -0.165585 0.78872 -0.42608 Time: 19127319901961
Position: 4.08333 24.26 -961.343 Orientation: 0.409795 -0.165612 0.789356 -0.426097 Time: 19127508006374
Position: 4.07667 24.26 -961.33 Orientation: 0.410063 -0.165512 0.789291 -0.425998 Time: 19127741534199
Position: 4.09667 24.26 -961.303 Orientation: 0.409109 -0.165417 0.789781 -0.426044 Time: 19127975778324
Position: 4.07 24.26 -961.343 Orientation: 0.410341 -0.165783 0.789012 -0.426142 Time: 19128256000574
Position: 4.07 24.26 -961.333 Orientation: 0.410386 -0.165621 0.789069 -0.426055 Time: 19128491568370
Position: 4.08333 24.2567 -961.33 Orientation: 0.409532 -0.165746 0.789462 -0.4261 Time: 19128725491414
Position: 4.07 24.2533 -961.317 Orientation: 0.410773 -0.165383 0.788943 -0.426008 Time: 19128912340022
Position: 4.05333 24.27 -961.343 Orientation: 0.41102 -0.165842 0.788639 -0.426154 Time: 19129145957955
Position: 4.07 24.26 -961.353 Orientation: 0.410229 -0.165645 0.789123 -0.426097 Time: 19129379536347
Position: 4.06667 24.2567 -961.347 Orientation: 0.410762 -0.165378 0.788956 -0.425997 Time: 19129660415776
Position: 4.06667 24.26 -961.33 Orientation: 0.410341 -0.165483 0.789146 -0.426009 Time: 19129894313727
Position: 4.06 24.2533 -961.323 Orientation: 0.410938 -0.165315 0.788873 -0.426006 Time: 19130176234337
Position: 4.07667 24.26 -961.337 Orientation: 0.410167 -0.165514 0.789198 -0.426068 Time: 19130409584038
Position: 4.06667 24.2567 -961.363 Orientation: 0.410518 -0.165187 0.789165 -0.42592 Time: 19130642957311
Position: 4.06 24.26 -961.34 Orientation: 0.41058 -0.165919 0.788856 -0.426148 Time: 19130875909322
Position: 4.07 24.2633 -961.32 Orientation: 0.410254 -0.165908 0.789006 -0.426188 Time: 19131112859909
Position: 4.06 24.26 -961.363 Orientation: 0.410814 -0.165419 0.788892 -0.426049 Time: 19131344851722
Position: 4.07 24.26 -961.333 Orientation: 0.41027 -0.165381 0.789171 -0.426072 Time: 19131625523940
Position: 4.04667 24.2567 -961.363 Orientation: 0.411579 -0.165452 0.788487 -0.426047 Time: 19131829333139
Position: 4.06667 24.2567 -961.32 Orientation: 0.410335 -0.165481 0.789135 -0.426037 Time: 19132062655656
Position: 4.04333 24.2567 -961.397 Orientation: 0.411633 -0.165313 0.788496 -0.426034 Time: 19132296334041
Position: 4.04333 24.25 -961.397 Orientation: 0.412116 -0.164887 0.788395 -0.425918 Time: 19132577883764
Position: 4.04333 24.2567 -961.367 Orientation: 0.412099 -0.165046 0.788362 -0.425934 Time: 19132811172253
Position: 4.07 24.2633 -961.357 Orientation: 0.409902 -0.165814 0.789235 -0.426137 Time: 19133045840302
Position: 4.06333 24.26 -961.343 Orientation: 0.410519 -0.165455 0.789035 -0.426055 Time: 19133277399635
