Position: 7.32 -59.06 -995.1 Orientation: 0.0565 0.0602 0.0441 0.9956 Time: 6714426444719
Position: 7.34 -59.06 -995.03 Orientation: 0.0574 0.0574 0.0433 0.9957 Time: 6714470408139
Position: 7.34 -59.06 -995.03 Orientation: 0.0574 0.0574 0.0433 0.9957 Time: 6714512307483
Position: 7.32 -59.05 -995.05 Orientation: 0.0572 0.0592 0.0437 0.9956 Time: 6714554297961
Position: 7.31 -59.04 -995.1 Orientation: 0.0571 0.0603 0.044 0.9955 Time: 6714596428426
Position: 7.34 -59.06 -995.05 Orientation: 0.0574 0.0578 0.0434 0.9957 Time: 6714641291287
Position: 7.34 -59.06 -995.05 Orientation: 0.0574 0.0578 0.0434 0.9957 Time: 6714662418917
Position: 7.32 -59.05 -995.04 Orientation: 0.0568 0.0599 0.0439 0.9956 Time: 6714725543595
Position: 7.32 -59.05 -995.04 Orientation: 0.0568 0.0599 0.0439 0.9956 Time: 6714746673278
Position: 7.32 -59.05 -995.02 Orientation: 0.057 0.0596 0.0438 0.9956 Time: 6714791287777
Position: 7.31 -59.04 -995.09 Orientation: 0.0571 0.0605 0.0441 0.9955 Time: 6714833411673
Position: 7.31 -59.04 -995.09 Orientation: 0.0571 0.0605 0.0441 0.9955 Time: 6714854411633
Position: 7.31 -59.05 -995.06 Orientation: 0.0569 0.0602 0.044 0.9955 Time: 6714896530193
Position: 7.32 -59.05 -995.1 Orientation: 0.0568 0.0599 0.0439 0.9956 Time: 6714941534271
Position: 7.31 -59.05 -995.08 Orientation: 0.0569 0.0607 0.0441 0.9955 Time: 6715004532920
Position: 7.33 -59.06 -995.06 Orientation: 0.0571 0.0581 0.0434 0.9957 Time: 6715046410917
Position: 7.31 -59.05 -995.08 Orientation: 0.0566 0.0608 0.0442 0.9955 Time: 6715090402663
Position: 7.31 -59.04 -995.1 Orientation: 0.0572 0.0605 0.044 0.9955 Time: 6715132396015
Position: 7.32 -59.06 -995.08 Orientation: 0.0569 0.0592 0.0437 0.9956 Time: 6715174528942
Position: 7.31 -59.05 -995.11 Orientation: 0.0571 0.0603 0.044 0.9955 Time: 6715219512906
Position: 7.31 -59.05 -995.11 Orientation: 0.0571 0.0603 0.044 0.9955 Time: 6715261518984
Position: 7.33 -59.06 -995.06 Orientation: 0.0571 0.0583 0.0435 0.9957 Time: 6715324511475
Position: 7.33 -59.06 -995.06 Orientation: 0.0571 0.0583 0.0435 0.9957 Time: 6715345514719
Position: 7.33 -59.05 -995.06 Orientation: 0.0572 0.0587 0.0436 0.9956 Time: 6715390510177
Position: 7.33 -59.06 -995.04 Orientation: 0.0571 0.0586 0.0436 0.9956 Time: 6715432511739
Position: 7.32 -59.06 -995.05 Orientation: 0.057 0.0595 0.0438 0.9956 Time: 6715474381936
Position: 7.31 -59.04 -995.13 Orientation: 0.0571 0.0605 0.0441 0.9955 Time: 6715519136832
Position: 7.31 -59.04 -995.13 Orientation: 0.0571 0.0605 0.0441 0.9955 Time: 6715561384293
Position: 7.32 -59.05 -995.06 Orientation: 0.0573 0.0587 0.0436 0.9956 Time: 6715603504495
Position: 7.32 -59.05 -995.06 Orientation: 0.057 0.0597 0.0438 0.9956 Time: 6715624377606
Position: 7.31 -59.05 -995.1 Orientation: 0.057 0.0603 0.044 0.9955 Time: 6715669035208
Position: 7.31 -59.05 -995.1 Orientation: 0.057 0.0603 0.044 0.9955 Time: 6715711502707
Position: 7.32 -59.04 -995.03 Orientation: 0.0574 0.0588 0.0436 0.9956 Time: 6715753248928
Position: 7.33 -59.05 -995.06 Orientation: 0.0572 0.0586 0.0436 0.9956 Time: 6715795493927
Position: 7.31 -59.05 -995.08 Orientation: 0.0568 0.0606 0.0441 0.9955 Time: 6715840382650
Position: 7.31 -59.05 -995.08 Orientation: 0.0568 0.0606 0.0441 0.9955 Time: 6715861497144
Position: 7.33 -59.06 -995.06 Orientation: 0.0571 0.0584 0.0435 0.9957 Time: 6715903492549
Position: 7.32 -59.05 -995.1 Orientation: 0.057 0.0598 0.0439 0.9956 Time: 6715968728512
Position: 7.32 -59.05 -995.1 Orientation: 0.057 0.0598 0.0439 0.9956 Time: 6716011367606
Position: 7.33 -59.04 -995.03 Orientation: 0.057 0.0591 0.0437 0.9956 Time: 6716053500123
Position: 7.31 -59.04 -995.12 Orientation: 0.0569 0.061 0.0442 0.9955 Time: 6716118467608
Position: 7.31 -59.04 -995.12 Orientation: 0.0569 0.061 0.0442 0.9955 Time: 6716160377625
Position: 7.32 -59.05 -995.11 Orientation: 0.0574 0.0591 0.0437 0.9956 Time: 6716223374222
Position: 7.33 -59.05 -995.01 Orientation: 0.0567 0.0581 0.0435 0.9957 Time: 6716289494847
Position: 7.3 -59.02 -995.11 Orientation: 0.0572 0.0605 0.0441 0.9955 Time: 6716331489841
Position: 7.31 -59.05 -995.07 Orientation: 0.0568 0.0599 0.0439 0.9956 Time: 6716373481141
Position: 7.34 -59.05 -995.03 Orientation: 0.0574 0.0579 0.0434 0.9957 Time: 6716439474506
Position: 7.33 -59.04 -995 Orientation: 0.0572 0.0578 0.0434 0.9957 Time: 6716481485510
Position: 7.32 -59.04 -995.05 Orientation: 0.0572 0.0586 0.0436 0.9956 Time: 6716523343392
Position: 7.34 -59.05 -995.02 Orientation: 0.0573 0.0578 0.0434 0.9957 Time: 6716589473870
Position: 7.31 -59.05 -995.1 Orientation: 0.0571 0.0595 0.0438 0.9956 Time: 6716631359666
Position: 7.33 -59.05 -995.02 Orientation: 0.0573 0.0579 0.0434 0.9957 Time: 6716694479418
Position: 7.33 -59.04 -995.05 Orientation: 0.0573 0.0585 0.0436 0.9956 Time: 6716739464612
Position: 7.34 -59.06 -995.03 Orientation: 0.0573 0.0572 0.0432 0.9957 Time: 6716802459156
Position: 7.33 -59.05 -995.01 Orientation: 0.0569 0.059 0.0437 0.9956 Time: 6716844465645
Position: 7.31 -59.04 -995.08 Orientation: 0.0568 0.0601 0.044 0.9955 Time: 6716888459443
Position: 7.33 -59.04 -995.04 Orientation: 0.0572 0.0583 0.0436 0.9956 Time: 6716952322639
Position: 7.32 -59.06 -995.03 Orientation: 0.0569 0.0589 0.0437 0.9956 Time: 6717038333188
Position: 7.34 -59.06 -995 Orientation: 0.0571 0.0575 0.0433 0.9957 Time: 6717080572440
Position: 7.34 -59.05 -995 Orientation: 0.0569 0.0572 0.0433 0.9957 Time: 6717122445100
Position: 7.32 -59.04 -995.07 Orientation: 0.0568 0.0594 0.0438 0.9956 Time: 6717188438055
Position: 7.31 -59.04 -995.09 Orientation: 0.057 0.0602 0.044 0.9955 Time: 6717231497107
Position: 7.31 -59.04 -995.11 Orientation: 0.0573 0.0601 0.0439 0.9955 Time: 6717273572563
Position: 7.33 -59.04 -995.03 Orientation: 0.0579 0.0577 0.0434 0.9957 Time: 6717317096319
Position: 7.33 -59.04 -995.03 Orientation: 0.0579 0.0577 0.0434 0.9957 Time: 6717359453389
Position: 7.31 -59.03 -995.03 Orientation: 0.0571 0.0597 0.0438 0.9956 Time: 6717401440994
Position: 7.33 -59.06 -995.02 Orientation: 0.057 0.0585 0.0435 0.9957 Time: 6717466906025
Position: 7.33 -59.06 -995.02 Orientation: 0.057 0.0585 0.0435 0.9957 Time: 6717509437153
Position: 7.32 -59.05 -995.05 Orientation: 0.0567 0.0592 0.0437 0.9956 Time: 6717572305668
Position: 7.32 -59.05 -995.05 Orientation: 0.0567 0.0592 0.0437 0.9956 Time: 6717593422215
Position: 7.33 -59.05 -995.02 Orientation: 0.0571 0.0582 0.0435 0.9957 Time: 6717659425022
Position: 7.31 -59.04 -995.1 Orientation: 0.0574 0.0596 0.0438 0.9955 Time: 6717701418785
Position: 7.31 -59.04 -995.08 Orientation: 0.0574 0.0597 0.0438 0.9955 Time: 6717743291856
Position: 7.31 -59.04 -995.08 Orientation: 0.057 0.0596 0.0438 0.9956 Time: 6717808559428
Position: 7.32 -59.05 -995.04 Orientation: 0.057 0.0589 0.0436 0.9956 Time: 6717871546172
Position: 7.31 -59.04 -995.05 Orientation: 0.057 0.0601 0.044 0.9955 Time: 6717916393023
Position: 7.31 -59.04 -995.05 Orientation: 0.057 0.0601 0.044 0.9955 Time: 6717958423321
Position: 7.31 -59.03 -995.03 Orientation: 0.057 0.0604 0.0441 0.9955 Time: 6718000536134
Position: 7.31 -59.04 -995.04 Orientation: 0.0566 0.0597 0.0439 0.9956 Time: 6718042404689
Position: 7.34 -59.06 -994.99 Orientation: 0.0572 0.0573 0.0432 0.9957 Time: 6718108533935
Position: 7.33 -59.04 -995.02 Orientation: 0.0574 0.0581 0.0435 0.9957 Time: 6718172536296
Position: 7.31 -59.04 -995.08 Orientation: 0.057 0.06 0.044 0.9955 Time: 6718216012433
Position: 7.33 -59.05 -995.1 Orientation: 0.0575 0.0586 0.0436 0.9956 Time: 6718279675708
Position: 7.31 -59.04 -995.09 Orientation: 0.0573 0.0596 0.0438 0.9956 Time: 6718321529074
Position: 7.33 -59.04 -995.04 Orientation: 0.0572 0.0589 0.0437 0.9956 Time: 6718387521618
Position: 7.33 -59.07 -995.01 Orientation: 0.0568 0.0579 0.0434 0.9957 Time: 6718429522360
Position: 7.33 -59.05 -995.07 Orientation: 0.0572 0.0586 0.0436 0.9956 Time: 6718492533735
Position: 7.33 -59.05 -995.01 Orientation: 0.057 0.0585 0.0436 0.9957 Time: 6718557382991
Position: 7.33 -59.04 -995.01 Orientation: 0.0574 0.0585 0.0436 0.9956 Time: 6718599526182
Position: 7.33 -59.05 -994.99 Orientation: 0.0571 0.0582 0.0435 0.9957 Time: 6718665478906
Position: 7.33 -59.05 -994.99 Orientation: 0.0571 0.0582 0.0435 0.9957 Time: 6718708127442
Position: 7.34 -59.05 -994.98 Orientation: 0.0568 0.0582 0.0435 0.9957 Time: 6718771405242
Position: 7.32 -59.04 -995.04 Orientation: 0.0573 0.0589 0.0437 0.9956 Time: 6718815249201
Position: 7.33 -59.05 -995.04 Orientation: 0.0576 0.0581 0.0434 0.9956 Time: 6718903619809
Position: 7.31 -59.04 -995.05 Orientation: 0.0568 0.0603 0.044 0.9955 Time: 6718945505195
Position: 7.33 -59.04 -995.01 Orientation: 0.0573 0.0588 0.0436 0.9956 Time: 6719030497254
Position: 7.32 -59.05 -995.06 Orientation: 0.0569 0.0594 0.0438 0.9956 Time: 6719072360883
Position: 7.31 -59.04 -995.1 Orientation: 0.0568 0.0605 0.044 0.9955 Time: 6719114970420
Position: 7.32 -59.04 -995.04 Orientation: 0.057 0.0593 0.0438 0.9956 Time: 6719222492433
Position: 7.31 -59.05 -995.05 Orientation: 0.0567 0.0599 0.0439 0.9956 Time: 6719264859355
Position: 7.31 -59.04 -995.08 Orientation: 0.0572 0.0594 0.0438 0.9956 Time: 6719328864179
Position: 7.32 -59.04 -995.03 Orientation: 0.057 0.0594 0.0437 0.9956 Time: 6719392492970
Position: 7.31 -59.03 -995.06 Orientation: 0.0575 0.0595 0.0439 0.9955 Time: 6719460114854
Position: 7.34 -59.06 -995.03 Orientation: 0.0573 0.0573 0.0433 0.9957 Time: 6719502480544
Position: 7.32 -59.05 -995.08 Orientation: 0.0569 0.0597 0.0439 0.9956 Time: 6719565470983
Position: 7.32 -59.05 -995.08 Orientation: 0.0569 0.0597 0.0439 0.9956 Time: 6719607491429
Position: 7.32 -59.04 -995.04 Orientation: 0.0571 0.0594 0.0438 0.9956 Time: 6719649345616
Position: 7.33 -59.06 -995.03 Orientation: 0.0571 0.0585 0.0436 0.9956 Time: 6719714317206
Position: 7.33 -59.06 -995.03 Orientation: 0.0571 0.0585 0.0436 0.9956 Time: 6719756592583
Position: 7.3 -59.04 -995.1 Orientation: 0.0567 0.061 0.0442 0.9955 Time: 6719798460317
Position: 7.32 -59.05 -995.03 Orientation: 0.0572 0.0588 0.0436 0.9956 Time: 6719840982414
Position: 7.32 -59.05 -995.02 Orientation: 0.0568 0.0591 0.0437 0.9956 Time: 6719906596052
Position: 7.32 -59.04 -995.08 Orientation: 0.0574 0.0592 0.0437 0.9956 Time: 6719948332831
Position: 7.34 -59.06 -995.03 Orientation: 0.0576 0.0575 0.0433 0.9957 Time: 6719990484232
Position: 7.32 -59.05 -995.04 Orientation: 0.057 0.0589 0.0436 0.9956 Time: 6720059887346
Position: 7.33 -59.06 -995.02 Orientation: 0.0568 0.0583 0.0435 0.9957 Time: 6720144592043
Position: 7.33 -59.05 -995.05 Orientation: 0.0569 0.059 0.0437 0.9956 Time: 6720186569385
Position: 7.31 -59.04 -995.12 Orientation: 0.0571 0.0601 0.044 0.9955 Time: 6720250563536
Position: 7.32 -59.05 -995.04 Orientation: 0.057 0.0591 0.0437 0.9956 Time: 6720292595887
Position: 7.32 -59.05 -995.06 Orientation: 0.0567 0.0595 0.0438 0.9956 Time: 6720357374124
Position: 7.32 -59.04 -995.06 Orientation: 0.0571 0.0597 0.0438 0.9956 Time: 6720420575568
Position: 7.32 -59.05 -995.05 Orientation: 0.0573 0.0589 0.0436 0.9956 Time: 6720463408015
Position: 7.32 -59.05 -995.05 Orientation: 0.0573 0.0589 0.0436 0.9956 Time: 6720506052036
Position: 7.34 -59.06 -995 Orientation: 0.0568 0.0583 0.0435 0.9957 Time: 6720548549912
Position: 7.31 -59.04 -995.1 Orientation: 0.0572 0.0602 0.044 0.9955 Time: 6720590584727
Position: 7.31 -59.04 -995.08 Orientation: 0.0567 0.0607 0.0441 0.9955 Time: 6720634565798
Position: 7.31 -59.04 -995.08 Orientation: 0.0571 0.0601 0.044 0.9955 Time: 6720676426143
Position: 7.32 -59.03 -995.07 Orientation: 0.0573 0.0599 0.0439 0.9955 Time: 6720763022499
Position: 7.32 -59.03 -995.07 Orientation: 0.0573 0.0599 0.0439 0.9955 Time: 6720805538028
Position: 7.32 -59.04 -995.08 Orientation: 0.0571 0.0601 0.044 0.9955 Time: 6720869185293
Position: 7.32 -59.05 -995.04 Orientation: 0.0573 0.0594 0.0438 0.9956 Time: 6720956298079
Position: 7.33 -59.05 -995.06 Orientation: 0.0572 0.0588 0.0437 0.9956 Time: 6720999399004
Position: 7.31 -59.04 -995.08 Orientation: 0.0572 0.0601 0.044 0.9955 Time: 6721087800810
Position: 7.33 -59.05 -995.04 Orientation: 0.0572 0.0588 0.0436 0.9956 Time: 6721197563011
Position: 7.33 -59.05 -995.04 Orientation: 0.057 0.0586 0.0436 0.9956 Time: 6721283791544
Position: 7.32 -59.05 -995.06 Orientation: 0.057 0.0595 0.0438 0.9956 Time: 6721391533594
Position: 7.33 -59.04 -995.04 Orientation: 0.0573 0.0594 0.0438 0.9956 Time: 6721457527370
Position: 7.32 -59.05 -995.08 Orientation: 0.057 0.0599 0.0439 0.9955 Time: 6721523299877
Position: 7.33 -59.05 -995.07 Orientation: 0.0572 0.0585 0.0435 0.9956 Time: 6721633505435
Position: 7.31 -59.03 -995.05 Orientation: 0.0568 0.0606 0.0441 0.9955 Time: 6721696546778
Position: 7.34 -59.05 -995.04 Orientation: 0.0577 0.0576 0.0434 0.9957 Time: 6721761978967
Position: 7.32 -59.04 -995.05 Orientation: 0.0574 0.0588 0.0436 0.9956 Time: 6721825788386
Position: 7.3 -59.03 -995.09 Orientation: 0.0573 0.0601 0.044 0.9955 Time: 6721888987367
Position: 7.32 -59.04 -995.04 Orientation: 0.0574 0.059 0.0437 0.9956 Time: 6721974787732
Position: 7.32 -59.05 -995.01 Orientation: 0.0567 0.0593 0.0438 0.9956 Time: 6722037742866
Position: 7.34 -59.05 -995 Orientation: 0.057 0.0575 0.0433 0.9957 Time: 6722104738712
Position: 7.32 -59.04 -995.08 Orientation: 0.0569 0.0597 0.0439 0.9956 Time: 6722167753371
Position: 7.33 -59.06 -995.02 Orientation: 0.0571 0.0579 0.0434 0.9957 Time: 6722232825948
Position: 7.33 -59.04 -995.01 Orientation: 0.0571 0.0584 0.0435 0.9957 Time: 6722296496202
Position: 7.33 -59.04 -995.08 Orientation: 0.0577 0.0587 0.0436 0.9956 Time: 6722361205883
Position: 7.33 -59.05 -995.05 Orientation: 0.0572 0.059 0.0437 0.9956 Time: 6722425742736
Position: 7.32 -59.04 -995.06 Orientation: 0.0569 0.0593 0.0438 0.9956 Time: 6722489720467
Position: 7.32 -59.05 -995.03 Orientation: 0.0569 0.0591 0.0437 0.9956 Time: 6722574727714
Position: 7.33 -59.05 -995.09 Orientation: 0.0576 0.0588 0.0436 0.9956 Time: 6722660950911
Position: 7.32 -59.04 -995.07 Orientation: 0.0572 0.0592 0.0437 0.9956 Time: 6722745731554
Position: 7.31 -59.03 -995.09 Orientation: 0.0572 0.0595 0.0438 0.9956 Time: 6722788728618
Position: 7.33 -59.05 -995.03 Orientation: 0.0572 0.0588 0.0436 0.9956 Time: 6722894739110
Position: 7.31 -59.03 -995.06 Orientation: 0.0568 0.0607 0.0441 0.9955 Time: 6722960844136
Position: 7.32 -59.04 -995.03 Orientation: 0.0569 0.0594 0.0438 0.9956 Time: 6723023717167
Position: 7.33 -59.04 -995.03 Orientation: 0.0574 0.0584 0.0435 0.9956 Time: 6723086728952
Position: 7.32 -59.05 -995.09 Orientation: 0.0572 0.06 0.044 0.9955 Time: 6723152780200
Position: 7.3 -59.05 -995.04 Orientation: 0.0562 0.0608 0.0441 0.9955 Time: 6723215992318
Position: 7.32 -59.04 -995.08 Orientation: 0.0573 0.0597 0.0438 0.9955 Time: 6723260293593
Position: 7.29 -59.04 -995.13 Orientation: 0.0568 0.0621 0.0445 0.9954 Time: 6723323429764
Position: 7.34 -59.06 -995 Orientation: 0.0571 0.0578 0.0434 0.9957 Time: 6723387695267
Position: 7.33 -59.04 -995.03 Orientation: 0.057 0.0591 0.0437 0.9956 Time: 6723431990384
Position: 7.31 -59.04 -995.09 Orientation: 0.0569 0.0607 0.0441 0.9955 Time: 6723496686928
Position: 7.32 -59.05 -995.07 Orientation: 0.057 0.0593 0.0437 0.9956 Time: 6723583426144
Position: 7.31 -59.04 -995.09 Orientation: 0.057 0.0603 0.044 0.9955 Time: 6723646843519
Position: 7.33 -59.05 -995.05 Orientation: 0.0571 0.0588 0.0437 0.9956 Time: 6723709818769
