Position: 10.97 -39.13 -1000.97 Orientation: -0.2198 0.0721 -0.1091 0.9667 Time: 1701702321100
Position: 10.97 -39.13 -1000.95 Orientation: -0.2201 0.0708 -0.1091 0.9667 Time: 1701873689067
Position: 10.97 -39.13 -1000.98 Orientation: -0.2195 0.0721 -0.109 0.9668 Time: 1702066703147
Position: 10.97 -39.14 -1000.98 Orientation: -0.2197 0.0719 -0.109 0.9667 Time: 1702236680696
Position: 10.97 -39.13 -1000.91 Orientation: -0.2202 0.0722 -0.109 0.9666 Time: 1702386540074
Position: 10.99 -39.13 -1000.93 Orientation: -0.2202 0.07 -0.109 0.9667 Time: 1702514525092
Position: 10.98 -39.13 -1000.96 Orientation: -0.22 0.0711 -0.109 0.9667 Time: 1702622529872
Position: 10.98 -39.13 -1000.94 Orientation: -0.22 0.071 -0.1091 0.9667 Time: 1702793675750
Position: 10.98 -39.13 -1000.9 Orientation: -0.2201 0.0705 -0.109 0.9667 Time: 1702900640692
Position: 10.97 -39.13 -1000.95 Orientation: -0.2194 0.0715 -0.1091 0.9668 Time: 1703170284615
Position: 10.98 -39.12 -1000.92 Orientation: -0.22 0.07 -0.109 0.9668 Time: 1703384891441
Position: 10.97 -39.13 -1000.97 Orientation: -0.2199 0.0709 -0.109 0.9667 Time: 1703580891616
Position: 10.97 -39.15 -1000.99 Orientation: -0.2195 0.0725 -0.109 0.9667 Time: 1703750750936
Position: 10.96 -39.13 -1000.96 Orientation: -0.2197 0.0728 -0.1091 0.9666 Time: 1703920849177
Position: 10.97 -39.14 -1000.97 Orientation: -0.2196 0.0713 -0.109 0.9668 Time: 1704113769249
Position: 10.97 -39.14 -1000.97 Orientation: -0.2196 0.0718 -0.109 0.9668 Time: 1704284717258
Position: 10.97 -39.13 -1000.97 Orientation: -0.2197 0.0719 -0.109 0.9667 Time: 1704455823727
Position: 10.96 -39.14 -1000.97 Orientation: -0.22 0.0719 -0.1091 0.9667 Time: 1704626573047
Position: 10.96 -39.13 -1000.97 Orientation: -0.2197 0.072 -0.109 0.9667 Time: 1704829201008
Position: 10.97 -39.14 -1000.96 Orientation: -0.2201 0.0722 -0.109 0.9666 Time: 1705005952896
Position: 11 -39.14 -1000.96 Orientation: -0.2195 0.0705 -0.109 0.9669 Time: 1705156831586
Position: 10.98 -39.1 -1000.96 Orientation: -0.2199 0.0716 -0.109 0.9667 Time: 1705304685591
Position: 10.97 -39.1 -1000.91 Orientation: -0.22 0.0726 -0.109 0.9666 Time: 1705456667749
Position: 10.99 -39.12 -1000.95 Orientation: -0.2199 0.0711 -0.109 0.9667 Time: 1705603681427
Position: 11 -39.11 -1000.92 Orientation: -0.2199 0.0705 -0.109 0.9668 Time: 1705753668886
Position: 10.97 -39.11 -1000.92 Orientation: -0.2196 0.071 -0.109 0.9668 Time: 1705950980251
Position: 10.97 -39.13 -1000.91 Orientation: -0.2198 0.0717 -0.109 0.9667 Time: 1706102633585
Position: 10.98 -39.14 -1000.96 Orientation: -0.2201 0.0717 -0.109 0.9666 Time: 1706255630949
Position: 10.97 -39.14 -1000.93 Orientation: -0.2198 0.0711 -0.109 0.9668 Time: 1706402646270
Position: 10.99 -39.13 -1000.91 Orientation: -0.2199 0.0694 -0.1091 0.9669 Time: 1706551745782
Position: 10.97 -39.15 -1000.96 Orientation: -0.2199 0.0716 -0.109 0.9667 Time: 1706704988634
Position: 10.96 -39.15 -1000.95 Orientation: -0.2198 0.0728 -0.109 0.9666 Time: 1706833738033
Position: 10.98 -39.14 -1000.93 Orientation: -0.2198 0.0707 -0.1091 0.9668 Time: 1707071841169
Position: 10.98 -39.16 -1000.96 Orientation: -0.2197 0.0701 -0.1091 0.9668 Time: 1707203110317
Position: 10.97 -39.14 -1000.9 Orientation: -0.2198 0.0703 -0.1091 0.9668 Time: 1707352722153
Position: 10.98 -39.15 -1000.96 Orientation: -0.2196 0.0709 -0.1091 0.9668 Time: 1707509705220
Position: 10.99 -39.15 -1000.91 Orientation: -0.2201 0.0701 -0.1091 0.9667 Time: 1707659103998
Position: 10.97 -39.15 -1000.93 Orientation: -0.2198 0.0712 -0.1091 0.9667 Time: 1707810226945
Position: 10.97 -39.15 -1000.96 Orientation: -0.2198 0.0715 -0.1091 0.9667 Time: 1708008828152
Position: 10.96 -39.15 -1000.97 Orientation: -0.2198 0.0725 -0.1091 0.9666 Time: 1708159702326
Position: 10.97 -39.14 -1000.95 Orientation: -0.2198 0.0714 -0.109 0.9667 Time: 1708309557188
Position: 10.98 -39.15 -1000.92 Orientation: -0.2199 0.0706 -0.109 0.9668 Time: 1708459703106
Position: 10.96 -39.14 -1000.92 Orientation: -0.2195 0.0714 -0.109 0.9668 Time: 1708586671275
Position: 10.97 -39.14 -1000.94 Orientation: -0.2198 0.0706 -0.109 0.9668 Time: 1708736653397
Position: 10.98 -39.15 -1000.9 Orientation: -0.22 0.0701 -0.109 0.9668 Time: 1708938170911
Position: 10.97 -39.17 -1000.96 Orientation: -0.2197 0.072 -0.109 0.9667 Time: 1709094127687
Position: 10.98 -39.14 -1000.94 Orientation: -0.22 0.0703 -0.109 0.9668 Time: 1709245205477
Position: 11 -39.15 -1000.91 Orientation: -0.2198 0.0694 -0.109 0.9669 Time: 1709417746290
Position: 10.97 -39.16 -1000.97 Orientation: -0.2197 0.0718 -0.1091 0.9667 Time: 1709566393823
Position: 10.97 -39.15 -1000.94 Orientation: -0.2198 0.0711 -0.109 0.9668 Time: 1709737610310
Position: 10.96 -39.16 -1001 Orientation: -0.2192 0.0725 -0.109 0.9668 Time: 1709886030828
Position: 10.96 -39.16 -1000.96 Orientation: -0.2197 0.0731 -0.1091 0.9666 Time: 1710035138961
Position: 10.98 -39.14 -1000.91 Orientation: -0.2197 0.0703 -0.109 0.9668 Time: 1710214723823
Position: 10.97 -39.16 -1000.98 Orientation: -0.2195 0.0717 -0.109 0.9668 Time: 1710386125042
Position: 10.96 -39.15 -1000.93 Orientation: -0.2197 0.0716 -0.109 0.9667 Time: 1710513955295
Position: 10.95 -39.14 -1000.96 Orientation: -0.2197 0.0728 -0.1091 0.9666 Time: 1710686247745
Position: 10.98 -39.14 -1000.93 Orientation: -0.2198 0.0703 -0.1091 0.9668 Time: 1710844971811
Position: 10.97 -39.15 -1000.95 Orientation: -0.2198 0.071 -0.109 0.9668 Time: 1710971200641
Position: 10.96 -39.15 -1000.93 Orientation: -0.2195 0.072 -0.109 0.9667 Time: 1711097934405
Position: 10.98 -39.15 -1000.89 Orientation: -0.2199 0.0704 -0.1091 0.9668 Time: 1711207226153
Position: 10.98 -39.14 -1000.92 Orientation: -0.2201 0.0709 -0.109 0.9667 Time: 1711334686531
Position: 11 -39.14 -1000.88 Orientation: -0.2198 0.0692 -0.1091 0.9669 Time: 1711462782799
Position: 10.97 -39.14 -1000.96 Orientation: -0.2198 0.0709 -0.109 0.9668 Time: 1711591891810
Position: 10.97 -39.14 -1000.94 Orientation: -0.2194 0.0715 -0.109 0.9668 Time: 1711717797153
Position: 10.97 -39.14 -1000.94 Orientation: -0.2196 0.0716 -0.1091 0.9668 Time: 1711825898404
Position: 10.97 -39.14 -1000.94 Orientation: -0.2196 0.0714 -0.109 0.9668 Time: 1711953649838
Position: 10.97 -39.14 -1000.93 Orientation: -0.2202 0.0713 -0.1091 0.9666 Time: 1712083647207
Position: 10.98 -39.13 -1000.93 Orientation: -0.22 0.07 -0.1091 0.9668 Time: 1712190245558
Position: 10.98 -39.14 -1000.9 Orientation: -0.2196 0.0702 -0.1091 0.9669 Time: 1712316925955
Position: 10.97 -39.15 -1000.95 Orientation: -0.2196 0.0717 -0.109 0.9667 Time: 1712469006636
Position: 10.97 -39.14 -1000.95 Orientation: -0.22 0.0711 -0.1091 0.9667 Time: 1712574873448
Position: 10.97 -39.15 -1000.96 Orientation: -0.2199 0.072 -0.109 0.9667 Time: 1712702993525
Position: 10.97 -39.15 -1000.96 Orientation: -0.2198 0.0716 -0.109 0.9667 Time: 1712831992108
Position: 10.99 -39.15 -1000.92 Orientation: -0.2197 0.0702 -0.1091 0.9668 Time: 1712940332690
Position: 10.98 -39.15 -1000.94 Orientation: -0.2198 0.0707 -0.1091 0.9668 Time: 1713068382159
Position: 10.99 -39.15 -1000.92 Orientation: -0.2199 0.0701 -0.1091 0.9668 Time: 1713218967740
Position: 10.96 -39.15 -1000.94 Orientation: -0.2199 0.0722 -0.1091 0.9667 Time: 1713324220008
Position: 10.99 -39.15 -1000.9 Orientation: -0.2201 0.07 -0.1091 0.9668 Time: 1713453996519
Position: 10.97 -39.14 -1000.92 Orientation: -0.2203 0.0713 -0.109 0.9666 Time: 1713581964295
Position: 10.97 -39.14 -1000.93 Orientation: -0.2198 0.0712 -0.1091 0.9667 Time: 1713710965341
Position: 10.98 -39.16 -1000.93 Orientation: -0.2197 0.0703 -0.1091 0.9668 Time: 1713839052167
Position: 11.01 -39.14 -1000.88 Orientation: -0.2201 0.0691 -0.109 0.9668 Time: 1713965944801
Position: 10.99 -39.12 -1000.98 Orientation: -0.2198 0.0714 -0.1091 0.9667 Time: 1714094708978
Position: 10.98 -39.11 -1000.93 Orientation: -0.2198 0.0727 -0.1091 0.9666 Time: 1714202922301
Position: 11 -39.1 -1000.92 Orientation: -0.2199 0.0705 -0.109 0.9668 Time: 1714331293204
Position: 10.99 -39.1 -1000.92 Orientation: -0.2197 0.0706 -0.109 0.9668 Time: 1714460039319
Position: 10.99 -39.12 -1000.93 Orientation: -0.2198 0.0719 -0.109 0.9667 Time: 1714565052667
Position: 10.99 -39.09 -1000.94 Orientation: -0.2195 0.071 -0.109 0.9668 Time: 1714693157555
Position: 11 -39.09 -1000.9 Orientation: -0.2199 0.0697 -0.109 0.9668 Time: 1714822029699
Position: 11 -39.07 -1000.86 Orientation: -0.22 0.0698 -0.109 0.9668 Time: 1714953018875
Position: 10.99 -39.1 -1000.92 Orientation: -0.2199 0.0712 -0.109 0.9667 Time: 1715059039630
Position: 11.01 -39.14 -1000.91 Orientation: -0.22 0.0701 -0.109 0.9668 Time: 1715187747566
Position: 12.03 -38.96 -1001.45 Orientation: -0.2212 0.0879 -0.0992 0.9661 Time: 1715314011700
Position: 11.56 -39.85 -1001.57 Orientation: -0.2166 0.0823 -0.102 0.9673 Time: 1715422002112
Position: 11.66 -41.92 -1002.6 Orientation: -0.2168 0.0724 -0.1069 0.9676 Time: 1715550008477
Position: 17 -51.08 -1014.27 Orientation: -0.2196 0.0731 -0.1113 0.9664 Time: 1715680995189
Position: 44.54 -62.38 -1058.35 Orientation: -0.229 0.0957 -0.135 0.9592 Time: 1715787089837
Position: 74.33 -53.7 -1092.62 Orientation: -0.2502 0.1111 -0.1381 0.9518 Time: 1715915107696
Position: 122.82 -16.18 -1123.93 Orientation: -0.2213 0.1222 -0.1171 0.9603 Time: 1716041975289
Position: 152.06 14.43 -1129 Orientation: -0.1807 0.1433 -0.1009 0.9677 Time: 1716150106918
Position: 175.85 46.08 -1116.19 Orientation: -0.139 0.1601 -0.0502 0.9759 Time: 1716278091526
Position: 193.08 81.39 -1067.01 Orientation: -0.0752 0.145 -0.0043 0.9865 Time: 1716408107368
Position: 192.14 102.31 -1000.5 Orientation: -0.0257 0.1265 0.0341 0.991 Time: 1716536183520
Position: 185.46 101.07 -953.98 Orientation: 0.0024 0.1321 0.0441 0.9902 Time: 1716663081491
Position: 172.85 81.77 -909.88 Orientation: 0.0247 0.146 0.038 0.9882 Time: 1716771071082
Position: 138.32 30.79 -845.09 Orientation: 0.0608 0.1697 0.0409 0.9827 Time: 1716900076643
Position: 106.85 -0.54 -808.47 Orientation: 0.0798 0.1864 0.062 0.9772 Time: 1717007318684
Position: 63.18 -45.98 -777.09 Orientation: 0.0843 0.1503 0.0961 0.9803 Time: 1717135660440
Position: 42.5 -84.93 -770.6 Orientation: 0.0737 0.0998 0.1075 0.9864 Time: 1717241943515
Position: 25.75 -131.57 -781.89 Orientation: 0.0689 0.0726 0.104 0.9895 Time: 1717368910042
Position: 14.25 -180.12 -805.69 Orientation: 0.0711 0.0806 0.0906 0.99 Time: 1717477047829
Position: 32.11 -240.62 -841.57 Orientation: 0.0424 0.0779 0.0584 0.9943 Time: 1717607310391
Position: 95.42 -315.27 -875.43 Orientation: -0.0442 0.057 -0.0172 0.9972 Time: 1717735008869
Position: 138.08 -357.79 -904.19 Orientation: -0.1044 0.0708 -0.0676 0.9896 Time: 1717861025871
Position: 172.18 -377.1 -923.23 Orientation: -0.1465 0.0873 -0.1032 0.9799 Time: 1717969403400
Position: 191.88 -339.25 -919.84 Orientation: -0.1244 0.1023 -0.0853 0.9832 Time: 1718098033750
Position: 193.7 -303.14 -910.56 Orientation: -0.0633 0.1061 -0.0978 0.9875 Time: 1718225900949
Position: 197.47 -238.24 -909.24 Orientation: -0.0078 0.0923 -0.0921 0.9914 Time: 1718356009978
Position: 190.57 -189.74 -920.62 Orientation: -0.0004 0.0936 -0.0789 0.9924 Time: 1718461018811
Position: 166.85 -117.56 -959.78 Orientation: -0.0312 0.0886 -0.058 0.9938 Time: 1718589021070
Position: 144.52 -77.07 -989.29 Orientation: -0.0476 0.0663 -0.0278 0.9962 Time: 1718696993419
Position: 124.13 -45.72 -1011.69 Orientation: -0.0616 0.0308 0.0041 0.9976 Time: 1718825411121
Position: 110.13 -0.69 -1020.57 Orientation: -0.0281 0.0499 0.007 0.9983 Time: 1718954987711
Position: 97.7 24.49 -1010.37 Orientation: -0.0061 0.0717 0.0365 0.9967 Time: 1719059968628
Position: 69.98 34.45 -979.55 Orientation: 0.0209 0.0795 0.076 0.9937 Time: 1719189115407
Position: 53.33 17.91 -951.34 Orientation: 0.0502 0.0638 0.1032 0.9913 Time: 1719317248210
Position: 42.46 -16.26 -920.45 Orientation: 0.099 0.07 0.1315 0.9838 Time: 1719425087552
Position: 26.74 -87.48 -890.51 Orientation: 0.1457 0.0765 0.1275 0.978 Time: 1719554081209
Position: 11.2 -145.61 -888.69 Orientation: 0.0596 0.0238 0.1237 0.9902 Time: 1719682804335
Position: 13.52 -174.99 -903.67 Orientation: -0.0013 0.0048 0.1263 0.9919 Time: 1719814100166
Position: 28.73 -205.96 -943.81 Orientation: -0.0428 0.0153 0.0917 0.9947 Time: 1719940066265
Position: 36.86 -211.45 -988.52 Orientation: -0.0568 0.0127 0.0455 0.9972 Time: 1720108930904
Position: 42.33 -207.16 -1015.55 Orientation: -0.0505 0.0251 -0.006 0.9983 Time: 1720216930758
Position: 60.71 -173.69 -1053.87 Orientation: -0.0488 0.031 -0.0624 0.9963 Time: 1720389916160
Position: 71.57 -145.54 -1062.17 Orientation: -0.0256 0.0479 -0.0672 0.9962 Time: 1720517214794
Position: 92.51 -96.83 -1043.04 Orientation: -0.0145 0.0449 -0.0136 0.9987 Time: 1720665673080
Position: 142.91 -69.68 -991.97 Orientation: -0.0043 0.0214 0.0134 0.9996 Time: 1720797245189
Position: 204.52 -71.63 -940.78 Orientation: 0.0509 0.0397 -0.0254 0.9975 Time: 1720945020375
Position: 227.67 -78.12 -911.2 Orientation: 0.085 0.0446 -0.0424 0.9944 Time: 1721095017276
Position: 200.84 -74.43 -914.98 Orientation: 0.0819 0.0396 -0.0306 0.9953 Time: 1721224152560
Position: 121.01 -60.28 -942.51 Orientation: 0.064 0.0498 0.0111 0.9966 Time: 1721373015615
Position: 54.95 -51.79 -968.9 Orientation: 0.0487 0.0648 0.0615 0.9948 Time: 1721504622208
Position: 30.28 -56.4 -979.79 Orientation: 0.0544 0.0636 0.0538 0.995 Time: 1721653009474
Position: 23.35 -62.57 -991.07 Orientation: 0.0628 0.0713 0.0257 0.9951 Time: 1721780121323
Position: 16.27 -60.44 -999.7 Orientation: 0.0624 0.0839 0.0322 0.9939 Time: 1721930590318
Position: 9.76 -58.42 -998.06 Orientation: 0.062 0.07 0.0391 0.9948 Time: 1722057971056
Position: 7.35 -58.89 -994.98 Orientation: 0.0583 0.0586 0.0442 0.9955 Time: 1722207604649
Position: 7.32 -58.86 -994.89 Orientation: 0.0578 0.0579 0.044 0.9956 Time: 1722357087173
Position: 7.43 -58.82 -995.03 Orientation: 0.0581 0.0592 0.0441 0.9955 Time: 1722483955997
Position: 7.44 -58.81 -995 Orientation: 0.0574 0.0597 0.0443 0.9955 Time: 1722615201746
Position: 7.44 -58.81 -995.01 Orientation: 0.0574 0.0599 0.0444 0.9955 Time: 1722765065639
Position: 7.46 -58.82 -994.97 Orientation: 0.0579 0.0585 0.0439 0.9956 Time: 1722914059238
Position: 7.44 -58.82 -994.97 Orientation: 0.0574 0.0591 0.0441 0.9956 Time: 1723021931421
Position: 7.46 -58.82 -994.99 Orientation: 0.0577 0.058 0.0439 0.9956 Time: 1723170945546
Position: 7.45 -58.83 -995.01 Orientation: 0.0576 0.0593 0.0442 0.9955 Time: 1723300059894
Position: 7.45 -58.8 -994.96 Orientation: 0.0576 0.0582 0.0439 0.9956 Time: 1723452048619
Position: 7.43 -58.81 -995.01 Orientation: 0.0577 0.0589 0.044 0.9956 Time: 1723579425663
Position: 7.42 -58.79 -995.01 Orientation: 0.0577 0.0597 0.0443 0.9955 Time: 1723751907771
Position: 7.4 -58.76 -995.07 Orientation: 0.0574 0.0618 0.0448 0.9954 Time: 1723901171490
Position: 7.43 -58.79 -994.95 Orientation: 0.0572 0.0586 0.044 0.9956 Time: 1724050148668
Position: 7.41 -58.78 -995.01 Orientation: 0.0574 0.0606 0.0445 0.9955 Time: 1724221154560
Position: 7.44 -58.83 -994.9 Orientation: 0.0575 0.0577 0.0437 0.9957 Time: 1724349532853
Position: 7.45 -58.8 -994.95 Orientation: 0.058 0.0571 0.0436 0.9957 Time: 1724480003957
Position: 7.43 -58.81 -994.99 Orientation: 0.0576 0.0591 0.0441 0.9956 Time: 1724607122375
Position: 7.44 -58.81 -994.92 Orientation: 0.0577 0.0576 0.0437 0.9957 Time: 1724754631547
Position: 7.4 -58.8 -995.04 Orientation: 0.0575 0.0605 0.0445 0.9955 Time: 1724883110005
Position: 7.42 -58.82 -994.98 Orientation: 0.0576 0.0587 0.0439 0.9956 Time: 1725011106517
Position: 7.43 -58.8 -994.97 Orientation: 0.0578 0.0587 0.044 0.9956 Time: 1725141090749
Position: 7.42 -58.82 -995.04 Orientation: 0.0577 0.0593 0.0442 0.9955 Time: 1725246978497
Position: 7.4 -58.82 -995 Orientation: 0.0573 0.0604 0.0444 0.9955 Time: 1725376695073
Position: 7.43 -58.82 -994.99 Orientation: 0.0577 0.058 0.0438 0.9956 Time: 1725482491686
