Position: 7.35 -59.98 -995.93 Orientation: 0.0577 0.058 0.043 0.9957 Time: 5173440088638
Position: 7.34 -59.99 -995.95 Orientation: 0.0576 0.058 0.043 0.9957 Time: 5173503456752
Position: 7.32 -59.98 -995.91 Orientation: 0.0572 0.0602 0.0436 0.9955 Time: 5173566445959
Position: 7.34 -60.01 -995.91 Orientation: 0.0576 0.0587 0.0432 0.9956 Time: 5173657343705
Position: 7.33 -59.96 -995.89 Orientation: 0.0579 0.0575 0.0429 0.9957 Time: 5173762441619
Position: 7.34 -59.96 -995.9 Orientation: 0.0576 0.0577 0.0429 0.9957 Time: 5173825563423
Position: 7.34 -59.93 -995.87 Orientation: 0.0577 0.0567 0.0427 0.9957 Time: 5173889110522
Position: 7.32 -59.91 -995.84 Orientation: 0.0578 0.0579 0.043 0.9957 Time: 5173973434260
Position: 7.32 -59.97 -995.93 Orientation: 0.0576 0.0587 0.0432 0.9956 Time: 5174038567593
Position: 7.32 -59.93 -995.84 Orientation: 0.0571 0.0585 0.0431 0.9957 Time: 5174122317840
Position: 7.34 -59.93 -995.87 Orientation: 0.0576 0.0573 0.0428 0.9957 Time: 5174189160564
Position: 7.33 -59.95 -995.82 Orientation: 0.0578 0.0563 0.0425 0.9958 Time: 5174252806186
Position: 7.32 -59.86 -995.82 Orientation: 0.0573 0.0577 0.043 0.9957 Time: 5174338849166
Position: 7.31 -59.84 -995.82 Orientation: 0.0581 0.0582 0.0431 0.9956 Time: 5174402580587
Position: 7.32 -59.87 -995.92 Orientation: 0.0576 0.0596 0.0434 0.9956 Time: 5174533698665
Position: 7.34 -59.94 -995.96 Orientation: 0.0574 0.0582 0.0431 0.9957 Time: 5174638525638
Position: 7.37 -59.97 -995.99 Orientation: 0.0576 0.0574 0.0428 0.9957 Time: 5174701406469
Position: 7.34 -59.97 -995.9 Orientation: 0.0576 0.0588 0.0432 0.9956 Time: 5174788664167
Position: 7.34 -59.89 -995.87 Orientation: 0.057 0.0586 0.0433 0.9957 Time: 5174854042169
Position: 7.33 -59.9 -995.9 Orientation: 0.0573 0.0593 0.0434 0.9956 Time: 5174939764946
Position: 7.34 -59.91 -995.9 Orientation: 0.0573 0.0597 0.0435 0.9956 Time: 5175045633399
Position: 7.33 -59.82 -995.8 Orientation: 0.0574 0.0584 0.0432 0.9956 Time: 5175131007649
Position: 7.33 -59.75 -995.74 Orientation: 0.0574 0.0578 0.0431 0.9957 Time: 5175194526832
Position: 7.32 -59.75 -995.69 Orientation: 0.057 0.0588 0.0434 0.9956 Time: 5175258523446
Position: 7.34 -59.69 -995.57 Orientation: 0.0569 0.0577 0.0431 0.9957 Time: 5175363760526
Position: 7.32 -59.49 -995.4 Orientation: 0.0569 0.0577 0.0432 0.9957 Time: 5175471497239
Position: 7.27 -59.28 -995.38 Orientation: 0.0566 0.0606 0.044 0.9955 Time: 5175537763187
Position: 7.3 -59.32 -995.26 Orientation: 0.0566 0.0592 0.0436 0.9956 Time: 5175601503639
Position: 7.37 -59.44 -995.44 Orientation: 0.0572 0.0581 0.0433 0.9957 Time: 5175687368044
Position: 7.3 -59.32 -995.3 Orientation: 0.0568 0.0584 0.0434 0.9957 Time: 5175750740263
Position: 7.23 -59.13 -995.22 Orientation: 0.0566 0.0601 0.0439 0.9956 Time: 5175836973312
Position: 7.31 -59.34 -995.34 Orientation: 0.0574 0.0575 0.0432 0.9957 Time: 5175900512201
Position: 7.34 -59.52 -995.44 Orientation: 0.0572 0.0572 0.043 0.9957 Time: 5175963619636
Position: 7.25 -59.23 -995.29 Orientation: 0.057 0.0598 0.0438 0.9956 Time: 5176049516473
Position: 7.22 -59.2 -995.28 Orientation: 0.0568 0.0605 0.044 0.9955 Time: 5176112599278
Position: 7.27 -59.34 -995.4 Orientation: 0.0568 0.0589 0.0435 0.9956 Time: 5176178335249
Position: 7.31 -59.5 -995.49 Orientation: 0.0568 0.0593 0.0436 0.9956 Time: 5176241480863
Position: 7.27 -59.45 -995.42 Orientation: 0.0573 0.0591 0.0435 0.9956 Time: 5176308590422
Position: 7.3 -59.46 -995.37 Orientation: 0.0569 0.0568 0.0429 0.9958 Time: 5176414083253
Position: 7.27 -59.47 -995.4 Orientation: 0.0567 0.0586 0.0434 0.9957 Time: 5176563586303
Position: 7.29 -59.49 -995.44 Orientation: 0.0574 0.0583 0.0433 0.9957 Time: 5176649324269
Position: 7.28 -59.44 -995.39 Orientation: 0.0573 0.0571 0.043 0.9957 Time: 5176757451794
Position: 7.26 -59.43 -995.5 Orientation: 0.0574 0.0599 0.0437 0.9955 Time: 5176842451652
Position: 7.26 -59.46 -995.45 Orientation: 0.0569 0.0596 0.0436 0.9956 Time: 5176906460992
Position: 7.26 -59.43 -995.41 Orientation: 0.0572 0.0585 0.0433 0.9956 Time: 5177011565885
Position: 7.28 -59.38 -995.33 Orientation: 0.0568 0.0576 0.0432 0.9957 Time: 5177101009582
Position: 7.27 -59.34 -995.36 Orientation: 0.057 0.0597 0.0437 0.9956 Time: 5177164435989
Position: 7.3 -59.41 -995.31 Orientation: 0.057 0.0578 0.0432 0.9957 Time: 5177249693241
Position: 7.33 -59.58 -995.51 Orientation: 0.0569 0.0585 0.0433 0.9957 Time: 5177356665573
Position: 7.33 -59.57 -995.51 Orientation: 0.0573 0.0577 0.0431 0.9957 Time: 5177419540246
Position: 7.28 -59.51 -995.46 Orientation: 0.0574 0.0579 0.0432 0.9957 Time: 5177507171514
Position: 7.31 -59.65 -995.63 Orientation: 0.0575 0.0582 0.0432 0.9957 Time: 5177591560113
Position: 7.32 -59.65 -995.62 Orientation: 0.057 0.059 0.0435 0.9956 Time: 5177677540284
Position: 7.31 -59.68 -995.71 Orientation: 0.0572 0.0593 0.0435 0.9956 Time: 5177762647698
Position: 7.32 -59.8 -995.69 Orientation: 0.0572 0.0581 0.0432 0.9957 Time: 5177827667729
Position: 7.33 -59.8 -995.7 Orientation: 0.0574 0.0573 0.0429 0.9957 Time: 5177912159368
Position: 7.33 -59.8 -995.76 Orientation: 0.0577 0.0572 0.0429 0.9957 Time: 5177998408838
Position: 7.34 -59.86 -995.81 Orientation: 0.0573 0.0592 0.0434 0.9956 Time: 5178084367252
Position: 7.32 -59.87 -995.83 Orientation: 0.0571 0.0593 0.0434 0.9956 Time: 5178147523129
Position: 7.34 -59.88 -995.83 Orientation: 0.0573 0.0587 0.0433 0.9956 Time: 5178234167926
Position: 7.36 -59.93 -995.86 Orientation: 0.0574 0.0578 0.0431 0.9957 Time: 5178319634952
Position: 7.34 -59.94 -995.89 Orientation: 0.0574 0.0596 0.0435 0.9956 Time: 5178405517420
Position: 7.36 -59.95 -995.92 Orientation: 0.0577 0.0583 0.0431 0.9956 Time: 5178468531669
Position: 7.36 -59.87 -995.85 Orientation: 0.0578 0.0576 0.043 0.9957 Time: 5178555495027
Position: 7.35 -59.92 -995.89 Orientation: 0.0573 0.0586 0.0432 0.9956 Time: 5178639492815
Position: 7.36 -59.92 -995.81 Orientation: 0.0574 0.0571 0.0429 0.9957 Time: 5178726917593
Position: 7.33 -59.87 -995.87 Orientation: 0.0573 0.0598 0.0436 0.9956 Time: 5178791634252
Position: 7.36 -59.9 -995.78 Orientation: 0.0573 0.0567 0.0427 0.9958 Time: 5178875733849
Position: 7.34 -59.88 -995.78 Orientation: 0.0574 0.0577 0.043 0.9957 Time: 5178959640092
Position: 7.34 -59.87 -995.79 Orientation: 0.0576 0.0572 0.0429 0.9957 Time: 5179047848956
Position: 7.33 -59.87 -995.8 Orientation: 0.0573 0.0594 0.0435 0.9956 Time: 5179155910798
Position: 7.35 -59.87 -995.81 Orientation: 0.058 0.0567 0.0427 0.9957 Time: 5179220603647
Position: 7.34 -59.85 -995.79 Orientation: 0.0578 0.0579 0.043 0.9957 Time: 5179304600614
Position: 7.35 -59.9 -995.84 Orientation: 0.0574 0.0576 0.043 0.9957 Time: 5179389848425
Position: 7.33 -59.9 -995.86 Orientation: 0.057 0.0595 0.0434 0.9956 Time: 5179475591317
Position: 7.33 -59.87 -995.87 Orientation: 0.0576 0.0589 0.0433 0.9956 Time: 5179539896229
Position: 7.35 -59.91 -995.85 Orientation: 0.0574 0.0569 0.0428 0.9958 Time: 5179627615347
Position: 7.35 -59.92 -995.83 Orientation: 0.0572 0.0581 0.0431 0.9957 Time: 5179711595483
Position: 7.34 -59.91 -995.87 Orientation: 0.0574 0.0588 0.0433 0.9956 Time: 5179796581384
Position: 7.35 -59.92 -995.87 Orientation: 0.0573 0.0574 0.0429 0.9957 Time: 5179859571412
Position: 7.33 -59.97 -995.96 Orientation: 0.0573 0.0596 0.0434 0.9956 Time: 5179967459606
Position: 7.36 -59.99 -995.99 Orientation: 0.0579 0.0584 0.0431 0.9956 Time: 5180032671758
Position: 7.36 -59.98 -995.99 Orientation: 0.0576 0.0584 0.0431 0.9956 Time: 5180117933937
Position: 7.38 -59.91 -995.98 Orientation: 0.0577 0.0575 0.0429 0.9957 Time: 5180224928847
Position: 7.36 -59.94 -995.98 Orientation: 0.0576 0.0584 0.0431 0.9956 Time: 5180310562953
Position: 7.34 -59.92 -995.91 Orientation: 0.0575 0.0575 0.0428 0.9957 Time: 5180374927800
Position: 7.31 -59.81 -995.8 Orientation: 0.0576 0.0575 0.0429 0.9957 Time: 5180460558622
Position: 7.29 -59.78 -995.76 Orientation: 0.0573 0.0585 0.0431 0.9956 Time: 5180544535884
Position: 7.26 -59.72 -995.76 Orientation: 0.0576 0.0593 0.0433 0.9956 Time: 5180632155657
Position: 7.29 -59.73 -995.71 Orientation: 0.0572 0.0573 0.0429 0.9957 Time: 5180717549201
Position: 7.28 -59.72 -995.72 Orientation: 0.0572 0.0579 0.0429 0.9957 Time: 5180802906208
Position: 7.25 -59.69 -995.72 Orientation: 0.0564 0.0603 0.0435 0.9956 Time: 5180867525165
Position: 7.27 -59.65 -995.66 Orientation: 0.0574 0.0576 0.0429 0.9957 Time: 5180973532784
Position: 7.26 -59.64 -995.71 Orientation: 0.0572 0.059 0.0433 0.9956 Time: 5181036522812
Position: 7.25 -59.65 -995.7 Orientation: 0.0572 0.0589 0.0433 0.9956 Time: 5181123903254
Position: 7.27 -59.67 -995.66 Orientation: 0.0573 0.058 0.043 0.9957 Time: 5181209769712
Position: 7.29 -59.67 -995.66 Orientation: 0.0572 0.0575 0.0429 0.9957 Time: 5181294687878
Position: 7.27 -59.65 -995.66 Orientation: 0.0576 0.0582 0.0431 0.9957 Time: 5181381510839
Position: 7.28 -59.66 -995.66 Orientation: 0.0573 0.0585 0.0431 0.9956 Time: 5181466876878
Position: 7.28 -59.66 -995.65 Orientation: 0.057 0.0589 0.0433 0.9956 Time: 5181553244166
Position: 7.29 -59.68 -995.64 Orientation: 0.0571 0.0578 0.043 0.9957 Time: 5181637494422
Position: 7.31 -59.73 -995.65 Orientation: 0.0574 0.0576 0.0429 0.9957 Time: 5181702749679
Position: 7.31 -59.74 -995.71 Orientation: 0.0577 0.0581 0.043 0.9957 Time: 5181769461037
Position: 7.28 -59.63 -995.51 Orientation: 0.0573 0.0575 0.043 0.9957 Time: 5181853895614
Position: 7.3 -59.66 -995.55 Orientation: 0.0571 0.0576 0.0431 0.9957 Time: 5181959733279
Position: 7.28 -59.63 -995.54 Orientation: 0.0573 0.0585 0.0433 0.9956 Time: 5182045743418
Position: 7.29 -59.59 -995.45 Orientation: 0.0571 0.0576 0.0431 0.9957 Time: 5182130595490
Position: 7.3 -59.6 -995.5 Orientation: 0.0576 0.0575 0.0431 0.9957 Time: 5182214723002
Position: 7.29 -59.62 -995.49 Orientation: 0.0572 0.0572 0.043 0.9957 Time: 5182301737263
Position: 7.28 -59.66 -995.55 Orientation: 0.0571 0.0583 0.0432 0.9957 Time: 5182386029802
Position: 7.29 -59.69 -995.62 Orientation: 0.0576 0.0583 0.0432 0.9956 Time: 5182454224356
Position: 7.28 -59.72 -995.62 Orientation: 0.0572 0.0585 0.0432 0.9957 Time: 5182543751388
Position: 7.27 -59.69 -995.51 Orientation: 0.0571 0.0575 0.043 0.9957 Time: 5182629305853
Position: 7.27 -59.65 -995.45 Orientation: 0.0571 0.0569 0.0429 0.9958 Time: 5182713945689
Position: 7.27 -59.7 -995.58 Orientation: 0.0572 0.0585 0.0433 0.9956 Time: 5182779068349
Position: 7.27 -59.73 -995.59 Orientation: 0.0576 0.0575 0.0429 0.9957 Time: 5182864357211
Position: 7.27 -59.76 -995.63 Orientation: 0.057 0.0585 0.0431 0.9957 Time: 5182950705615
Position: 7.25 -59.74 -995.62 Orientation: 0.0572 0.059 0.0433 0.9956 Time: 5183016815157
Position: 7.26 -59.74 -995.64 Orientation: 0.0573 0.0585 0.0432 0.9956 Time: 5183100868365
Position: 7.26 -59.77 -995.69 Orientation: 0.0574 0.0589 0.0433 0.9956 Time: 5183165934784
Position: 7.28 -59.8 -995.73 Orientation: 0.0577 0.0578 0.043 0.9957 Time: 5183278872328
Position: 7.27 -59.79 -995.69 Orientation: 0.0574 0.058 0.043 0.9957 Time: 5183342806543
Position: 7.29 -59.82 -995.73 Orientation: 0.0575 0.0574 0.0428 0.9957 Time: 5183430343392
Position: 7.29 -59.78 -995.72 Orientation: 0.0571 0.0581 0.0431 0.9957 Time: 5183516921275
Position: 7.28 -59.79 -995.76 Orientation: 0.0575 0.0587 0.0431 0.9956 Time: 5183624775396
Position: 7.27 -59.78 -995.74 Orientation: 0.0574 0.0584 0.0431 0.9957 Time: 5183708917275
Position: 7.3 -59.79 -995.7 Orientation: 0.0579 0.0561 0.0425 0.9958 Time: 5183778816703
Position: 7.29 -59.85 -995.85 Orientation: 0.0577 0.058 0.0429 0.9957 Time: 5183864740223
Position: 7.27 -59.75 -995.76 Orientation: 0.0576 0.0581 0.043 0.9957 Time: 5183970663685
Position: 7.29 -59.83 -995.84 Orientation: 0.0576 0.0587 0.0432 0.9956 Time: 5184033894686
Position: 7.26 -59.8 -995.82 Orientation: 0.0572 0.0606 0.0437 0.9955 Time: 5184123069495
Position: 7.25 -59.76 -995.72 Orientation: 0.0574 0.0596 0.0435 0.9956 Time: 5184208643256
Position: 7.28 -59.82 -995.79 Orientation: 0.0573 0.0594 0.0433 0.9956 Time: 5184293754364
Position: 7.29 -59.79 -995.76 Orientation: 0.0574 0.0584 0.0431 0.9956 Time: 5184358034234
Position: 7.28 -59.79 -995.77 Orientation: 0.0573 0.0593 0.0433 0.9956 Time: 5184442751657
Position: 7.29 -59.8 -995.74 Orientation: 0.0573 0.0585 0.0432 0.9956 Time: 5184527135331
Position: 7.3 -59.78 -995.7 Orientation: 0.0574 0.0577 0.0429 0.9957 Time: 5184612884381
Position: 7.28 -59.78 -995.67 Orientation: 0.0574 0.0578 0.043 0.9957 Time: 5184677867055
Position: 7.25 -59.75 -995.68 Orientation: 0.057 0.06 0.0435 0.9956 Time: 5184764767194
Position: 7.28 -59.71 -995.52 Orientation: 0.0571 0.0568 0.0428 0.9958 Time: 5184829755205
Position: 7.27 -59.73 -995.59 Orientation: 0.0572 0.0574 0.0429 0.9957 Time: 5184913874505
Position: 7.37 -60.12 -995.91 Orientation: 0.0575 0.058 0.043 0.9957 Time: 5184999155978
Position: 7.36 -60.15 -995.99 Orientation: 0.0576 0.059 0.0432 0.9956 Time: 5185105977240
Position: 7.31 -59.98 -995.89 Orientation: 0.0575 0.0584 0.0432 0.9956 Time: 5185169847415
Position: 7.34 -60.13 -995.93 Orientation: 0.0577 0.0578 0.0429 0.9957 Time: 5185256873171
Position: 7.32 -60.05 -995.9 Orientation: 0.0576 0.0586 0.0432 0.9956 Time: 5185342605390
Position: 7.31 -60.11 -995.91 Orientation: 0.0577 0.0589 0.0432 0.9956 Time: 5185427846632
Position: 7.39 -60.29 -996.04 Orientation: 0.0575 0.0566 0.0426 0.9958 Time: 5185492219690
Position: 7.38 -60.37 -996.02 Orientation: 0.0577 0.0572 0.0428 0.9957 Time: 5185598881261
Position: 7.34 -60.18 -995.81 Orientation: 0.0575 0.0576 0.043 0.9957 Time: 5185683757964
Position: 7.32 -60.06 -995.71 Orientation: 0.0571 0.0579 0.0431 0.9957 Time: 5185747948342
Position: 7.33 -60.06 -995.73 Orientation: 0.0575 0.0574 0.043 0.9957 Time: 5185811715888
Position: 7.39 -60.14 -995.82 Orientation: 0.0577 0.0575 0.043 0.9957 Time: 5185918823690
Position: 7.4 -59.71 -995.55 Orientation: 0.0569 0.0594 0.0437 0.9956 Time: 5186003976671
Position: 7.36 -59.29 -995.27 Orientation: 0.0568 0.0598 0.0438 0.9956 Time: 5186069839902
Position: 7.33 -58.85 -994.88 Orientation: 0.0571 0.0584 0.0436 0.9956 Time: 5186175817963
Position: 7.43 -59.1 -995.15 Orientation: 0.057 0.059 0.0437 0.9956 Time: 5186259934391
Position: 7.4 -59.06 -995.11 Orientation: 0.0571 0.0596 0.0439 0.9956 Time: 5186325292277
Position: 7.33 -58.85 -994.9 Orientation: 0.0571 0.0588 0.0438 0.9956 Time: 5186409917744
Position: 7.38 -58.93 -994.98 Orientation: 0.0568 0.0584 0.0436 0.9957 Time: 5186496788325
Position: 7.42 -59.14 -995.16 Orientation: 0.057 0.059 0.0437 0.9956 Time: 5186607171637
Position: 7.36 -58.9 -994.96 Orientation: 0.0569 0.0601 0.044 0.9955 Time: 5186696921579
Position: 7.38 -58.93 -994.95 Orientation: 0.057 0.0586 0.0437 0.9956 Time: 5186762036850
Position: 7.42 -59.1 -995.11 Orientation: 0.0571 0.0597 0.044 0.9955 Time: 5186847909055
Position: 7.38 -58.96 -995 Orientation: 0.0569 0.0591 0.0438 0.9956 Time: 5186953911337
Position: 7.39 -58.94 -994.93 Orientation: 0.0573 0.0581 0.0436 0.9957 Time: 5187018963388
Position: 7.42 -59.07 -995.09 Orientation: 0.0573 0.0579 0.0435 0.9957 Time: 5187105026073
Position: 7.38 -58.99 -995.01 Orientation: 0.0566 0.0596 0.044 0.9956 Time: 5187189893335
Position: 7.37 -58.94 -995.01 Orientation: 0.0573 0.0598 0.044 0.9955 Time: 5187254646531
Position: 7.4 -58.99 -995.03 Orientation: 0.0576 0.0578 0.0435 0.9957 Time: 5187317896826
Position: 7.41 -59.05 -995 Orientation: 0.0567 0.0589 0.0437 0.9956 Time: 5187402883137
Position: 7.4 -58.99 -995.05 Orientation: 0.0576 0.0585 0.0437 0.9956 Time: 5187466899046
Position: 7.4 -58.98 -995.02 Orientation: 0.0575 0.0587 0.0438 0.9956 Time: 5187551035999
Position: 7.4 -59.04 -995.07 Orientation: 0.057 0.0591 0.0438 0.9956 Time: 5187638026861
Position: 7.38 -58.96 -995.04 Orientation: 0.0572 0.0596 0.044 0.9956 Time: 5187724490210
Position: 7.4 -58.99 -995.05 Orientation: 0.0572 0.0586 0.0437 0.9956 Time: 5187809888680
Position: 7.39 -59.02 -995.1 Orientation: 0.0571 0.0597 0.044 0.9956 Time: 5187874264200
Position: 7.4 -58.98 -995.01 Orientation: 0.0572 0.0582 0.0436 0.9957 Time: 5187979855966
Position: 7.38 -58.99 -995.1 Orientation: 0.0569 0.06 0.0441 0.9955 Time: 5188044970416
Position: 7.41 -59.02 -995.04 Orientation: 0.0572 0.0583 0.0436 0.9956 Time: 5188128869269
Position: 7.4 -59 -995.07 Orientation: 0.057 0.0591 0.0438 0.9956 Time: 5188216712363
Position: 7.41 -59 -995 Orientation: 0.057 0.0573 0.0434 0.9957 Time: 5188301013934
Position: 7.4 -59.01 -995.05 Orientation: 0.0573 0.0589 0.0437 0.9956 Time: 5188388867701
Position: 7.39 -59 -995.01 Orientation: 0.0572 0.0584 0.0436 0.9956 Time: 5188494835499
Position: 7.39 -59.01 -995.02 Orientation: 0.0569 0.0593 0.0439 0.9956 Time: 5188578694533
Position: 7.4 -59 -995.07 Orientation: 0.0569 0.0595 0.0439 0.9956 Time: 5188664863131
Position: 7.42 -59.01 -994.98 Orientation: 0.0572 0.0572 0.0433 0.9957 Time: 5188729980865
Position: 7.4 -59.01 -995.01 Orientation: 0.057 0.0583 0.0436 0.9957 Time: 5188814810770
Position: 7.39 -59 -995.05 Orientation: 0.0569 0.0597 0.0439 0.9956 Time: 5188898818410
Position: 7.41 -59 -995.02 Orientation: 0.0571 0.0583 0.0436 0.9956 Time: 5188986448447
