Position: 7.46 -58.92 -995.03 Orientation: 0.0574 0.059 0.0438 0.9956 Time: 7951810653882
Position: 7.45 -58.94 -995.04 Orientation: 0.0569 0.0599 0.044 0.9955 Time: 7951852397230
Position: 7.46 -58.93 -995.04 Orientation: 0.057 0.059 0.0438 0.9956 Time: 7951896391438
Position: 7.46 -58.93 -995.04 Orientation: 0.057 0.059 0.0438 0.9956 Time: 7951938516977
Position: 7.47 -58.93 -994.98 Orientation: 0.0574 0.0578 0.0435 0.9957 Time: 7951980398258
Position: 7.45 -58.93 -995.03 Orientation: 0.0571 0.0599 0.0441 0.9955 Time: 7952022647772
Position: 7.46 -58.93 -995.01 Orientation: 0.0569 0.059 0.0438 0.9956 Time: 7952067387478
Position: 7.46 -58.93 -995.01 Orientation: 0.0569 0.059 0.0438 0.9956 Time: 7952088507719
Position: 7.47 -58.94 -994.99 Orientation: 0.0573 0.0578 0.0435 0.9957 Time: 7952130651321
Position: 7.44 -58.91 -995.06 Orientation: 0.057 0.0606 0.0442 0.9955 Time: 7952172630715
Position: 7.45 -58.93 -995.01 Orientation: 0.057 0.0596 0.044 0.9956 Time: 7952216381898
Position: 7.46 -58.94 -994.98 Orientation: 0.0568 0.059 0.0438 0.9956 Time: 7952258498815
Position: 7.46 -58.94 -994.98 Orientation: 0.0568 0.059 0.0438 0.9956 Time: 7952279639993
Position: 7.45 -58.93 -995.01 Orientation: 0.0571 0.0603 0.0442 0.9955 Time: 7952321373899
Position: 7.45 -58.93 -995.01 Orientation: 0.0573 0.0587 0.0437 0.9956 Time: 7952366632498
Position: 7.44 -58.91 -995.03 Orientation: 0.0572 0.0605 0.0442 0.9955 Time: 7952409766674
Position: 7.45 -58.92 -995.08 Orientation: 0.0574 0.06 0.0441 0.9955 Time: 7952451617988
Position: 7.45 -58.94 -995.02 Orientation: 0.057 0.0598 0.0441 0.9955 Time: 7952495231237
Position: 7.46 -58.93 -995.02 Orientation: 0.057 0.0592 0.0439 0.9956 Time: 7952558484817
Position: 7.45 -58.92 -995.02 Orientation: 0.0575 0.0594 0.0439 0.9956 Time: 7952600485969
Position: 7.43 -58.92 -995.03 Orientation: 0.0567 0.061 0.0443 0.9955 Time: 7952667369744
Position: 7.45 -58.93 -995.06 Orientation: 0.0572 0.06 0.044 0.9955 Time: 7952709485019
Position: 7.46 -58.93 -995.03 Orientation: 0.0569 0.06 0.0441 0.9955 Time: 7952772368724
Position: 7.46 -58.93 -994.98 Orientation: 0.0573 0.0585 0.0437 0.9956 Time: 7952816358006
Position: 7.45 -58.92 -994.99 Orientation: 0.0566 0.0602 0.0441 0.9955 Time: 7952859602612
Position: 7.46 -58.93 -994.99 Orientation: 0.0571 0.059 0.0439 0.9956 Time: 7952922606187
Position: 7.46 -58.94 -995 Orientation: 0.057 0.0594 0.0439 0.9956 Time: 7952966467388
Position: 7.46 -58.94 -995.04 Orientation: 0.0575 0.0587 0.0437 0.9956 Time: 7953008361395
Position: 7.47 -58.93 -994.98 Orientation: 0.057 0.0587 0.0438 0.9956 Time: 7953050733243
Position: 7.45 -58.93 -995.01 Orientation: 0.0569 0.0597 0.0441 0.9956 Time: 7953095080085
Position: 7.45 -58.93 -995.01 Orientation: 0.0569 0.0597 0.0441 0.9956 Time: 7953116460183
Position: 7.46 -58.94 -994.97 Orientation: 0.0573 0.0581 0.0435 0.9957 Time: 7953158361169
Position: 7.44 -58.93 -995.04 Orientation: 0.0567 0.0604 0.0441 0.9955 Time: 7953200336048
Position: 7.45 -58.93 -995.06 Orientation: 0.057 0.0596 0.044 0.9956 Time: 7953244693563
Position: 7.45 -58.93 -995.06 Orientation: 0.057 0.0596 0.044 0.9956 Time: 7953265720207
Position: 7.46 -58.94 -995 Orientation: 0.0568 0.0589 0.0438 0.9956 Time: 7953329605571
Position: 7.45 -58.92 -995.03 Orientation: 0.0573 0.0598 0.044 0.9955 Time: 7953371569366
Position: 7.45 -58.93 -995.01 Orientation: 0.0569 0.0595 0.044 0.9956 Time: 7953394566899
Position: 7.45 -58.93 -995.01 Orientation: 0.0569 0.0595 0.044 0.9956 Time: 7953436456801
Position: 7.44 -58.93 -995.01 Orientation: 0.0563 0.0606 0.0442 0.9955 Time: 7953478701799
Position: 7.46 -58.93 -994.99 Orientation: 0.057 0.0594 0.0439 0.9956 Time: 7953520441863
Position: 7.45 -58.93 -995.01 Orientation: 0.0571 0.0594 0.0439 0.9956 Time: 7953544179146
Position: 7.45 -58.93 -995.01 Orientation: 0.0571 0.0594 0.0439 0.9956 Time: 7953586564130
Position: 7.45 -58.93 -995.01 Orientation: 0.0571 0.0596 0.0439 0.9956 Time: 7953628567335
Position: 7.45 -58.92 -995.04 Orientation: 0.057 0.0602 0.0441 0.9955 Time: 7953670447795
Position: 7.45 -58.93 -995.06 Orientation: 0.0573 0.06 0.0441 0.9955 Time: 7953694797568
Position: 7.45 -58.93 -995.06 Orientation: 0.0573 0.06 0.0441 0.9955 Time: 7953736566367
Position: 7.46 -58.93 -995.02 Orientation: 0.0568 0.0605 0.0442 0.9955 Time: 7953778567109
Position: 7.45 -58.92 -995.05 Orientation: 0.0573 0.0608 0.0442 0.9955 Time: 7953820690184
Position: 7.44 -58.91 -995.05 Orientation: 0.0566 0.0616 0.0445 0.9954 Time: 7953844538306
Position: 7.47 -58.92 -995.03 Orientation: 0.0571 0.059 0.0438 0.9956 Time: 7953907455673
Position: 7.46 -58.93 -995.01 Orientation: 0.0568 0.0593 0.0439 0.9956 Time: 7953949570948
Position: 7.47 -58.92 -995.07 Orientation: 0.0573 0.0589 0.0438 0.9956 Time: 7953994291771
Position: 7.46 -58.92 -995.01 Orientation: 0.0573 0.0588 0.0438 0.9956 Time: 7954057672200
Position: 7.46 -58.92 -995.01 Orientation: 0.0569 0.059 0.0438 0.9956 Time: 7954099678688
Position: 7.47 -58.93 -994.98 Orientation: 0.0569 0.0595 0.044 0.9956 Time: 7954143906891
Position: 7.47 -58.93 -994.98 Orientation: 0.0569 0.0595 0.044 0.9956 Time: 7954186682687
Position: 7.45 -58.92 -995 Orientation: 0.057 0.0595 0.0439 0.9956 Time: 7954249683799
Position: 7.47 -58.92 -995.03 Orientation: 0.0572 0.0587 0.0438 0.9956 Time: 7954314572055
Position: 7.46 -58.93 -995.01 Orientation: 0.0568 0.0593 0.0439 0.9956 Time: 7954356679530
Position: 7.47 -58.92 -995.02 Orientation: 0.0572 0.0588 0.0438 0.9956 Time: 7954398671240
Position: 7.47 -58.93 -994.98 Orientation: 0.0569 0.0588 0.0438 0.9956 Time: 7954464669532
Position: 7.44 -58.9 -995.08 Orientation: 0.0574 0.0607 0.0442 0.9955 Time: 7954528688314
Position: 7.48 -58.93 -995 Orientation: 0.0572 0.0578 0.0435 0.9957 Time: 7954570404157
Position: 7.46 -58.92 -995.04 Orientation: 0.0575 0.0596 0.0439 0.9955 Time: 7954635692666
Position: 7.46 -58.92 -995.02 Orientation: 0.0573 0.0587 0.0437 0.9956 Time: 7954698539424
Position: 7.46 -58.92 -995.02 Orientation: 0.0573 0.0587 0.0437 0.9956 Time: 7954719647350
Position: 7.47 -58.92 -994.95 Orientation: 0.0573 0.058 0.0435 0.9957 Time: 7954785662472
Position: 7.45 -58.91 -995.01 Orientation: 0.057 0.0602 0.0442 0.9955 Time: 7954848657016
Position: 7.46 -58.91 -995.01 Orientation: 0.0571 0.0598 0.044 0.9955 Time: 7954893502635
Position: 7.46 -58.92 -995.02 Orientation: 0.0569 0.0598 0.044 0.9956 Time: 7954956538231
Position: 7.45 -58.91 -995.03 Orientation: 0.0567 0.0609 0.0443 0.9955 Time: 7954998770914
Position: 7.45 -58.9 -995.04 Orientation: 0.0572 0.061 0.0443 0.9955 Time: 7955043124734
Position: 7.47 -58.92 -995 Orientation: 0.0574 0.0581 0.0436 0.9956 Time: 7955106641866
Position: 7.45 -58.91 -995.02 Orientation: 0.057 0.0607 0.0443 0.9955 Time: 7955148512063
Position: 7.45 -58.91 -995.01 Orientation: 0.057 0.06 0.0441 0.9955 Time: 7955214635151
Position: 7.47 -58.93 -995 Orientation: 0.057 0.0592 0.0439 0.9956 Time: 7955256887949
Position: 7.47 -58.91 -995 Orientation: 0.0574 0.0592 0.0438 0.9956 Time: 7955299750365
Position: 7.47 -58.93 -994.95 Orientation: 0.0567 0.0587 0.0438 0.9956 Time: 7955363760526
Position: 7.45 -58.92 -995.03 Orientation: 0.0569 0.0603 0.0442 0.9955 Time: 7955426498086
Position: 7.46 -58.91 -995.01 Orientation: 0.0572 0.0598 0.044 0.9955 Time: 7955468637582
Position: 7.47 -58.92 -995.01 Orientation: 0.0571 0.0595 0.044 0.9956 Time: 7955513750037
Position: 7.47 -58.93 -994.98 Orientation: 0.057 0.059 0.0438 0.9956 Time: 7955555625160
Position: 7.47 -58.92 -994.96 Orientation: 0.0572 0.0591 0.0439 0.9956 Time: 7955618615599
Position: 7.46 -58.92 -995.03 Orientation: 0.0572 0.0589 0.0438 0.9956 Time: 7955684616354
Position: 7.46 -58.91 -995.02 Orientation: 0.0572 0.0594 0.0439 0.9956 Time: 7955726604779
Position: 7.47 -58.92 -995.02 Orientation: 0.0573 0.0587 0.0438 0.9956 Time: 7955791715535
Position: 7.47 -58.92 -995.02 Orientation: 0.0573 0.0587 0.0438 0.9956 Time: 7955833751991
Position: 7.44 -58.91 -995.07 Orientation: 0.0571 0.0613 0.0444 0.9954 Time: 7955896596696
Position: 7.48 -58.93 -994.95 Orientation: 0.0571 0.0578 0.0435 0.9957 Time: 7956035751862
Position: 7.47 -58.93 -995.02 Orientation: 0.057 0.0593 0.0438 0.9956 Time: 7956141954476
Position: 7.47 -58.92 -994.99 Orientation: 0.057 0.0584 0.0437 0.9956 Time: 7956206733944
Position: 7.47 -58.92 -994.97 Orientation: 0.0572 0.0581 0.0436 0.9957 Time: 7956269716994
Position: 7.46 -58.93 -995.02 Orientation: 0.0569 0.0593 0.0439 0.9956 Time: 7956355712765
Position: 7.47 -58.93 -994.98 Orientation: 0.0569 0.0582 0.0436 0.9957 Time: 7956397725411
Position: 7.45 -58.91 -995.02 Orientation: 0.0566 0.0609 0.0443 0.9955 Time: 7956441430205
Position: 7.46 -58.93 -995.02 Orientation: 0.0567 0.0598 0.044 0.9956 Time: 7956504840602
Position: 7.46 -58.91 -995.01 Orientation: 0.0577 0.0591 0.0438 0.9956 Time: 7956567719380
Position: 7.47 -58.92 -994.99 Orientation: 0.0571 0.0585 0.0437 0.9956 Time: 7956633571118
Position: 7.45 -58.91 -995.01 Orientation: 0.0572 0.0594 0.0439 0.9956 Time: 7956675576375
Position: 7.47 -58.91 -994.97 Orientation: 0.0571 0.0589 0.0438 0.9956 Time: 7956717579990
Position: 7.44 -58.92 -995 Orientation: 0.0568 0.0603 0.0442 0.9955 Time: 7956782701829
Position: 7.45 -58.91 -995 Orientation: 0.0569 0.0601 0.0442 0.9955 Time: 7956824582699
Position: 7.47 -58.92 -994.95 Orientation: 0.0571 0.0585 0.0437 0.9956 Time: 7956890543223
Position: 7.47 -58.92 -994.95 Orientation: 0.0571 0.0585 0.0437 0.9956 Time: 7956932703245
Position: 7.47 -58.92 -994.99 Orientation: 0.0568 0.0592 0.0439 0.9956 Time: 7957016707601
Position: 7.46 -58.92 -994.99 Orientation: 0.0571 0.0594 0.044 0.9956 Time: 7957083812645
Position: 7.46 -58.91 -995.01 Orientation: 0.0571 0.0593 0.0439 0.9956 Time: 7957169879024
Position: 7.45 -58.9 -995.06 Orientation: 0.057 0.0608 0.0443 0.9955 Time: 7957233546404
Position: 7.47 -58.91 -995.03 Orientation: 0.0578 0.0581 0.0436 0.9956 Time: 7957275789761
Position: 7.46 -58.91 -994.98 Orientation: 0.0571 0.0592 0.0438 0.9956 Time: 7957317809386
Position: 7.45 -58.91 -995.07 Orientation: 0.0572 0.0605 0.0442 0.9955 Time: 7957361546201
Position: 7.46 -58.91 -995.03 Orientation: 0.0571 0.0599 0.0441 0.9955 Time: 7957424793212
Position: 7.47 -58.92 -995.07 Orientation: 0.0572 0.0591 0.0439 0.9956 Time: 7957490270969
Position: 7.47 -58.92 -995.07 Orientation: 0.0572 0.0591 0.0439 0.9956 Time: 7957532792245
Position: 7.47 -58.92 -994.99 Orientation: 0.057 0.0586 0.0437 0.9956 Time: 7957574781492
Position: 7.45 -58.91 -995.02 Orientation: 0.0574 0.0596 0.0439 0.9955 Time: 7957616779770
Position: 7.45 -58.91 -995.04 Orientation: 0.0572 0.0602 0.0441 0.9955 Time: 7957727544041
Position: 7.45 -58.92 -995.02 Orientation: 0.0568 0.0603 0.0442 0.9955 Time: 7957813792279
Position: 7.45 -58.92 -995.02 Orientation: 0.0568 0.0603 0.0442 0.9955 Time: 7957834541414
Position: 7.44 -58.91 -995.05 Orientation: 0.0571 0.0615 0.0445 0.9954 Time: 7957897925948
Position: 7.46 -58.92 -995 Orientation: 0.0569 0.0599 0.0441 0.9956 Time: 7957940780563
Position: 7.44 -58.91 -995.05 Orientation: 0.0566 0.062 0.0446 0.9954 Time: 7958025773443
Position: 7.46 -58.92 -994.99 Orientation: 0.0569 0.0598 0.044 0.9956 Time: 7958090006514
Position: 7.47 -58.92 -995.02 Orientation: 0.0573 0.0586 0.0437 0.9956 Time: 7958153778987
Position: 7.46 -58.92 -995.04 Orientation: 0.0571 0.0592 0.0439 0.9956 Time: 7958239734527
Position: 7.47 -58.92 -995.03 Orientation: 0.0574 0.0592 0.0439 0.9956 Time: 7958302772175
Position: 7.45 -58.92 -995.05 Orientation: 0.0569 0.0607 0.0442 0.9955 Time: 7958344759780
Position: 7.47 -58.93 -995.03 Orientation: 0.0568 0.0591 0.0439 0.9956 Time: 7958431932090
Position: 7.48 -58.94 -995.02 Orientation: 0.0573 0.0588 0.0438 0.9956 Time: 7958516635556
Position: 7.47 -58.94 -995.02 Orientation: 0.057 0.0585 0.0437 0.9956 Time: 7958602761050
Position: 7.45 -58.92 -995.04 Orientation: 0.0572 0.0597 0.044 0.9955 Time: 7958688841798
Position: 7.46 -58.94 -995.02 Orientation: 0.0567 0.0601 0.0441 0.9955 Time: 7958772734494
Position: 7.46 -58.91 -995.04 Orientation: 0.057 0.0608 0.0443 0.9955 Time: 7958838462255
Position: 7.46 -58.91 -995.04 Orientation: 0.057 0.0608 0.0443 0.9955 Time: 7958880760210
Position: 7.48 -58.92 -995 Orientation: 0.0574 0.0585 0.0437 0.9956 Time: 7958965762531
Position: 7.48 -58.94 -995 Orientation: 0.0572 0.0582 0.0436 0.9956 Time: 7959051718072
Position: 7.48 -58.93 -994.98 Orientation: 0.0572 0.0588 0.0438 0.9956 Time: 7959094128919
Position: 7.48 -58.93 -994.98 Orientation: 0.0571 0.0587 0.0438 0.9956 Time: 7959224594276
Position: 7.43 -58.91 -995.13 Orientation: 0.0569 0.0626 0.0448 0.9953 Time: 7959288562154
Position: 7.43 -58.91 -995.13 Orientation: 0.0569 0.0626 0.0448 0.9953 Time: 7959330860520
Position: 7.47 -58.92 -995.01 Orientation: 0.0575 0.0588 0.0438 0.9956 Time: 7959415699456
Position: 7.45 -58.92 -995.03 Orientation: 0.0571 0.0601 0.0441 0.9955 Time: 7959501707131
Position: 7.46 -58.93 -995 Orientation: 0.057 0.0597 0.044 0.9956 Time: 7959543585128
Position: 7.45 -58.93 -995.02 Orientation: 0.057 0.0605 0.0442 0.9955 Time: 7959608727493
Position: 7.48 -58.94 -994.99 Orientation: 0.0572 0.0579 0.0435 0.9957 Time: 7959650578396
Position: 7.46 -58.94 -995.01 Orientation: 0.0568 0.0601 0.0441 0.9955 Time: 7959737551196
Position: 7.47 -58.94 -995.01 Orientation: 0.0571 0.0588 0.0438 0.9956 Time: 7959800748124
Position: 7.49 -58.94 -995 Orientation: 0.0573 0.0575 0.0435 0.9957 Time: 7959863837497
Position: 7.46 -58.93 -995.05 Orientation: 0.0572 0.0597 0.044 0.9955 Time: 7959951587404
Position: 7.47 -58.94 -995.04 Orientation: 0.0573 0.0589 0.0438 0.9956 Time: 7960058810151
Position: 7.45 -58.93 -995.06 Orientation: 0.0567 0.0608 0.0443 0.9955 Time: 7960121823989
Position: 7.48 -58.94 -995.02 Orientation: 0.0573 0.0583 0.0437 0.9956 Time: 7960187412996
Position: 7.47 -58.94 -994.97 Orientation: 0.0571 0.0582 0.0436 0.9957 Time: 7960250826266
Position: 7.45 -58.92 -995.06 Orientation: 0.057 0.0603 0.0441 0.9955 Time: 7960313795358
Position: 7.47 -58.93 -995 Orientation: 0.0571 0.0591 0.0438 0.9956 Time: 7960400809209
Position: 7.47 -58.93 -995.03 Orientation: 0.0573 0.0591 0.0438 0.9956 Time: 7960463835363
Position: 7.45 -58.93 -995.03 Orientation: 0.0567 0.0605 0.0442 0.9955 Time: 7960528781911
Position: 7.48 -58.94 -994.98 Orientation: 0.0571 0.0584 0.0437 0.9956 Time: 7960657802662
Position: 7.46 -58.93 -995.03 Orientation: 0.057 0.06 0.0441 0.9955 Time: 7960720780375
Position: 7.49 -58.94 -995.06 Orientation: 0.0571 0.0588 0.0438 0.9956 Time: 7960762708455
Position: 7.5 -58.92 -994.98 Orientation: 0.057 0.0585 0.0437 0.9956 Time: 7960829782299
Position: 7.49 -58.94 -995.01 Orientation: 0.0569 0.0596 0.044 0.9956 Time: 7960913780497
Position: 7.52 -58.99 -995.03 Orientation: 0.0568 0.0584 0.0437 0.9957 Time: 7960957784148
Position: 7.49 -58.92 -995.03 Orientation: 0.0571 0.06 0.0441 0.9955 Time: 7961062774096
Position: 7.48 -58.93 -995.02 Orientation: 0.0565 0.0599 0.0441 0.9956 Time: 7961128772798
Position: 7.49 -58.95 -995.07 Orientation: 0.0566 0.0605 0.0442 0.9955 Time: 7961170761224
Position: 7.49 -58.94 -995.03 Orientation: 0.0574 0.0591 0.0438 0.9956 Time: 7961236264433
Position: 7.48 -58.92 -995.07 Orientation: 0.0569 0.0601 0.0441 0.9955 Time: 7961299754470
Position: 7.51 -58.97 -995.03 Orientation: 0.0567 0.0586 0.0437 0.9957 Time: 7961385855333
Position: 7.48 -58.94 -995.08 Orientation: 0.0569 0.0608 0.0443 0.9955 Time: 7961469757471
Position: 7.51 -58.93 -994.99 Orientation: 0.0573 0.0577 0.0435 0.9957 Time: 7961535472916
Position: 7.49 -58.94 -995.04 Orientation: 0.057 0.059 0.0438 0.9956 Time: 7961598781916
Position: 7.49 -58.94 -995.04 Orientation: 0.057 0.059 0.0438 0.9956 Time: 7961619774486
Position: 7.49 -58.93 -995.08 Orientation: 0.0573 0.0591 0.0439 0.9956 Time: 7961728644224
Position: 7.49 -58.93 -995.06 Orientation: 0.0575 0.0592 0.0439 0.9956 Time: 7961791742629
Position: 7.47 -58.95 -995.09 Orientation: 0.0569 0.0603 0.0441 0.9955 Time: 7961856749934
Position: 7.46 -58.93 -995.09 Orientation: 0.0571 0.0612 0.0444 0.9954 Time: 7961920732180
Position: 7.48 -58.92 -995.06 Orientation: 0.0575 0.0586 0.0437 0.9956 Time: 7961985579794
Position: 7.47 -58.93 -995.07 Orientation: 0.0571 0.0602 0.0441 0.9955 Time: 7962070724565
Position: 7.48 -58.94 -994.99 Orientation: 0.0572 0.0586 0.0437 0.9956 Time: 7962136434263
Position: 7.47 -58.95 -995.01 Orientation: 0.0565 0.0598 0.044 0.9956 Time: 7962241761656
Position: 7.49 -58.96 -995.03 Orientation: 0.057 0.0586 0.0437 0.9956 Time: 7962326724979
Position: 7.46 -58.95 -995.04 Orientation: 0.0568 0.0597 0.044 0.9956 Time: 7962410714146
Position: 7.46 -58.97 -995.05 Orientation: 0.0568 0.0598 0.044 0.9956 Time: 7962497755091
Position: 7.46 -58.96 -995.03 Orientation: 0.0572 0.0592 0.0438 0.9956 Time: 7962584319017
Position: 7.45 -58.98 -995.08 Orientation: 0.0568 0.0602 0.0441 0.9955 Time: 7962689733439
Position: 7.44 -58.97 -995.13 Orientation: 0.0567 0.0618 0.0445 0.9954 Time: 7962734928818
Position: 7.46 -58.97 -995.08 Orientation: 0.0572 0.0595 0.0439 0.9956 Time: 7962797819091
Position: 7.46 -58.96 -995.07 Orientation: 0.057 0.0593 0.0439 0.9956 Time: 7962861628099
Position: 7.47 -58.98 -995.06 Orientation: 0.0571 0.0588 0.0438 0.9956 Time: 7962947840622
Position: 7.47 -58.98 -995.08 Orientation: 0.0575 0.0581 0.0436 0.9956 Time: 7963010679170
Position: 7.46 -58.96 -995.06 Orientation: 0.0568 0.0596 0.044 0.9956 Time: 7963055809687
Position: 7.47 -58.96 -995.08 Orientation: 0.0572 0.059 0.0439 0.9956 Time: 7963139674468
Position: 7.49 -58.99 -995.01 Orientation: 0.0569 0.0579 0.0435 0.9957 Time: 7963226801622
Position: 7.46 -58.97 -995.07 Orientation: 0.0571 0.0602 0.0441 0.9955 Time: 7963310810084
Position: 7.49 -59 -995.01 Orientation: 0.0569 0.0588 0.0437 0.9956 Time: 7963354810450
Position: 7.46 -58.98 -995.07 Orientation: 0.0567 0.0609 0.0443 0.9955 Time: 7963438812343
Position: 7.48 -58.98 -995.09 Orientation: 0.0573 0.0598 0.044 0.9955 Time: 7963483399337
Position: 7.48 -58.96 -995.03 Orientation: 0.0568 0.0599 0.044 0.9956 Time: 7963610787054
Position: 7.48 -58.95 -995.05 Orientation: 0.057 0.0602 0.0442 0.9955 Time: 7963655782101
Position: 7.49 -58.96 -995.1 Orientation: 0.0575 0.0589 0.0438 0.9956 Time: 7963718932230
Position: 7.5 -58.97 -995.03 Orientation: 0.057 0.058 0.0435 0.9957 Time: 7963783632059
Position: 7.5 -58.95 -995.01 Orientation: 0.0574 0.0585 0.0437 0.9956 Time: 7963846934490
Position: 7.49 -58.95 -995.07 Orientation: 0.0574 0.0589 0.0438 0.9956 Time: 7963933373618
Position: 7.49 -58.95 -995.07 Orientation: 0.0574 0.0589 0.0438 0.9956 Time: 7963975781181
Position: 7.49 -58.94 -995.06 Orientation: 0.057 0.0595 0.044 0.9956 Time: 7964038783114
Position: 7.5 -58.97 -995.01 Orientation: 0.0568 0.058 0.0436 0.9957 Time: 7964104642651
Position: 7.5 -58.96 -995.03 Orientation: 0.0574 0.0584 0.0437 0.9956 Time: 7964167896231
Position: 7.48 -58.94 -995.02 Orientation: 0.0569 0.0598 0.044 0.9956 Time: 7964232742614
Position: 7.48 -58.94 -995.02 Orientation: 0.0569 0.0598 0.044 0.9956 Time: 7964274754028
Position: 7.49 -58.95 -995.05 Orientation: 0.057 0.0597 0.044 0.9956 Time: 7964358752638
Position: 7.49 -58.97 -995.05 Orientation: 0.0571 0.0581 0.0435 0.9957 Time: 7964424757497
Position: 7.46 -58.94 -994.99 Orientation: 0.0569 0.0592 0.0438 0.9956 Time: 7964533100953
Position: 7.46 -58.94 -994.99 Orientation: 0.0569 0.0592 0.0438 0.9956 Time: 7964575754416
Position: 7.46 -58.95 -995.05 Orientation: 0.057 0.0596 0.0439 0.9956 Time: 7964659748099
Position: 7.45 -58.95 -995.05 Orientation: 0.057 0.0601 0.0441 0.9955 Time: 7964703627362
Position: 7.45 -58.96 -995.04 Orientation: 0.0569 0.0591 0.0438 0.9956 Time: 7964766731104
Position: 7.43 -58.92 -995.05 Orientation: 0.0569 0.0608 0.0443 0.9955 Time: 7964832337762
Position: 7.44 -58.94 -995.05 Orientation: 0.0571 0.0597 0.044 0.9956 Time: 7964895602426
Position: 7.46 -58.97 -994.98 Orientation: 0.057 0.058 0.0435 0.9957 Time: 7964958865037
Position: 7.45 -58.95 -994.99 Orientation: 0.0572 0.0581 0.0435 0.9957 Time: 7965046131356
Position: 7.45 -58.95 -995.05 Orientation: 0.0571 0.0595 0.0439 0.9956 Time: 7965110733892
Position: 7.45 -58.96 -995 Orientation: 0.057 0.0588 0.0438 0.9956 Time: 7965173840507
Position: 7.44 -58.94 -995.06 Orientation: 0.0572 0.0601 0.0441 0.9955 Time: 7965236847776
Position: 7.46 -58.96 -995.04 Orientation: 0.0574 0.0582 0.0436 0.9956 Time: 7965302853457
Position: 7.44 -58.97 -995.03 Orientation: 0.0569 0.0592 0.0438 0.9956 Time: 7965365843485
Position: 7.44 -58.94 -995.04 Orientation: 0.0574 0.0592 0.0439 0.9956 Time: 7965432073308
Position: 7.44 -58.95 -995.06 Orientation: 0.0569 0.0601 0.0441 0.9955 Time: 7965495875748
Position: 7.45 -58.96 -995.05 Orientation: 0.057 0.059 0.0438 0.9956 Time: 7965558894512
Position: 7.44 -58.95 -995.02 Orientation: 0.057 0.0598 0.044 0.9956 Time: 7965623842292
Position: 7.44 -58.95 -995.06 Orientation: 0.0571 0.06 0.0441 0.9955 Time: 7965665831129
Position: 7.47 -58.98 -994.95 Orientation: 0.0565 0.0574 0.0434 0.9957 Time: 7965731441893
Position: 7.44 -58.96 -995.06 Orientation: 0.0571 0.0595 0.044 0.9956 Time: 7965794855984
Position: 7.44 -58.94 -995.08 Orientation: 0.0574 0.0598 0.044 0.9955 Time: 7965857825076
Position: 7.45 -58.96 -995.02 Orientation: 0.0571 0.0582 0.0436 0.9957 Time: 7965923805305
Position: 7.46 -58.95 -995.01 Orientation: 0.0573 0.0587 0.0437 0.9956 Time: 7966052349446
Position: 7.46 -58.96 -995.01 Orientation: 0.057 0.0584 0.0437 0.9957 Time: 7966116085792
Position: 7.44 -58.95 -995.08 Orientation: 0.0572 0.0601 0.0441 0.9955 Time: 7966180406714
Position: 7.42 -58.95 -995.04 Orientation: 0.0565 0.0615 0.0444 0.9955 Time: 7966244325741
Position: 7.44 -58.96 -995.07 Orientation: 0.057 0.0591 0.0438 0.9956 Time: 7966331141723
Position: 7.45 -58.96 -995.03 Orientation: 0.0568 0.0595 0.044 0.9956 Time: 7966415810295
Position: 7.43 -58.94 -995.03 Orientation: 0.0574 0.0601 0.0441 0.9955 Time: 7966480889030
Position: 7.45 -58.96 -995 Orientation: 0.0567 0.0592 0.0439 0.9956 Time: 7966585800159
Position: 7.44 -58.96 -995.03 Orientation: 0.0567 0.0594 0.0439 0.9956 Time: 7966651795167
Position: 7.43 -58.95 -995.05 Orientation: 0.0569 0.0609 0.0443 0.9955 Time: 7966714789300
Position: 7.44 -58.96 -995.03 Orientation: 0.0569 0.06 0.044 0.9955 Time: 7966780127481
Position: 7.46 -58.97 -995.03 Orientation: 0.057 0.0581 0.0436 0.9957 Time: 7966843773104
Position: 7.46 -58.95 -995.02 Orientation: 0.0573 0.0586 0.0437 0.9956 Time: 7966885777129
Position: 7.48 -58.97 -995.02 Orientation: 0.0572 0.0576 0.0434 0.9957 Time: 7966972041788
Position: 7.48 -58.97 -995.02 Orientation: 0.0573 0.058 0.0435 0.9957 Time: 7967034784275
Position: 7.47 -58.99 -995.07 Orientation: 0.0573 0.059 0.0439 0.9956 Time: 7967101023129
Position: 7.46 -58.98 -995.09 Orientation: 0.0569 0.06 0.0441 0.9955 Time: 7967185807056
Position: 7.46 -58.96 -995.06 Orientation: 0.057 0.0598 0.044 0.9956 Time: 7967251144416
Position: 7.47 -58.97 -995.01 Orientation: 0.0573 0.0582 0.0436 0.9957 Time: 7967315890633
Position: 7.46 -59 -995.04 Orientation: 0.0571 0.0587 0.0437 0.9956 Time: 7967379858100
Position: 7.45 -58.97 -995 Orientation: 0.0571 0.059 0.0438 0.9956 Time: 7967443009872
Position: 7.45 -58.95 -995 Orientation: 0.0571 0.0587 0.0438 0.9956 Time: 7967485016361
Position: 7.44 -58.95 -994.96 Orientation: 0.0569 0.0586 0.0437 0.9956 Time: 7967550997410
Position: 7.44 -58.95 -995.02 Orientation: 0.0571 0.0596 0.0439 0.9956 Time: 7967635017777
Position: 7.43 -58.96 -994.98 Orientation: 0.0571 0.0592 0.0438 0.9956 Time: 7967700004146
Position: 7.45 -58.96 -994.98 Orientation: 0.0568 0.0584 0.0437 0.9957 Time: 7967762875124
Position: 7.44 -58.95 -995.04 Orientation: 0.0574 0.0595 0.044 0.9955 Time: 7967828847143
Position: 7.43 -58.95 -995.02 Orientation: 0.0574 0.0591 0.0438 0.9956 Time: 7967892986206
Position: 7.44 -58.95 -994.99 Orientation: 0.0573 0.0585 0.0437 0.9956 Time: 7967957002525
Position: 7.42 -58.94 -995.03 Orientation: 0.0569 0.0607 0.0442 0.9955 Time: 7968020858332
Position: 7.43 -58.95 -995 Orientation: 0.0568 0.06 0.0441 0.9955 Time: 7968062987975
Position: 7.42 -58.95 -995.03 Orientation: 0.0569 0.0604 0.0442 0.9955 Time: 7968150978034
Position: 7.44 -58.96 -994.98 Orientation: 0.0571 0.0588 0.0437 0.9956 Time: 7968213886780
