Position: 72.68 -51.71 -1385.1 Orientation: 0.185 0.1097 0.0023 0.9765 Time: 3114045946379
Position: 52.77 -57.09 -1386.48 Orientation: 0.1814 0.1073 -0.0054 0.9775 Time: 3114263892983
Position: 46.08 -52.02 -1377.48 Orientation: 0.1776 0.1002 0.0029 0.9789 Time: 3114451871360
Position: 47.37 -51.12 -1370.61 Orientation: 0.1827 0.0816 0.0175 0.9795 Time: 3114669896096
Position: 40.03 -50.37 -1381.24 Orientation: 0.2099 0.0908 0.0342 0.9728 Time: 3114951004216
Position: 32.54 -51.85 -1381.46 Orientation: 0.222 0.0702 0.0317 0.9719 Time: 3115230907858
Position: 22.49 -54.25 -1380.49 Orientation: 0.2257 0.0669 0.0326 0.9713 Time: 3115450196383
Position: 13.3 -58.53 -1374.33 Orientation: 0.2267 0.0722 0.0364 0.9705 Time: 3115667865251
Position: 8.76 -63.91 -1369.19 Orientation: 0.2312 0.0799 0.0398 0.9687 Time: 3115854859286
Position: -0.48 -78.2 -1360.29 Orientation: 0.2426 0.0884 0.0434 0.9651 Time: 3116073916839
Position: -10.45 -90.52 -1348.88 Orientation: 0.2403 0.0693 0.0373 0.9674 Time: 3116354838470
Position: -18.03 -102.41 -1336.88 Orientation: 0.2415 0.0662 0.0343 0.9675 Time: 3116635882145
Position: -26.95 -113.15 -1326.34 Orientation: 0.2458 0.0656 0.0336 0.9665 Time: 3116884816679
Position: -33.59 -125.84 -1315.68 Orientation: 0.2499 0.0612 0.0363 0.9656 Time: 3117165842675
Position: -42.31 -139.16 -1310.2 Orientation: 0.2611 0.0498 0.0352 0.9633 Time: 3117416082629
Position: -44.92 -152.27 -1301.94 Orientation: 0.263 0.0582 0.0456 0.9619 Time: 3117664774214
Position: -43.67 -161.41 -1289.36 Orientation: 0.2551 0.064 0.0533 0.9632 Time: 3117914880148
Position: -48.45 -167.86 -1280.47 Orientation: 0.2604 0.0581 0.05 0.9624 Time: 3118163751948
Position: -49.08 -174.25 -1266.74 Orientation: 0.2455 0.0788 0.0622 0.9641 Time: 3118413815109
Position: -55.69 -182.13 -1255.55 Orientation: 0.2415 0.0679 0.0614 0.966 Time: 3118663816107
Position: -62.91 -185.05 -1245.64 Orientation: 0.2379 0.0726 0.0521 0.9671 Time: 3118912778015
Position: -70.06 -186.79 -1236.15 Orientation: 0.2422 0.0786 0.0414 0.9661 Time: 3119162809239
Position: -70.18 -183.82 -1218.64 Orientation: 0.2252 0.0821 0.0464 0.9697 Time: 3119411785404
Position: -61.17 -177.68 -1199.81 Orientation: 0.2122 0.1022 0.0413 0.9709 Time: 3119661720817
Position: -54.81 -163.8 -1186.58 Orientation: 0.1877 0.1136 0.0305 0.9751 Time: 3119912739804
Position: -50.82 -152.25 -1188.81 Orientation: 0.2015 0.105 0.0053 0.9738 Time: 3120161857975
Position: -46.92 -137.57 -1189.18 Orientation: 0.2002 0.0684 -0.0173 0.9772 Time: 3120410779962
Position: -44.69 -126.81 -1189.13 Orientation: 0.174 0.0507 -0.0092 0.9833 Time: 3120659769244
Position: -44.65 -118.94 -1195.52 Orientation: 0.1666 0.0306 -0.012 0.9854 Time: 3120909739446
Position: -40.21 -107.31 -1203.36 Orientation: 0.1672 0.033 -0.0087 0.9853 Time: 3121190722669
Position: -37.49 -91.57 -1217.3 Orientation: 0.166 0.0405 -0.0156 0.9851 Time: 3121439694272
Position: -29.4 -79.01 -1227.48 Orientation: 0.1696 0.043 -0.0141 0.9844 Time: 3121689781386
Position: -23.44 -60.93 -1237.04 Orientation: 0.1616 0.0386 -0.0189 0.9859 Time: 3121939703112
Position: -23.83 -36.15 -1250.67 Orientation: 0.1479 0.03 -0.0296 0.988 Time: 3122219712259
Position: -18.14 -24.61 -1265.51 Orientation: 0.142 0.0285 -0.0289 0.989 Time: 3122469739491
Position: -10.02 -19.87 -1276.93 Orientation: 0.1447 0.0282 -0.0263 0.9887 Time: 3122719765012
Position: -0.48 -6.58 -1286.85 Orientation: 0.128 0.0214 -0.0315 0.991 Time: 3122968721217
Position: 1.12 8.31 -1301 Orientation: 0.1213 0.0159 -0.0316 0.9919 Time: 3123218745597
Position: 6.18 27.52 -1312.57 Orientation: 0.0807 0.0291 -0.0305 0.9958 Time: 3123467701232
Position: 11.83 44.1 -1317.78 Orientation: 0.0752 0.0309 -0.0324 0.9961 Time: 3123717686832
Position: 13.09 59.01 -1317.12 Orientation: 0.0679 0.0312 -0.0214 0.9969 Time: 3123935697881
Position: 6.78 74.63 -1312.16 Orientation: 0.0655 0.0214 -0.0178 0.9974 Time: 3124185696598
Position: 1.08 81.52 -1305.98 Orientation: 0.0753 0.0128 -0.031 0.9965 Time: 3124435718127
Position: -3.36 81.75 -1293.39 Orientation: 0.0851 0.0178 -0.0345 0.9956 Time: 3124653707504
Position: -6.89 79.05 -1284.65 Orientation: 0.084 0.0237 -0.0316 0.9956 Time: 3124903745572
Position: -10.66 71.93 -1272.59 Orientation: 0.0889 0.0303 -0.0289 0.9951 Time: 3125121672216
Position: -17.44 61.25 -1257.32 Orientation: 0.0889 0.0352 -0.0125 0.9953 Time: 3125371704581
Position: -20.34 45.59 -1243.06 Orientation: 0.1028 0.0362 -0.0139 0.9939 Time: 3125620629989
Position: -22.98 37.23 -1233.3 Orientation: 0.1117 0.0368 -0.0155 0.9929 Time: 3125838687803
Position: -31.76 24.91 -1220.98 Orientation: 0.1259 0.0242 -0.0308 0.9912 Time: 3126088667130
Position: -36.64 11.2 -1208.05 Orientation: 0.1315 0.0251 -0.031 0.9905 Time: 3126338661284
Position: -42.47 0.13 -1195.91 Orientation: 0.1304 0.0277 -0.0228 0.9907 Time: 3126556640966
Position: -51.95 -13.85 -1183.7 Orientation: 0.1466 0.0322 -0.0249 0.9883 Time: 3126806624285
Position: -60.68 -21.99 -1173.99 Orientation: 0.1462 0.0323 -0.0193 0.9885 Time: 3127024592562
Position: -74.25 -33.9 -1162.36 Orientation: 0.1511 0.0233 -0.0141 0.9881 Time: 3127274614090
Position: -83.5 -50.51 -1153.28 Orientation: 0.1691 0.0284 -0.0128 0.985 Time: 3127523621622
Position: -88.38 -61.73 -1143.57 Orientation: 0.179 0.0316 -0.0084 0.9832 Time: 3127742632981
Position: -99.65 -71.38 -1134.57 Orientation: 0.1927 0.0303 -0.014 0.9806 Time: 3127991648497
Position: -104.84 -73.51 -1123.83 Orientation: 0.1948 0.0311 -0.0122 0.9802 Time: 3128210631911
Position: -106.3 -68.61 -1112.03 Orientation: 0.1813 0.0343 -0.0101 0.9827 Time: 3128459578421
Position: -103.89 -61.3 -1106.44 Orientation: 0.1462 0.0693 -0.0023 0.9868 Time: 3128678593201
Position: -103.22 -50.91 -1098.57 Orientation: 0.1203 0.0663 -0.0074 0.9904 Time: 3128928609598
Position: -106.19 -36.89 -1098.96 Orientation: 0.1138 0.0438 -0.0171 0.9923 Time: 3129146552210
Position: -107.34 -23.08 -1104.72 Orientation: 0.1119 0.0279 -0.0235 0.993 Time: 3129395665248
Position: -99.36 -14.41 -1108.26 Orientation: 0.1169 0.0232 -0.0255 0.9925 Time: 3129614548289
Position: -85.76 -1.26 -1108.38 Orientation: 0.1213 0.0214 -0.0287 0.9919 Time: 3129863583766
Position: -79.03 16.23 -1114.54 Orientation: 0.1156 0.0188 -0.0255 0.9927 Time: 3130113553397
Position: -73.79 28.84 -1124.63 Orientation: 0.1167 0.0094 -0.0288 0.9926 Time: 3130331585547
Position: -66.46 42.79 -1134.6 Orientation: 0.1145 0.0048 -0.0251 0.993 Time: 3130581570577
Position: -60.97 57.69 -1142.16 Orientation: 0.1142 -0.0017 -0.0189 0.9932 Time: 3130830560430
Position: -52.54 74.76 -1152.9 Orientation: 0.1 0.0056 -0.0075 0.9949 Time: 3131049587757
Position: -49.55 91.84 -1169.33 Orientation: 0.0887 -0.0036 -0.0129 0.9959 Time: 3131299841969
Position: -46.1 108.88 -1181.72 Orientation: 0.0705 -0.0189 -0.0137 0.9972 Time: 3131548513593
Position: -41.45 123.59 -1190.56 Orientation: 0.0802 -0.0218 -0.0266 0.9961 Time: 3131798587019
Position: -40.14 141.21 -1196.35 Orientation: 0.0722 -0.0261 -0.0316 0.9965 Time: 3132047496459
Position: -41.58 151.58 -1200.47 Orientation: 0.0749 -0.0314 -0.0315 0.9961 Time: 3132297516848
Position: -41.46 165.72 -1198.29 Orientation: 0.0812 -0.0264 -0.0458 0.9952 Time: 3132547472222
Position: -45.88 184.03 -1189.01 Orientation: 0.0714 -0.0262 -0.0566 0.9954 Time: 3132796549901
Position: -49.42 186.37 -1179.45 Orientation: 0.0726 -0.026 -0.0605 0.9951 Time: 3133015556127
Position: -53.81 178.26 -1167.77 Orientation: 0.0804 -0.0211 -0.0574 0.9948 Time: 3133264466137
Position: -61.43 162.05 -1150.21 Orientation: 0.0944 -0.018 -0.0513 0.994 Time: 3133514548118
Position: -68.51 146.84 -1133.36 Orientation: 0.1086 -0.0169 -0.0482 0.9927 Time: 3133733147719
Position: -77.69 129.91 -1112.31 Orientation: 0.1208 -0.0116 -0.0526 0.9912 Time: 3133982807106
Position: -84.98 113.9 -1097.6 Orientation: 0.1284 -0.0053 -0.0509 0.9903 Time: 3134231483863
Position: -96.16 98.07 -1084.81 Orientation: 0.135 -0.0045 -0.0552 0.9892 Time: 3134481491134
Position: -104.52 86.11 -1066.6 Orientation: 0.1299 -0.0023 -0.0555 0.9899 Time: 3134699502753
Position: -113.63 74.35 -1056.41 Orientation: 0.1322 -0.0045 -0.0527 0.9898 Time: 3134949783770
Position: -116.53 67.61 -1043.36 Orientation: 0.1264 -0.0108 -0.0382 0.9911 Time: 3135198508432
Position: -119.36 63.37 -1037.28 Orientation: 0.1294 -0.0091 -0.0268 0.9911 Time: 3135417423980
Position: -120.56 54.45 -1028.27 Orientation: 0.1495 -0.0016 -0.003 0.9887 Time: 3135667497406
Position: -126.83 50.19 -1015.44 Orientation: 0.1503 0.0036 0.0155 0.9885 Time: 3135916461025
Position: -132.51 51.51 -1004.5 Orientation: 0.138 0.0084 0.0189 0.9902 Time: 3136166586349
Position: -129.47 62.37 -990.54 Orientation: 0.1146 0.0175 0.0254 0.9929 Time: 3136384442276
Position: -130.67 80.07 -976.86 Orientation: 0.0868 0.0205 0.0166 0.9958 Time: 3136634540225
Position: -134.49 100.85 -970.13 Orientation: 0.0608 0.0283 0.0054 0.9977 Time: 3136852425237
Position: -136.07 121.29 -968.67 Orientation: 0.0342 0.0428 -0.024 0.9982 Time: 3137102404564
Position: -135.38 136.05 -972.41 Orientation: 0.0227 0.0261 -0.0403 0.9985 Time: 3137351397268
Position: -130.81 146.17 -981.8 Orientation: 0.0071 0.0271 -0.0523 0.9982 Time: 3137570382393
Position: -121.35 160.21 -996.49 Orientation: -0.0073 0.0143 -0.0623 0.9979 Time: 3137819444103
Position: -105.6 171.55 -1015.86 Orientation: -0.0123 0.0045 -0.0603 0.998 Time: 3138070396935
Position: -97.79 184.82 -1029.39 Orientation: -0.0281 -0.0045 -0.0603 0.9977 Time: 3138287383152
Position: -84.84 202.68 -1047.66 Orientation: -0.0367 -0.0001 -0.0552 0.9977 Time: 3138537395556
Position: -75.12 218.44 -1062.4 Orientation: -0.0461 -0.0015 -0.0516 0.9975 Time: 3138787384007
Position: -73.15 228.34 -1080.13 Orientation: -0.0389 -0.0124 -0.0562 0.9975 Time: 3139005365971
Position: -67.76 242.44 -1093.78 Orientation: -0.0529 -0.0172 -0.0588 0.9967 Time: 3139254390042
Position: -65.45 260.3 -1111.78 Orientation: -0.0689 -0.0166 -0.0666 0.9952 Time: 3139504346556
Position: -59.16 275.28 -1122.11 Orientation: -0.0863 -0.0183 -0.0667 0.9938 Time: 3139723349360
Position: -58.74 291.4 -1132.89 Orientation: -0.0799 -0.0321 -0.0706 0.9937 Time: 3139972391681
Position: -66.69 306.56 -1135.45 Orientation: -0.0545 -0.0556 -0.0826 0.9935 Time: 3140191362548
Position: -73.33 317.88 -1128.07 Orientation: -0.0433 -0.0511 -0.0939 0.9933 Time: 3140440376353
Position: -85.23 320.62 -1118.66 Orientation: -0.0288 -0.0598 -0.1069 0.992 Time: 3140690354539
Position: -92.6 313.01 -1101.72 Orientation: -0.0151 -0.0567 -0.1013 0.9931 Time: 3140908399236
Position: -105.44 291.81 -1078.82 Orientation: 0.015 -0.0632 -0.1083 0.9919 Time: 3141158364305
Position: -112.89 277.57 -1063.48 Orientation: 0.0246 -0.0642 -0.0996 0.9926 Time: 3141407312526
Position: -119.5 263.88 -1049.02 Orientation: 0.0337 -0.062 -0.0916 0.9932 Time: 3141657375687
Position: -125.64 255.34 -1034.4 Orientation: 0.0371 -0.058 -0.091 0.9934 Time: 3141875316588
Position: -137.78 240.17 -1012.8 Orientation: 0.05 -0.0731 -0.1032 0.9907 Time: 3142126373786
Position: -158.49 222.77 -992.35 Orientation: 0.0564 -0.0885 -0.0903 0.9903 Time: 3142375295202
Position: -162.5 208.58 -973.37 Orientation: 0.064 -0.0718 -0.0794 0.9921 Time: 3142593359289
Position: -156.87 191.43 -948.4 Orientation: 0.0693 -0.0445 -0.0529 0.9951 Time: 3142843307819
Position: -158.79 173.15 -931.39 Orientation: 0.0837 -0.0377 -0.0392 0.9949 Time: 3143092337023
Position: -148.61 160.64 -915.96 Orientation: 0.084 -0.0188 -0.0267 0.9959 Time: 3143342282702
Position: -136.17 150.61 -904.78 Orientation: 0.0818 0.0027 -0.0112 0.9965 Time: 3143561263264
Position: -115.72 143.71 -893.92 Orientation: 0.0885 0.0209 -0.0139 0.9957 Time: 3143810306725
Position: -98.02 143.63 -889.1 Orientation: 0.0851 0.0375 -0.0069 0.9956 Time: 3144028265877
Position: -79.31 141.78 -894.25 Orientation: 0.0912 0.045 0.0014 0.9948 Time: 3144246276926
Position: -58.75 139.5 -902.64 Orientation: 0.1032 0.0486 0.0164 0.9933 Time: 3144496303587
Position: -42.79 140.05 -915.31 Orientation: 0.119 0.0458 0.0097 0.9917 Time: 3144715345742
Position: -22.96 147.07 -939.02 Orientation: 0.1295 0.0473 -0.0046 0.9904 Time: 3144964267729
Position: -5.86 160.03 -954.28 Orientation: 0.119 0.0498 -0.0096 0.9915 Time: 3145214303515
Position: 3.26 178.5 -973.16 Orientation: 0.1037 0.0367 0.0008 0.9939 Time: 3145432298026
Position: 3.74 195.32 -990.09 Orientation: 0.0878 -0.0151 -0.0316 0.9955 Time: 3145682295602
Position: 13.14 213.25 -1007.91 Orientation: 0.0688 -0.0234 -0.0396 0.9965 Time: 3145931269486
Position: 17.11 225.42 -1020.03 Orientation: 0.0581 -0.0235 -0.0411 0.9971 Time: 3146150220393
Position: 22.81 245.01 -1034.39 Orientation: 0.0413 -0.0242 -0.0516 0.9975 Time: 3146399318032
Position: 20.19 266.67 -1050.37 Orientation: 0.0166 -0.0326 -0.054 0.9978 Time: 3146618252971
Position: 14.29 290.58 -1080.45 Orientation: -0.0157 -0.0447 -0.0681 0.9965 Time: 3146869252567
Position: 15.37 289.77 -1102 Orientation: -0.0173 -0.0458 -0.0775 0.9957 Time: 3147086258174
Position: 20.06 286.11 -1116.68 Orientation: -0.0354 -0.0383 -0.0733 0.9959 Time: 3147335247456
Position: 18.46 265.58 -1122.88 Orientation: -0.0277 -0.0345 -0.0501 0.9977 Time: 3147585210814
Position: 19.57 239.3 -1118.5 Orientation: -0.0018 -0.0318 -0.0365 0.9988 Time: 3147803224715
Position: 19.68 208.01 -1106.69 Orientation: 0.0304 -0.0307 -0.0259 0.9987 Time: 3148053253658
Position: 10.53 187.68 -1097.38 Orientation: 0.0494 -0.0311 -0.0201 0.998 Time: 3148271189427
Position: -6.45 162.57 -1086 Orientation: 0.0692 -0.0311 -0.0169 0.9969 Time: 3148521192136
Position: -13.68 141.06 -1071.34 Orientation: 0.0752 -0.0189 -0.007 0.9969 Time: 3148771195415
Position: -24.17 123.28 -1058.97 Orientation: 0.0704 -0.0079 0.0052 0.9974 Time: 3148989153426
Position: -42.6 100.94 -1049.23 Orientation: 0.0912 -0.0136 -0.007 0.9957 Time: 3149270187406
Position: -62.23 77.11 -1036.42 Orientation: 0.1182 -0.0292 -0.0025 0.9925 Time: 3149488139714
Position: -66.1 61.12 -1022.21 Orientation: 0.1253 -0.0279 0.0099 0.9916 Time: 3149738162954
Position: -73.75 34.01 -1015.88 Orientation: 0.188 -0.0247 0.0089 0.9818 Time: 3149987132276
Position: -87.47 18.15 -1012.92 Orientation: 0.2149 -0.0329 -0.0083 0.976 Time: 3150206157892
Position: -89.41 2.58 -1003.92 Orientation: 0.2258 -0.0314 0.0004 0.9736 Time: 3150455157440
Position: -85.11 -19.69 -1012.2 Orientation: 0.2582 -0.0157 0.0035 0.9659 Time: 3150705201211
Position: -81.42 -27.24 -1021.6 Orientation: 0.2634 -0.0043 0.0324 0.9641 Time: 3150923158081
Position: -71.19 -27.04 -1030.19 Orientation: 0.2541 -0.0184 0.0417 0.966 Time: 3151173201852
Position: -64.87 -27.45 -1047.26 Orientation: 0.2703 -0.0465 0.0264 0.9612 Time: 3151391122223
Position: -57.87 -15.32 -1058.79 Orientation: 0.2623 -0.0513 0.0143 0.9634 Time: 3151641117518
Position: -46.67 0.86 -1070.03 Orientation: 0.2489 -0.0402 0.0158 0.9675 Time: 3151859150808
Position: -34.03 18.57 -1086.3 Orientation: 0.2519 -0.052 0.0199 0.9661 Time: 3152109113596
Position: -26.9 36.7 -1106.08 Orientation: 0.2525 -0.0518 0.0235 0.9659 Time: 3152359148812
Position: -23.36 52.15 -1121.5 Orientation: 0.25 -0.0542 0.0118 0.9666 Time: 3152577083441
Position: -19.43 64.12 -1137.64 Orientation: 0.2444 -0.0667 -0.0005 0.9673 Time: 3152827116376
Position: -5.52 78.23 -1153.58 Orientation: 0.2389 -0.0501 0.0022 0.9697 Time: 3153045111456
Position: 7.38 98.4 -1175.11 Orientation: 0.2265 -0.0433 0.003 0.973 Time: 3153295131274
Position: 10.7 120.62 -1202.72 Orientation: 0.2088 -0.0311 -0.0124 0.9773 Time: 3153575047463
Position: 17.37 120.9 -1218.27 Orientation: 0.2147 -0.024 -0.0348 0.9757 Time: 3153794084485
Position: 29.73 132.72 -1224 Orientation: 0.1819 -0.0229 -0.0321 0.9825 Time: 3154044080921
Position: 31.45 149.58 -1228.09 Orientation: 0.1418 -0.0287 -0.0455 0.9884 Time: 3154293091875
Position: 30.62 143.01 -1235.38 Orientation: 0.1398 -0.0421 -0.0458 0.9882 Time: 3154543117966
Position: 33.55 131.28 -1235.15 Orientation: 0.1442 -0.039 -0.0262 0.9884 Time: 3154762048342
Position: 30.98 115.42 -1230.67 Orientation: 0.1507 -0.0407 -0.0121 0.9876 Time: 3155011042757
Position: 14.09 89.05 -1223.07 Orientation: 0.1771 -0.0521 -0.0212 0.9825 Time: 3155229077758
Position: 0.8 66.3 -1213.39 Orientation: 0.1956 -0.0597 -0.0174 0.9786 Time: 3155479061077
Position: -2.89 51.8 -1195.63 Orientation: 0.1942 -0.0554 0.0002 0.9793 Time: 3155728092562
Position: -12.32 38.59 -1180.75 Orientation: 0.1958 -0.0712 0.0094 0.9779 Time: 3155947107342
Position: -21.03 25.07 -1165.5 Orientation: 0.1962 -0.0732 0.0226 0.9775 Time: 3156196065258
Position: -24.9 7.81 -1149.74 Orientation: 0.1978 -0.0535 0.0353 0.9781 Time: 3156446012077
Position: -33.91 -4.52 -1135.88 Orientation: 0.2004 -0.059 0.0388 0.9771 Time: 3156664002025
Position: -44.23 -22.23 -1121.66 Orientation: 0.2088 -0.059 0.0415 0.9752 Time: 3156914060053
Position: -54.32 -40.58 -1112.83 Orientation: 0.2124 -0.044 0.0543 0.9746 Time: 3157132047720
Position: -60.61 -57.4 -1105.31 Orientation: 0.2244 -0.0442 0.0628 0.9714 Time: 3157351040259
Position: -60.66 -75.33 -1099.93 Orientation: 0.2381 -0.0078 0.092 0.9668 Time: 3157600046650
Position: -58.43 -98.4 -1102.53 Orientation: 0.2591 -0.0094 0.0981 0.9607 Time: 3157819034056
Position: -56.15 -111.33 -1112.06 Orientation: 0.2808 -0.0143 0.0946 0.9549 Time: 3158037006325
Position: -55.27 -119.65 -1134.54 Orientation: 0.3092 -0.0289 0.0762 0.9474 Time: 3158287059791
Position: -47.05 -119.06 -1155.83 Orientation: 0.3166 -0.0314 0.0691 0.9454 Time: 3158505017801
Position: -31.34 -108.22 -1170.46 Orientation: 0.3042 -0.0317 0.0714 0.9493 Time: 3158755004542
Position: -18.49 -100.83 -1187.41 Orientation: 0.3109 -0.0554 0.0599 0.9469 Time: 3159003992113
Position: -15.49 -90.64 -1205.04 Orientation: 0.3196 -0.0625 0.0455 0.9443 Time: 3159222992636
Position: -1.46 -74.79 -1219.55 Orientation: 0.3317 -0.0532 0.0472 0.9406 Time: 3159472020129
Position: 6.3 -59.93 -1231.8 Orientation: 0.3235 -0.0542 0.0613 0.9426 Time: 3159691054870
Position: 10.05 -45.61 -1247.91 Orientation: 0.3213 -0.0572 0.0568 0.9435 Time: 3159909034552
Position: 16.64 -23.93 -1268.49 Orientation: 0.3261 -0.0601 0.0599 0.9415 Time: 3160159037261
Position: 27.06 -6.13 -1286.98 Orientation: 0.327 -0.0563 0.0546 0.9417 Time: 3160407970654
Position: 36.52 13.51 -1302.76 Orientation: 0.3005 -0.0482 0.0603 0.9506 Time: 3160657988191
Position: 39.03 30.49 -1322.1 Orientation: 0.2628 -0.0568 0.0536 0.9616 Time: 3160875947913
Position: 41.22 31.3 -1337.46 Orientation: 0.2277 -0.0387 0.0666 0.9706 Time: 3161125953473
Position: 44.14 9.67 -1342.52 Orientation: 0.2442 -0.0482 0.0773 0.9654 Time: 3161374947888
Position: 48.37 -12.58 -1336.74 Orientation: 0.2573 -0.0444 0.0874 0.9613 Time: 3161593932443
Position: 44.56 -36.66 -1325.76 Orientation: 0.2802 -0.0624 0.0833 0.9542 Time: 3161842958224
Position: 28.87 -63.47 -1310.59 Orientation: 0.2885 -0.0641 0.08 0.9519 Time: 3162092913598
Position: 14.7 -89.67 -1293.86 Orientation: 0.2779 -0.0491 0.0944 0.9546 Time: 3162310975974
Position: 3.23 -119.99 -1266.9 Orientation: 0.2789 -0.0514 0.0951 0.9541 Time: 3162560934200
Position: -11.56 -141.53 -1234.04 Orientation: 0.2708 -0.0434 0.0923 0.9572 Time: 3162810922651
Position: -24.23 -158.29 -1207.76 Orientation: 0.27 -0.0338 0.0858 0.9584 Time: 3163060944180
Position: -30.55 -177.8 -1188.95 Orientation: 0.2829 -0.027 0.079 0.9554 Time: 3163278928425
Position: -26.05 -191.88 -1173.46 Orientation: 0.2784 -0.0091 0.091 0.956 Time: 3163496879022
Position: -22.26 -205.91 -1166.97 Orientation: 0.2847 0.0008 0.0999 0.9533 Time: 3163746927925
Position: -18.08 -222.74 -1172.4 Orientation: 0.3161 0.0111 0.0843 0.9448 Time: 3163964859132
Position: -10.11 -236.3 -1180.87 Orientation: 0.323 0.0109 0.0969 0.9413 Time: 3164214908035
Position: -4.06 -238.48 -1194.48 Orientation: 0.3136 -0.0038 0.1138 0.9426 Time: 3164463910435
Position: 1.79 -233.9 -1221.95 Orientation: 0.3205 -0.0278 0.1002 0.9414 Time: 3164713908011
Position: 13.72 -221.6 -1246.84 Orientation: 0.3448 -0.0407 0.088 0.9336 Time: 3164931885982
Position: 31.77 -201.08 -1272.24 Orientation: 0.3482 -0.0399 0.0949 0.9317 Time: 3165181924050
Position: 46.13 -181.89 -1288.7 Orientation: 0.3461 -0.0438 0.1009 0.9316 Time: 3165399853546
Position: 59.97 -161.24 -1306.84 Orientation: 0.3552 -0.0346 0.1149 0.927 Time: 3165649934957
Position: 67.22 -142.06 -1321.56 Orientation: 0.344 -0.0189 0.1346 0.929 Time: 3165899058830
Position: 75.05 -122.83 -1341.86 Orientation: 0.3229 -0.0119 0.1401 0.9359 Time: 3166117879138
Position: 82.86 -101.67 -1362.19 Orientation: 0.3258 -0.019 0.1395 0.9348 Time: 3166366915185
Position: 84.95 -81.46 -1375.09 Orientation: 0.3296 -0.0189 0.1296 0.9349 Time: 3166585808491
Position: 86.68 -53.68 -1376.55 Orientation: 0.3185 -0.0229 0.1267 0.9391 Time: 3166834923240
Position: 85.25 -34.15 -1361.28 Orientation: 0.3089 -0.0302 0.1133 0.9438 Time: 3167084844966
Position: 73.98 -26.14 -1340.05 Orientation: 0.2835 -0.0444 0.1208 0.9502 Time: 3167302873694
Position: 64.12 -30.03 -1310.88 Orientation: 0.2816 -0.0589 0.1201 0.9501 Time: 3167552825076
Position: 40.67 -47.52 -1283.03 Orientation: 0.2672 -0.0595 0.135 0.9522 Time: 3167770809321
Position: 24.06 -69.6 -1254.03 Orientation: 0.2698 -0.0494 0.1313 0.9526 Time: 3168020814311
Position: 21.97 -87.89 -1224 Orientation: 0.2712 -0.0329 0.128 0.9533 Time: 3168270826715
Position: 19.13 -93.74 -1201.84 Orientation: 0.259 -0.0306 0.13 0.9565 Time: 3168488810389
Position: 18.41 -97.36 -1173.82 Orientation: 0.2434 -0.016 0.1237 0.9618 Time: 3168738811958
Position: 29.33 -90.28 -1141.27 Orientation: 0.2513 0.0052 0.0973 0.9629 Time: 3168956743735
Position: 21.89 -74.42 -1111.28 Orientation: 0.2373 0.0049 0.0856 0.9676 Time: 3169206808607
Position: 6.13 -53.08 -1086.6 Orientation: 0.2252 0.0024 0.0607 0.9723 Time: 3169455766522
Position: -7.08 -33.3 -1067.34 Orientation: 0.2236 0.0018 0.0445 0.9736 Time: 3169674751077
Position: -26.31 -5.11 -1042.68 Orientation: 0.2225 0.0014 0.026 0.9745 Time: 3169923781991
Position: -43.58 26.24 -1015.15 Orientation: 0.2018 0.0083 0.0214 0.9791 Time: 3170173764169
Position: -60.74 43.84 -992.43 Orientation: 0.1847 0.0059 0.0042 0.9827 Time: 3170391763812
Position: -71.27 83.75 -964.73 Orientation: 0.1179 0.0358 -0.0043 0.9923 Time: 3170665854366
Position: -86.67 106.09 -963.91 Orientation: 0.1095 0.0299 -0.0333 0.9929 Time: 3170955725176
Position: -84.49 121.36 -974.36 Orientation: 0.0792 0.0336 -0.024 0.9959 Time: 3171173774435
Position: -85.21 148.29 -996.54 Orientation: 0.0337 0.0042 -0.0142 0.9993 Time: 3171454783892
Position: -85.73 152.95 -1014.69 Orientation: 0.0095 -0.0127 -0.0113 0.9998 Time: 3171672740762
Position: -81.51 147.38 -1035.29 Orientation: -0.0105 -0.0183 0.0003 0.9997 Time: 3171922752026
Position: -74.24 132.26 -1055.13 Orientation: -0.0143 -0.0132 0.0121 0.9997 Time: 3172171824572
Position: -71.35 112.24 -1071.47 Orientation: 0.0062 -0.0196 0.0093 0.9997 Time: 3172390762932
Position: -67.36 89.44 -1091.06 Orientation: 0.0236 -0.0243 0.0178 0.9992 Time: 3172639691192
Position: -55.05 56.31 -1114.67 Orientation: 0.054 -0.0265 0.0336 0.9976 Time: 3172889733822
