Position: -31.23 -25.41 -1360.69 Orientation: -0.0869 0.1016 -0.1212 0.9835 Time: 2428625585913
Position: -31.67 -29.92 -1353.55 Orientation: -0.076 0.1078 -0.125 0.9833 Time: 2428843609509
Position: -33.88 -33.92 -1341.85 Orientation: -0.0803 0.1129 -0.1193 0.9831 Time: 2429062514221
Position: -36.15 -36.23 -1338.07 Orientation: -0.079 0.1251 -0.1145 0.9823 Time: 2429249512819
Position: -38.23 -42.74 -1333.14 Orientation: -0.0831 0.1198 -0.1096 0.9832 Time: 2429467519876
Position: -39.57 -51.37 -1326.44 Orientation: -0.0817 0.1196 -0.1043 0.9839 Time: 2429686510133
Position: -41.46 -61.43 -1321.12 Orientation: -0.0726 0.1215 -0.0995 0.9848 Time: 2429904532018
Position: -49.5 -70.62 -1313.85 Orientation: -0.0765 0.1162 -0.0976 0.9854 Time: 2430154529594
Position: -52.57 -79.96 -1305.38 Orientation: -0.0855 0.116 -0.0963 0.9848 Time: 2430341542450
Position: -55.61 -89.17 -1300.85 Orientation: -0.0904 0.1212 -0.0897 0.9844 Time: 2430528545039
Position: -60.48 -98.34 -1296.64 Orientation: -0.0838 0.1183 -0.0868 0.9856 Time: 2430747449752
Position: -64.01 -109.52 -1289.65 Orientation: -0.0801 0.1188 -0.0842 0.986 Time: 2430934512793
Position: -67.93 -121.9 -1279.13 Orientation: -0.0731 0.1248 -0.0836 0.9859 Time: 2431152507874
Position: -75.38 -131.2 -1264.93 Orientation: -0.0749 0.1281 -0.0804 0.9856 Time: 2431402494044
Position: -83.24 -141.37 -1250.91 Orientation: -0.1008 0.1243 -0.0709 0.9845 Time: 2431651504428
Position: -88.94 -154.19 -1238.04 Orientation: -0.124 0.1187 -0.0607 0.9832 Time: 2431901547628
Position: -94.54 -161.18 -1221.78 Orientation: -0.182 0.1394 -0.0575 0.9716 Time: 2432151462510
Position: -105.83 -167.35 -1204.38 Orientation: -0.1807 0.1518 -0.0655 0.9695 Time: 2432369447896
Position: -111.34 -168.59 -1188.86 Orientation: -0.1893 0.1505 -0.0746 0.9674 Time: 2432619464862
Position: -113.35 -165.89 -1174.5 Orientation: -0.1905 0.1469 -0.0943 0.966 Time: 2432837430287
Position: -118 -157.32 -1164.75 Orientation: -0.1907 0.1396 -0.1009 0.9663 Time: 2433055452742
Position: -119.22 -146.53 -1155.24 Orientation: -0.1867 0.1369 -0.113 0.9662 Time: 2433305487958
Position: -116.94 -133.06 -1155.09 Orientation: -0.1849 0.128 -0.1234 0.9665 Time: 2433523516687
Position: -120.03 -123.01 -1160.65 Orientation: -0.1537 0.1103 -0.1334 0.9728 Time: 2433773504568
Position: -119.04 -109.08 -1166.92 Orientation: -0.1355 0.1022 -0.1367 0.9759 Time: 2433991458587
Position: -114.66 -90.43 -1179.53 Orientation: -0.1143 0.1039 -0.1378 0.9783 Time: 2434241406547
Position: -112.31 -75.62 -1189.43 Orientation: -0.1136 0.0931 -0.1446 0.9785 Time: 2434459429002
Position: -108.51 -70.25 -1198.61 Orientation: -0.0836 0.0864 -0.1537 0.9807 Time: 2434678448345
Position: -103.52 -58.06 -1212.47 Orientation: -0.0609 0.0658 -0.1691 0.9814 Time: 2434927435916
Position: -103.23 -53.24 -1222.21 Orientation: -0.0573 0.0678 -0.1765 0.9802 Time: 2435146393096
Position: -100.39 -43.93 -1228.78 Orientation: -0.0667 0.0693 -0.1769 0.9795 Time: 2435364404145
Position: -91.55 -27.78 -1233.99 Orientation: -0.0937 0.0688 -0.1641 0.9795 Time: 2435614411987
Position: -85.96 -14.49 -1242.68 Orientation: -0.1208 0.058 -0.1408 0.9809 Time: 2435832393380
Position: -86.23 -1.54 -1253.93 Orientation: -0.1181 0.046 -0.137 0.9824 Time: 2436051452644
Position: -79.48 9.77 -1266.25 Orientation: -0.0834 0.0531 -0.166 0.9811 Time: 2436300429380
Position: -70.52 21.54 -1274.44 Orientation: -0.0897 0.0513 -0.1657 0.9807 Time: 2436519394544
Position: -70.41 30.55 -1280.91 Orientation: -0.0929 0.0445 -0.1631 0.9812 Time: 2436737389625
Position: -70.53 42.7 -1288.56 Orientation: -0.1003 0.0289 -0.1571 0.982 Time: 2436955382994
Position: -72.04 56.82 -1299.12 Orientation: -0.1042 0.0247 -0.162 0.9809 Time: 2437205384563
Position: -74.69 76.23 -1307.58 Orientation: -0.1199 0.0238 -0.1716 0.9775 Time: 2437459907485
Position: -73.92 92.04 -1308.17 Orientation: -0.1266 0.0341 -0.1744 0.9758 Time: 2437716391106
Position: -73.66 96.59 -1302.9 Orientation: -0.1175 0.0304 -0.1799 0.9761 Time: 2437935330606
Position: -79.59 94.15 -1288.12 Orientation: -0.1175 0.0306 -0.1746 0.977 Time: 2438153399256
Position: -81.7 86.77 -1276.87 Orientation: -0.1111 0.0355 -0.1687 0.9787 Time: 2438371341869
Position: -82.94 75.76 -1269.01 Orientation: -0.1042 0.0365 -0.1607 0.9807 Time: 2438590391438
Position: -85.42 60.48 -1260.23 Orientation: -0.0864 0.042 -0.1587 0.9826 Time: 2438808342605
Position: -87.74 48.32 -1251.15 Orientation: -0.0761 0.0487 -0.1543 0.9838 Time: 2439027390463
Position: -91.62 30.34 -1237.48 Orientation: -0.061 0.0562 -0.145 0.9859 Time: 2439276430502
Position: -96.23 24.24 -1230.4 Orientation: -0.0617 0.0565 -0.1385 0.9868 Time: 2439463313899
Position: -100.39 18.3 -1221.35 Orientation: -0.0611 0.054 -0.1336 0.9876 Time: 2439713426676
Position: -104.57 10.61 -1210.98 Orientation: -0.0602 0.0576 -0.1258 0.9885 Time: 2439931324235
Position: -105.18 -0.79 -1195.14 Orientation: -0.0599 0.0608 -0.116 0.9895 Time: 2440150349851
Position: -107.78 -7.42 -1185.01 Orientation: -0.0611 0.0588 -0.1099 0.9903 Time: 2440368288472
Position: -111.52 -11.07 -1181.39 Orientation: -0.0623 0.0589 -0.1076 0.9904 Time: 2440587291276
Position: -118.36 -18.36 -1176.42 Orientation: -0.061 0.0527 -0.1022 0.9914 Time: 2440805330840
Position: -121.16 -23.93 -1167.08 Orientation: -0.0654 0.0518 -0.0932 0.9921 Time: 2441023324210
Position: -127.81 -32.91 -1159.78 Orientation: -0.0617 0.0477 -0.092 0.9926 Time: 2441242353818
Position: -134.04 -40.44 -1148.2 Orientation: -0.0761 0.0391 -0.08 0.993 Time: 2441460363156
Position: -135.68 -44.05 -1139.43 Orientation: -0.0845 0.0436 -0.0678 0.9931 Time: 2441679287829
Position: -136.16 -42.89 -1129.7 Orientation: -0.0952 0.0493 -0.0647 0.9921 Time: 2441928279393
Position: -134.24 -39.27 -1121.01 Orientation: -0.1014 0.0577 -0.0652 0.991 Time: 2442147278775
Position: -128.01 -31.3 -1116.35 Orientation: -0.1129 0.0684 -0.0687 0.9888 Time: 2442396299994
Position: -120.89 -21.31 -1116.78 Orientation: -0.1202 0.0742 -0.0749 0.9871 Time: 2442615287971
Position: -117.03 -15.59 -1118.91 Orientation: -0.1114 0.0724 -0.0839 0.9875 Time: 2442833235146
Position: -103.91 -6.75 -1120.44 Orientation: -0.1108 0.0779 -0.0969 0.986 Time: 2443051222812
Position: -93.91 -0.71 -1128.13 Orientation: -0.1183 0.0747 -0.0997 0.9851 Time: 2443270245577
Position: -86.16 6.57 -1139.63 Orientation: -0.111 0.067 -0.1061 0.9858 Time: 2443488292555
Position: -75.3 11.14 -1148.64 Orientation: -0.0474 0.061 -0.134 0.9879 Time: 2443707275399
Position: -69.91 29.81 -1158.28 Orientation: -0.0807 0.0444 -0.1289 0.9873 Time: 2443925275612
Position: -66.9 45.63 -1173.02 Orientation: -0.0926 0.0293 -0.1386 0.9855 Time: 2444143218225
Position: -53.1 59 -1186.56 Orientation: -0.1083 0.036 -0.1392 0.9836 Time: 2444362209053
Position: -42.94 72.05 -1196.49 Orientation: -0.1199 0.0405 -0.1403 0.9819 Time: 2444580230367
Position: -30.55 88.36 -1212.14 Orientation: -0.1215 0.0364 -0.1432 0.9815 Time: 2444799240015
Position: -25.27 101.9 -1229.85 Orientation: -0.1275 0.0265 -0.1462 0.9806 Time: 2445017230533
Position: -18.05 117.96 -1242.48 Orientation: -0.1398 0.0254 -0.1491 0.9785 Time: 2445235198239
Position: -9.36 144.24 -1254.13 Orientation: -0.1612 0.0327 -0.1582 0.9736 Time: 2445485249424
Position: -7.61 167.99 -1262.89 Orientation: -0.1671 0.0304 -0.1742 0.9699 Time: 2445704247095
Position: -9.85 178.78 -1259.98 Orientation: -0.1565 0.0245 -0.1803 0.9707 Time: 2445953196457
Position: -16.99 178.74 -1249.85 Orientation: -0.1654 0.0218 -0.1776 0.9698 Time: 2446171198381
Position: -23.52 168.56 -1230.9 Orientation: -0.1604 0.0275 -0.1711 0.9717 Time: 2446421163450
Position: -31.46 155.14 -1214.97 Orientation: -0.1508 0.0237 -0.1715 0.9732 Time: 2446639185335
Position: -40.06 134.65 -1198.21 Orientation: -0.1367 0.0305 -0.1625 0.9766 Time: 2446858215513
Position: -47.09 120.86 -1182.53 Orientation: -0.1319 0.0265 -0.157 0.9783 Time: 2447076227703
Position: -54.54 105.52 -1165.93 Orientation: -0.122 0.0327 -0.1503 0.9805 Time: 2447295208836
Position: -62.18 94.42 -1155.79 Orientation: -0.1205 0.0372 -0.1462 0.9811 Time: 2447513213041
Position: -68.92 83.92 -1145.4 Orientation: -0.1157 0.0356 -0.1415 0.9824 Time: 2447731161927
Position: -73.55 71.34 -1130.42 Orientation: -0.1092 0.0318 -0.1379 0.9838 Time: 2447950216058
Position: -80.76 60.49 -1120.4 Orientation: -0.105 0.0299 -0.1329 0.985 Time: 2448168134719
Position: -88.73 45.66 -1114.58 Orientation: -0.0942 0.0324 -0.1297 0.9865 Time: 2448387171741
Position: -97.03 32.64 -1108.57 Orientation: -0.0939 0.033 -0.1192 0.9878 Time: 2448605183360
Position: -104.76 25.64 -1102.11 Orientation: -0.0886 0.0374 -0.1123 0.989 Time: 2448823148785
Position: -110.6 18.88 -1089.59 Orientation: -0.0857 0.0426 -0.1058 0.9897 Time: 2449073160048
Position: -117.63 14.23 -1083.11 Orientation: -0.0921 0.0487 -0.1035 0.9891 Time: 2449291128325
Position: -117.13 9.67 -1073.98 Orientation: -0.1372 0.0916 -0.1121 0.9798 Time: 2449510149949
Position: -113.66 11.43 -1062.47 Orientation: -0.1475 0.1008 -0.1101 0.9777 Time: 2449728198638
Position: -113.14 18.36 -1052.66 Orientation: -0.1515 0.0993 -0.1129 0.9769 Time: 2449947102210
Position: -105.89 31.66 -1053.92 Orientation: -0.1053 0.0875 -0.1147 0.9839 Time: 2450165107556
Position: -94.64 45.54 -1056.89 Orientation: -0.0981 0.0769 -0.1257 0.9841 Time: 2450383106058
Position: -83.16 65.7 -1067.85 Orientation: -0.0844 0.0882 -0.1502 0.981 Time: 2450602119698
Position: -72.07 93.45 -1082.3 Orientation: -0.0893 0.0843 -0.162 0.9791 Time: 2450869140218
Position: -66.93 117 -1098.31 Orientation: -0.0818 0.0783 -0.1723 0.9784 Time: 2451117180518
Position: -61.9 130.95 -1107.27 Orientation: -0.0703 0.0685 -0.1683 0.9808 Time: 2451335089483
Position: -52.32 146.13 -1114.44 Orientation: -0.0794 0.0622 -0.1677 0.9806 Time: 2451585091621
Position: -47.98 155.06 -1120.59 Orientation: -0.0842 0.058 -0.1636 0.9812 Time: 2451772113601
Position: -44.63 167.82 -1128.27 Orientation: -0.0845 0.0548 -0.1635 0.9813 Time: 2451990088151
Position: -46.24 178.46 -1135.36 Orientation: -0.0833 0.0496 -0.1568 0.9828 Time: 2452209104642
Position: -43.85 189.32 -1145.42 Orientation: -0.0792 0.0432 -0.1551 0.9837 Time: 2452427068356
Position: -43.44 210.67 -1161.77 Orientation: -0.0915 0.0369 -0.1874 0.9772 Time: 2452645092522
Position: -40.73 223.42 -1160.41 Orientation: -0.0833 0.0455 -0.2084 0.9734 Time: 2452864058257
Position: -43.6 222.61 -1146.23 Orientation: -0.0845 0.0485 -0.2022 0.9744 Time: 2453082065314
Position: -56.4 196.17 -1117.47 Orientation: -0.0892 0.0576 -0.1785 0.9781 Time: 2453301082946
Position: -66.37 178.01 -1092.82 Orientation: -0.1082 0.0587 -0.1829 0.9753 Time: 2453519093425
Position: -74.22 162.1 -1069.44 Orientation: -0.1426 0.0689 -0.1737 0.9719 Time: 2453737017217
Position: -89.65 148.71 -1057.87 Orientation: -0.1494 0.0646 -0.1728 0.9713 Time: 2453956013178
Position: -103.3 132.62 -1045.98 Orientation: -0.1373 0.0588 -0.1639 0.975 Time: 2454174066429
Position: -116.87 115.45 -1035.6 Orientation: -0.1274 0.0562 -0.1538 0.9782 Time: 2454393021899
Position: -124 105.88 -1027.71 Orientation: -0.1356 0.0654 -0.1469 0.9776 Time: 2454611036369
Position: -130.75 106.78 -1018.37 Orientation: -0.1718 0.0628 -0.1273 0.9748 Time: 2454829006357
Position: -138.54 107.91 -1008.22 Orientation: -0.1796 0.063 -0.1233 0.9739 Time: 2455048015434
Position: -137.26 112.07 -999.21 Orientation: -0.2024 0.0928 -0.1255 0.9667 Time: 2455297005287
Position: -136.73 121.73 -994.18 Orientation: -0.214 0.1032 -0.1343 0.962 Time: 2455546986895
Position: -136.14 145.41 -997.77 Orientation: -0.224 0.0961 -0.1521 0.9578 Time: 2455797001580
Position: -135.02 169.6 -1006.55 Orientation: -0.2423 0.0933 -0.1647 0.9515 Time: 2456015017762
Position: -128.58 197.14 -1016.84 Orientation: -0.2432 0.0877 -0.184 0.9482 Time: 2456233019115
Position: -125.56 213.19 -1024.92 Orientation: -0.2424 0.078 -0.1896 0.9482 Time: 2456451981998
Position: -118.67 243.34 -1042.36 Orientation: -0.2661 0.0683 -0.1983 0.9408 Time: 2456793130370
Position: -113.06 261.81 -1059.21 Orientation: -0.283 0.0587 -0.2061 0.9348 Time: 2457043175852
Position: -103.9 280.61 -1076.29 Orientation: -0.3056 0.0552 -0.2134 0.9262 Time: 2457293039407
Position: -95.17 290.76 -1086.21 Orientation: -0.3093 0.0531 -0.2221 0.923 Time: 2457510929552
Position: -83.91 297.18 -1093.53 Orientation: -0.3075 0.0492 -0.2302 0.9219 Time: 2457729983113
Position: -60.42 306.77 -1100.35 Orientation: -0.2986 0.0384 -0.2414 0.9225 Time: 2457947970209
Position: -12.87 313.92 -1091.22 Orientation: -0.296 0.0377 -0.2437 0.9227 Time: 2458197005116
Position: 29.54 310.67 -1074.43 Orientation: -0.2915 0.0553 -0.2354 0.9254 Time: 2458415906976
Position: 67.75 305.02 -1058.45 Orientation: -0.2825 0.0666 -0.2305 0.9287 Time: 2458633926010
Position: 88.28 303.46 -1053.7 Orientation: -0.281 0.0775 -0.2337 0.9275 Time: 2458852965313
Position: 98.52 299.22 -1049.04 Orientation: -0.2749 0.0826 -0.2303 0.9297 Time: 2459070927316
Position: 106.86 293.6 -1037.01 Orientation: -0.2613 0.0914 -0.2334 0.9321 Time: 2459288930951
Position: 108.9 280.13 -1023.3 Orientation: -0.2381 0.0999 -0.24 0.9357 Time: 2459508104846
Position: 90.83 264.5 -1013.77 Orientation: -0.2312 0.1089 -0.2314 0.9386 Time: 2459725939672
Position: 65 241.03 -998.73 Orientation: -0.2143 0.1091 -0.2046 0.9488 Time: 2459975961771
Position: 43.32 211.6 -982.56 Orientation: -0.1814 0.1011 -0.1969 0.9581 Time: 2460193923204
Position: 29.84 188.56 -974.48 Orientation: -0.1575 0.093 -0.189 0.9647 Time: 2460412916313
Position: 15.6 166.58 -966.7 Orientation: -0.1422 0.0881 -0.1735 0.9705 Time: 2460630976408
Position: 7.71 152.79 -958.81 Orientation: -0.1313 0.0903 -0.1616 0.9738 Time: 2460848929286
Position: -0.64 134.7 -953.97 Orientation: -0.1225 0.0998 -0.1463 0.9765 Time: 2461067924106
Position: -14.24 113.91 -949 Orientation: -0.1342 0.1114 -0.1181 0.9775 Time: 2461285930593
Position: -24.95 101.11 -940.61 Orientation: -0.1151 0.1152 -0.1096 0.9805 Time: 2461504914007
Position: -33.6 86.38 -931.68 Orientation: -0.0986 0.1208 -0.1029 0.9823 Time: 2461722882283
Position: -42.76 67.88 -928.77 Orientation: -0.0872 0.1253 -0.084 0.9846 Time: 2461940911582
Position: -46.28 61.33 -931.19 Orientation: -0.0951 0.1215 -0.0799 0.9847 Time: 2462159894995
Position: -45.28 54.46 -936.43 Orientation: -0.1129 0.1077 -0.0717 0.9851 Time: 2462377880381
Position: -42.06 53.12 -943.22 Orientation: -0.1179 0.1002 -0.0699 0.9854 Time: 2462596946489
Position: -36.16 59.22 -953.22 Orientation: -0.127 0.0875 -0.0795 0.9848 Time: 2462814907921
Position: -23.52 73.66 -968.78 Orientation: -0.1285 0.0821 -0.1057 0.9826 Time: 2463032839128
Position: -6.61 93.74 -983.4 Orientation: -0.1399 0.0818 -0.1288 0.9783 Time: 2463251853338
Position: 13.25 117.29 -1001.79 Orientation: -0.1667 0.0924 -0.1485 0.9703 Time: 2463470857853
Position: 30.95 136.54 -1021.17 Orientation: -0.1869 0.0966 -0.1589 0.9645 Time: 2463688807880
Position: 34.68 143.55 -1034.14 Orientation: -0.1843 0.0817 -0.1675 0.965 Time: 2463906886795
Position: 43.21 158.82 -1054.89 Orientation: -0.2018 0.0795 -0.1819 0.959 Time: 2464124847658
Position: 44.9 166.65 -1073.83 Orientation: -0.2096 0.0815 -0.1959 0.9544 Time: 2464343835634
Position: 44.52 176.77 -1094.15 Orientation: -0.2174 0.0736 -0.2168 0.9488 Time: 2464561831855
Position: 57 193.66 -1116.83 Orientation: -0.2352 0.0724 -0.2396 0.9391 Time: 2464780825534
Position: 66.96 194.91 -1130.07 Orientation: -0.2469 0.0666 -0.2454 0.935 Time: 2464998805787
Position: 73.56 180.03 -1146.44 Orientation: -0.2326 0.0596 -0.2464 0.9389 Time: 2465248804504
Position: 76.04 164.3 -1152.2 Orientation: -0.2062 0.0646 -0.2458 0.9448 Time: 2465466803006
Position: 74.92 136.28 -1146.38 Orientation: -0.2174 0.0683 -0.2517 0.9405 Time: 2465685838888
Position: 71.31 110.2 -1137.45 Orientation: -0.1973 0.0784 -0.2474 0.9453 Time: 2465903782641
Position: 54.78 85.98 -1125.71 Orientation: -0.1694 0.0787 -0.2406 0.9524 Time: 2466152833516
Position: 33.18 63.85 -1108.66 Orientation: -0.1433 0.0652 -0.2195 0.9628 Time: 2466371800392
Position: 21.66 48.62 -1091.02 Orientation: -0.1389 0.0653 -0.2052 0.9665 Time: 2466589773801
Position: 6.62 35.14 -1075.28 Orientation: -0.1316 0.0697 -0.1843 0.9715 Time: 2466808839908
Position: -9.73 18.78 -1062.64 Orientation: -0.1293 0.0875 -0.1541 0.9756 Time: 2467026784232
Position: -20.42 5.18 -1045.93 Orientation: -0.1298 0.0859 -0.1294 0.9792 Time: 2467276755004
Position: -30.46 -5.15 -1037.61 Orientation: -0.1277 0.0841 -0.1091 0.9821 Time: 2467494779170
Position: -40.06 -16.32 -1033.12 Orientation: -0.1323 0.0917 -0.0944 0.9824 Time: 2467712817594
Position: -47.43 -30.18 -1030.71 Orientation: -0.1531 0.1057 -0.0787 0.9793 Time: 2467931749680
Position: -46.68 -45.46 -1030.41 Orientation: -0.1647 0.1176 -0.0608 0.9774 Time: 2468149772135
Position: -41.79 -65.47 -1032.98 Orientation: -0.1716 0.1168 -0.0446 0.9771 Time: 2468368744143
Position: -38.66 -88.07 -1044.34 Orientation: -0.161 0.1123 -0.0367 0.9798 Time: 2468586754622
Position: -40.75 -100.24 -1057.09 Orientation: -0.1118 0.0857 -0.0487 0.9888 Time: 2468804749132
Position: -33.83 -96 -1068.88 Orientation: -0.1055 0.0793 -0.0662 0.989 Time: 2469023739390
Position: -26.56 -83.91 -1086.87 Orientation: -0.102 0.0765 -0.0825 0.9883 Time: 2469241757853
Position: -17.17 -64.83 -1106.92 Orientation: -0.1036 0.0704 -0.0949 0.9875 Time: 2469460740126
Position: -0.69 -39.04 -1132.41 Orientation: -0.1038 0.0587 -0.1137 0.9863 Time: 2469678718098
Position: 17.32 -19.09 -1151.88 Orientation: -0.0903 0.061 -0.139 0.9842 Time: 2469896716600
Position: 31.82 0.6 -1164.19 Orientation: -0.0999 0.0634 -0.1477 0.9819 Time: 2470115757614
Position: 42.71 19.73 -1181.84 Orientation: -0.1039 0.0607 -0.1612 0.9795 Time: 2470333777218
Position: 55.3 32.05 -1192.49 Orientation: -0.1271 0.0717 -0.1573 0.9766 Time: 2470552734968
Position: 66.11 44.37 -1207.79 Orientation: -0.1458 0.0628 -0.1634 0.9736 Time: 2470801772726
Position: 72.86 62.03 -1225.22 Orientation: -0.1547 0.054 -0.1751 0.9708 Time: 2471051703007
Position: 73.58 77.96 -1248.66 Orientation: -0.1839 0.035 -0.194 0.9629 Time: 2471269734016
Position: 71.23 69.2 -1264.56 Orientation: -0.2069 0.0235 -0.2077 0.9557 Time: 2471519663156
Position: 70.07 36.26 -1266.22 Orientation: -0.1967 0.0332 -0.1833 0.9625 Time: 2471768647876
Position: 63.06 -0.67 -1252.3 Orientation: -0.169 0.0405 -0.1602 0.9716 Time: 2472049664177
Position: 44.42 -34.66 -1223.21 Orientation: -0.1452 0.0479 -0.1321 0.9793 Time: 2472268704621
Position: 33.44 -51.46 -1201.04 Orientation: -0.1266 0.0588 -0.1304 0.9815 Time: 2472486711678
Position: 26.71 -62.72 -1183.64 Orientation: -0.1258 0.0731 -0.1234 0.9816 Time: 2472704739836
Position: 14.34 -85.76 -1167.44 Orientation: -0.1106 0.0885 -0.1122 0.9835 Time: 2472923662798
Position: 1.25 -109.37 -1146.21 Orientation: -0.1115 0.1014 -0.1099 0.9824 Time: 2473173676343
Position: -0.25 -123.95 -1127.92 Orientation: -0.1007 0.118 -0.1067 0.982 Time: 2473391675416
Position: 1.84 -136.32 -1111.29 Orientation: -0.0862 0.117 -0.099 0.9844 Time: 2473609650536
Position: 7.05 -156.37 -1100.99 Orientation: -0.0702 0.1205 -0.0722 0.9875 Time: 2473828676152
Position: 10.97 -174.94 -1104.45 Orientation: -0.0632 0.1271 -0.0495 0.9886 Time: 2474046598234
Position: 19.98 -198.48 -1118.21 Orientation: 0.0228 0.0773 -0.0439 0.9957 Time: 2474264639509
Position: 30.32 -197.49 -1131.1 Orientation: 0.0331 0.0392 -0.0436 0.9977 Time: 2474483620071
Position: 47.78 -184.03 -1143.84 Orientation: 0.0055 0.0378 -0.0551 0.9977 Time: 2474701650510
Position: 63.15 -161.23 -1164.17 Orientation: -0.0039 0.0424 -0.0866 0.9953 Time: 2474920604839
Position: 78.46 -136.75 -1177.62 Orientation: -0.015 0.0492 -0.1063 0.9929 Time: 2475138642122
Position: 90.71 -114.05 -1190.41 Orientation: -0.0289 0.0559 -0.1159 0.9912 Time: 2475356608687
Position: 106.38 -91.02 -1208.92 Orientation: -0.0457 0.0515 -0.1042 0.9921 Time: 2475575689053
Position: 107.03 -69.47 -1230.93 Orientation: -0.0597 0.035 -0.1066 0.9918 Time: 2475793584330
Position: 118.42 -44.39 -1251.74 Orientation: -0.0779 0.0369 -0.122 0.9887 Time: 2476012600251
Position: 126.59 -24.57 -1273.4 Orientation: -0.0934 0.0453 -0.1269 0.9864 Time: 2476261631166
Position: 111.06 -10.71 -1291.18 Orientation: -0.0996 0.0302 -0.1382 0.9848 Time: 2476480558690
