Position: 12.3 -19.94 -1338.69 Orientation: 0.0134 -0.0307 -0.083 0.9959 Time: 2485997406266
Position: 15.14 -18.09 -1343.01 Orientation: -0.0814 0.0337 -0.1382 0.9864 Time: 2486247348523
Position: 8.52 -17.83 -1341.87 Orientation: -0.1287 0.0639 -0.1441 0.979 Time: 2486465382384
Position: 2.68 -18.12 -1342.26 Orientation: -0.1261 0.0566 -0.1152 0.9836 Time: 2486652402083
Position: -4.55 -23.37 -1347.1 Orientation: -0.0967 0.0527 -0.1106 0.9877 Time: 2486871390630
Position: -9.76 -27.67 -1349.47 Orientation: -0.0903 0.0606 -0.1193 0.9868 Time: 2487089391983
Position: -8.86 -36.88 -1342.38 Orientation: -0.0965 0.0712 -0.1213 0.9853 Time: 2487307391626
Position: -9.8 -46.65 -1335.87 Orientation: -0.1036 0.0613 -0.1188 0.9855 Time: 2487588334929
Position: -12.14 -55.99 -1316.78 Orientation: -0.1156 0.0753 -0.12 0.9831 Time: 2487807310929
Position: -15.46 -61.84 -1305.4 Orientation: -0.1186 0.0787 -0.1233 0.982 Time: 2487994350588
Position: -28.56 -71.76 -1297.89 Orientation: -0.118 0.0856 -0.1243 0.9814 Time: 2488212354223
Position: -35.74 -80.69 -1288.13 Orientation: -0.1226 0.0805 -0.1163 0.9823 Time: 2488431647881
Position: -45.08 -92.04 -1279.22 Orientation: -0.1283 0.0628 -0.1251 0.9817 Time: 2488618507325
Position: -42.44 -115.45 -1260.77 Orientation: -0.1389 0.0644 -0.1103 0.982 Time: 2488897363893
Position: -43.21 -129.96 -1249.16 Orientation: -0.1433 0.0692 -0.1069 0.9814 Time: 2489147392265
Position: -50.98 -144.25 -1232.58 Orientation: -0.1487 0.0876 -0.1114 0.9786 Time: 2489396358735
Position: -57.68 -157.41 -1214.85 Orientation: -0.1535 0.0865 -0.1121 0.9779 Time: 2489646288446
Position: -64.85 -168.12 -1204.95 Orientation: -0.1555 0.093 -0.1111 0.9771 Time: 2489895303962
Position: -69.62 -178.24 -1197.88 Orientation: -0.1564 0.1035 -0.111 0.9759 Time: 2490114362085
Position: -73.17 -184.27 -1187.06 Orientation: -0.1628 0.1129 -0.1143 0.9734 Time: 2490332360588
Position: -74.9 -181.73 -1174.07 Orientation: -0.1718 0.1196 -0.1168 0.9708 Time: 2490551329174
Position: -79.7 -175.26 -1163.49 Orientation: -0.1805 0.1266 -0.1244 0.9674 Time: 2490769307145
Position: -81.7 -168.24 -1153.06 Orientation: -0.1867 0.1297 -0.1296 0.9651 Time: 2490987286257
Position: -88.97 -155.99 -1141.48 Orientation: -0.1986 0.1244 -0.1447 0.9613 Time: 2491206317006
Position: -94.44 -141.92 -1136.41 Orientation: -0.2145 0.1205 -0.1593 0.956 Time: 2491424356000
Position: -94.51 -125.57 -1131.57 Orientation: -0.2255 0.1117 -0.1717 0.9524 Time: 2491674333616
Position: -91.57 -112.68 -1130.62 Orientation: -0.2389 0.1075 -0.1797 0.9481 Time: 2491892284783
Position: -89.73 -99.24 -1132.97 Orientation: -0.251 0.0939 -0.1828 0.9458 Time: 2492111317813
Position: -89.7 -88.17 -1137.42 Orientation: -0.2579 0.0716 -0.19 0.9445 Time: 2492329246739
Position: -89.71 -78.14 -1151.43 Orientation: -0.2542 0.0649 -0.1913 0.9457 Time: 2492547254366
Position: -88.94 -65.13 -1159.51 Orientation: -0.26 0.0669 -0.1923 0.9438 Time: 2492766220101
Position: -87.14 -56.8 -1169.05 Orientation: -0.2616 0.0677 -0.1927 0.9432 Time: 2492984298445
Position: -83 -49.06 -1181.9 Orientation: -0.2618 0.0715 -0.1904 0.9434 Time: 2493203290414
Position: -80.26 -38.66 -1189.85 Orientation: -0.2634 0.0759 -0.1898 0.9427 Time: 2493421212496
Position: -78.2 -27.7 -1202.16 Orientation: -0.2621 0.0792 -0.1876 0.9432 Time: 2493671251134
Position: -77.82 -15.92 -1210.46 Orientation: -0.2695 0.0781 -0.1894 0.9409 Time: 2493889193746
Position: -79 2.07 -1219.62 Orientation: -0.2896 0.0605 -0.2092 0.932 Time: 2494108288369
Position: -77.59 11.56 -1231.22 Orientation: -0.2864 0.0647 -0.2157 0.9312 Time: 2494326345613
Position: -72.26 21.49 -1245.21 Orientation: -0.2786 0.0752 -0.2161 0.9327 Time: 2494576283307
Position: -67.81 33.75 -1252.07 Orientation: -0.2876 0.0772 -0.2198 0.9289 Time: 2494794189421
Position: -63.21 38.52 -1259.4 Orientation: -0.2883 0.0631 -0.2194 0.9298 Time: 2495012187353
Position: -56.46 44.36 -1274.09 Orientation: -0.271 0.0612 -0.2213 0.9347 Time: 2495231225516
Position: -55.86 57.74 -1285.62 Orientation: -0.2671 0.0673 -0.2274 0.934 Time: 2495449192081
Position: -54.09 66.66 -1289.21 Orientation: -0.2615 0.0794 -0.2303 0.9339 Time: 2495668170933
Position: -50.66 77.21 -1290.53 Orientation: -0.2515 0.0953 -0.2305 0.9351 Time: 2495886179130
Position: -53.96 97.35 -1282.95 Orientation: -0.2662 0.1026 -0.2418 0.9274 Time: 2496104272303
Position: -55.14 108.67 -1275.28 Orientation: -0.2773 0.1124 -0.2484 0.9212 Time: 2496323206100
Position: -63.17 115.33 -1266.91 Orientation: -0.2826 0.1181 -0.259 0.9159 Time: 2496541250227
Position: -69.68 112.78 -1241 Orientation: -0.3065 0.107 -0.2585 0.9097 Time: 2496791258069
Position: -74.76 95.34 -1213.58 Orientation: -0.3038 0.0985 -0.2481 0.9145 Time: 2497040166368
Position: -78.85 77.82 -1196.35 Orientation: -0.2991 0.0914 -0.2393 0.9191 Time: 2497259245022
Position: -78.49 54.63 -1180.97 Orientation: -0.2831 0.0907 -0.2237 0.9281 Time: 2497477184213
Position: -79.97 33.12 -1161.43 Orientation: -0.2782 0.1084 -0.217 0.9293 Time: 2497696177893
Position: -79.98 19.92 -1154.55 Orientation: -0.2789 0.1108 -0.2052 0.9315 Time: 2497914168981
Position: -85.33 6.46 -1147.89 Orientation: -0.2758 0.1113 -0.2006 0.9334 Time: 2498132158359
Position: -87.7 -11.08 -1131.11 Orientation: -0.2738 0.121 -0.1886 0.9352 Time: 2498351194811
Position: -91.33 -28.66 -1120.97 Orientation: -0.2639 0.1269 -0.1831 0.9384 Time: 2498569150540
Position: -91.81 -45.09 -1113.48 Orientation: -0.2516 0.1348 -0.1786 0.9415 Time: 2498787184402
Position: -94.44 -50.23 -1108.3 Orientation: -0.247 0.1484 -0.1753 0.9413 Time: 2499006173518
Position: -94.99 -56.59 -1099.28 Orientation: -0.252 0.1405 -0.1766 0.941 Time: 2499224135522
Position: -93.46 -63.99 -1089.12 Orientation: -0.2459 0.1403 -0.1785 0.9422 Time: 2499443149161
Position: -97.28 -64.18 -1078.45 Orientation: -0.2626 0.1358 -0.1887 0.9364 Time: 2499661118008
Position: -104.58 -64.31 -1070.5 Orientation: -0.2873 0.1313 -0.1975 0.9279 Time: 2499880090016
Position: -108.28 -51.68 -1067.15 Orientation: -0.3341 0.1691 -0.2154 0.9018 Time: 2500098135853
Position: -115.66 -35.94 -1061.31 Orientation: -0.3441 0.1719 -0.2292 0.8941 Time: 2500316173707
Position: -122.17 -12.51 -1057.19 Orientation: -0.3405 0.1597 -0.2397 0.8949 Time: 2500535068153
Position: -127.05 5.6 -1060.92 Orientation: -0.3301 0.1023 -0.2339 0.9087 Time: 2500753102015
Position: -129.4 19.61 -1072.55 Orientation: -0.3134 0.0942 -0.236 0.9149 Time: 2500971101658
Position: -123.21 33.75 -1090.47 Orientation: -0.3099 0.094 -0.2337 0.9167 Time: 2501190103321
Position: -118.12 47.03 -1104.17 Orientation: -0.3174 0.0809 -0.2307 0.9162 Time: 2501408112089
Position: -114.51 63.03 -1117.69 Orientation: -0.3144 0.0771 -0.2355 0.9163 Time: 2501658111946
Position: -108.47 74.77 -1131.93 Orientation: -0.3148 0.0865 -0.2354 0.9153 Time: 2501876107027
Position: -102.78 94.7 -1154.21 Orientation: -0.3144 0.0872 -0.2394 0.9144 Time: 2502127095788
Position: -105.6 126.82 -1176.5 Orientation: -0.3174 0.0696 -0.254 0.9109 Time: 2502422046277
Position: -99.48 141.18 -1188.3 Orientation: -0.3055 0.0786 -0.2557 0.9138 Time: 2502641160861
Position: -100.19 148.84 -1192.71 Orientation: -0.3041 0.0791 -0.2616 0.9125 Time: 2502828077335
Position: -96.32 160.11 -1203.07 Orientation: -0.2982 0.0808 -0.2662 0.913 Time: 2503046052455
Position: -96.95 174.11 -1204.76 Orientation: -0.3043 0.0829 -0.276 0.9079 Time: 2503265099172
Position: -94.7 190.57 -1199.89 Orientation: -0.314 0.0936 -0.2865 0.9002 Time: 2503514029713
Position: -99.05 192.96 -1192.29 Orientation: -0.2804 0.1113 -0.2809 0.911 Time: 2503733088977
Position: -99.63 186.2 -1166.05 Orientation: -0.2711 0.1153 -0.2711 0.9163 Time: 2503951058394
Position: -95.9 172.75 -1132.24 Orientation: -0.2877 0.1233 -0.2602 0.9133 Time: 2504170070894
Position: -96.68 155.2 -1108.5 Orientation: -0.2886 0.1185 -0.2487 0.9169 Time: 2504357009610
Position: -104.74 140.88 -1093.48 Orientation: -0.2885 0.1178 -0.2471 0.9174 Time: 2504575055447
Position: -116.25 125.5 -1077.26 Orientation: -0.2904 0.1083 -0.2423 0.9193 Time: 2504794035439
Position: -129.33 113.65 -1066.32 Orientation: -0.2896 0.0958 -0.2418 0.921 Time: 2505012052191
Position: -144.17 99.84 -1057.25 Orientation: -0.2948 0.0868 -0.2386 0.9211 Time: 2505230027311
Position: -147.6 88 -1046.29 Orientation: -0.2984 0.0882 -0.2307 0.9218 Time: 2505449044373
Position: -151.22 72.37 -1036.01 Orientation: -0.2917 0.0939 -0.222 0.9256 Time: 2505729987675
Position: -154.97 67.54 -1030.55 Orientation: -0.2904 0.1021 -0.2279 0.9237 Time: 2505947962795
Position: -161.76 76.72 -1013.51 Orientation: -0.3223 0.0975 -0.2422 0.9098 Time: 2506197033631
Position: -163.09 81.34 -1007.82 Orientation: -0.3172 0.121 -0.2512 0.9063 Time: 2506415962296
Position: -159.85 101.71 -1000.18 Orientation: -0.3485 0.1111 -0.2589 0.8939 Time: 2506634029805
Position: -156.24 116.37 -998.7 Orientation: -0.3577 0.108 -0.2702 0.8873 Time: 2506855038931
Position: -149.88 137.13 -1003.5 Orientation: -0.3628 0.104 -0.2751 0.8841 Time: 2507138010227
Position: -145.68 152.08 -1014.63 Orientation: -0.3682 0.1003 -0.2757 0.8821 Time: 2507387020040
Position: -141.57 169.74 -1026.2 Orientation: -0.3769 0.0964 -0.2779 0.8782 Time: 2507636993664
Position: -140.46 183.3 -1034.86 Orientation: -0.3858 0.0902 -0.279 0.8746 Time: 2507885944736
Position: -135.66 199.83 -1041.54 Orientation: -0.3947 0.0838 -0.2814 0.8705 Time: 2508136992238
Position: -135.03 216.62 -1048.35 Orientation: -0.4017 0.0857 -0.2893 0.8646 Time: 2508353934541
Position: -124.54 226.59 -1056.34 Orientation: -0.4025 0.0973 -0.2895 0.8629 Time: 2508572940767
Position: -120.31 244.16 -1062.85 Orientation: -0.4181 0.0896 -0.2964 0.8539 Time: 2508790995159
Position: -115.08 254.58 -1069.37 Orientation: -0.4269 0.0878 -0.2953 0.8501 Time: 2509009924395
Position: -110.18 268.46 -1083.14 Orientation: -0.432 0.0827 -0.2981 0.8471 Time: 2509227946279
Position: -100.28 285.93 -1094.55 Orientation: -0.4447 0.0732 -0.2976 0.8415 Time: 2509445951625
Position: -76.55 305.65 -1104.72 Orientation: -0.4632 0.0611 -0.2973 0.8326 Time: 2509664928196
Position: -47.08 317.61 -1107.95 Orientation: -0.4659 0.0715 -0.2955 0.8309 Time: 2509882900464
Position: -32.82 324.46 -1103.87 Orientation: -0.4781 0.0316 -0.308 0.8218 Time: 2510070891387
Position: 1.57 315.41 -1094.94 Orientation: -0.4661 0.0478 -0.3002 0.8308 Time: 2510288899585
Position: 22.91 307.98 -1087.45 Orientation: -0.4692 0.0653 -0.3001 0.8279 Time: 2510506876416
Position: 40.68 288.44 -1068.7 Orientation: -0.4587 0.0741 -0.3047 0.8313 Time: 2510725946515
Position: 46.28 271.83 -1044.58 Orientation: -0.4623 0.0714 -0.3004 0.8311 Time: 2510943905097
Position: 44.83 243.58 -1019.98 Orientation: -0.4554 0.0716 -0.3011 0.8347 Time: 2511161911583
Position: 36.38 213.56 -1001.33 Orientation: -0.4427 0.0774 -0.3027 0.8404 Time: 2511380895568
Position: 18.81 193.52 -986.97 Orientation: -0.4309 0.0744 -0.3091 0.8444 Time: 2511598853578
Position: -7.4 172.97 -975.17 Orientation: -0.4181 0.0753 -0.3137 0.8491 Time: 2511817884898
Position: -31.42 149.77 -957.54 Orientation: -0.4113 0.1071 -0.3094 0.8505 Time: 2512035916478
Position: -51.44 137.06 -950.64 Orientation: -0.4113 0.1135 -0.2995 0.8533 Time: 2512253834567
Position: -67.03 121.76 -944.02 Orientation: -0.4106 0.1371 -0.2845 0.8553 Time: 2512472849348
Position: -80.76 107.79 -935.3 Orientation: -0.3944 0.1601 -0.2802 0.8603 Time: 2512691172352
Position: -96.67 97.56 -930.99 Orientation: -0.3893 0.149 -0.2589 0.8712 Time: 2512909883732
Position: -110.78 83.91 -924.68 Orientation: -0.3673 0.1065 -0.2581 0.8871 Time: 2513127907898
Position: -113.33 71.69 -920.37 Orientation: -0.3318 0.0919 -0.2476 0.9055 Time: 2513345835683
Position: -110.47 51.74 -928.84 Orientation: -0.3124 0.077 -0.2271 0.9191 Time: 2513533873941
Position: -109.45 33.09 -938.31 Orientation: -0.2939 0.0601 -0.2134 0.9297 Time: 2513751867881
Position: -110.22 19.02 -953.16 Orientation: -0.2731 0.0503 -0.2109 0.9372 Time: 2513969810494
Position: -109.48 13.75 -964.79 Orientation: -0.2688 0.0265 -0.2061 0.9404 Time: 2514188863485
Position: -106.61 14.38 -979.01 Orientation: -0.2595 0.0201 -0.2055 0.9433 Time: 2514406831761
Position: -98.36 25.86 -998.1 Orientation: -0.2539 0.0253 -0.2109 0.9435 Time: 2514625836846
Position: -97.92 38.06 -1012.12 Orientation: -0.2539 0.0208 -0.2157 0.9426 Time: 2514843810826
Position: -92.31 46.88 -1020.74 Orientation: -0.2556 0.0193 -0.2153 0.9422 Time: 2515061830429
Position: -83.73 60.92 -1030.06 Orientation: -0.26 0.0188 -0.2168 0.9407 Time: 2515280810421
Position: -76.07 68.78 -1044.84 Orientation: -0.254 0.0233 -0.2179 0.942 Time: 2515498782690
Position: -69.14 85.33 -1058.65 Orientation: -0.2529 0.0294 -0.2198 0.9416 Time: 2515717786635
Position: -59.53 94.23 -1066.15 Orientation: -0.25 0.0333 -0.2186 0.9426 Time: 2515935833042
Position: -52.47 104.36 -1079.15 Orientation: -0.2442 0.0394 -0.2212 0.9432 Time: 2516153824701
Position: -52.29 122.26 -1100.31 Orientation: -0.2395 0.0366 -0.2317 0.9421 Time: 2516372781881
Position: -47.5 133.36 -1115.87 Orientation: -0.2421 0.0306 -0.2324 0.9414 Time: 2516590818024
Position: -40.4 142.15 -1132.17 Orientation: -0.2384 0.0368 -0.2374 0.9409 Time: 2516809802008
Position: -34.91 155.56 -1154.04 Orientation: -0.2307 0.0361 -0.2456 0.9407 Time: 2517027818760
Position: -31.78 157.9 -1171.23 Orientation: -0.2211 0.0328 -0.2461 0.943 Time: 2517245787036
Position: -19.47 155.59 -1197.98 Orientation: -0.2 0.0347 -0.237 0.95 Time: 2517464805239
Position: -12.41 145.15 -1204.14 Orientation: -0.1915 0.0379 -0.226 0.9543 Time: 2517682789483
Position: -6.86 124.67 -1206.16 Orientation: -0.1849 0.0381 -0.212 0.9588 Time: 2517901758069
Position: -7.06 96.03 -1198.07 Orientation: -0.1799 0.0262 -0.199 0.9629 Time: 2518119791931
Position: -9.31 77.68 -1185.37 Orientation: -0.1813 0.0375 -0.1942 0.9633 Time: 2518337758496
Position: -21.22 55.94 -1172.93 Orientation: -0.1725 0.0478 -0.1997 0.9633 Time: 2518525800176
Position: -20.58 35.37 -1157.86 Orientation: -0.1676 0.0561 -0.1973 0.9642 Time: 2518743743359
Position: -18.83 15.96 -1141.11 Orientation: -0.1705 0.049 -0.1906 0.9654 Time: 2518961747564
Position: -31.76 -3.19 -1114.64 Orientation: -0.1893 0.03 -0.1909 0.9626 Time: 2519180789719
Position: -41.16 -18.06 -1096.99 Orientation: -0.1996 0.0344 -0.1925 0.9601 Time: 2519398719786
Position: -43.97 -44.85 -1085.05 Orientation: -0.1872 0.0764 -0.1849 0.9617 Time: 2519617738558
Position: -46.16 -68.47 -1078.16 Orientation: -0.1752 0.0882 -0.1824 0.9634 Time: 2519835731928
Position: -41.93 -92.28 -1077.51 Orientation: -0.1654 0.1048 -0.1705 0.9656 Time: 2520053728149
Position: -39.89 -113.46 -1081.36 Orientation: -0.1528 0.1219 -0.1365 0.9711 Time: 2520272709282
Position: -39.56 -117.66 -1090.75 Orientation: -0.1471 0.1165 -0.1292 0.9736 Time: 2520490765955
Position: -38.51 -109.6 -1107.2 Orientation: -0.1455 0.0945 -0.1275 0.9765 Time: 2520709697471
Position: -30.94 -95.47 -1119.97 Orientation: -0.1482 0.0865 -0.1322 0.9762 Time: 2520927660615
Position: -15.58 -82.45 -1133.57 Orientation: -0.1475 0.0931 -0.1342 0.9754 Time: 2521145687633
Position: -6.58 -59.96 -1155.44 Orientation: -0.1449 0.0774 -0.1378 0.9767 Time: 2521364664773
Position: -3.41 -43.55 -1178.25 Orientation: -0.1379 0.0724 -0.1417 0.9775 Time: 2521582716884
Position: 6.58 -30.35 -1195.57 Orientation: -0.131 0.0862 -0.1482 0.9764 Time: 2521801664369
Position: 10.41 -12.24 -1219.49 Orientation: -0.1133 0.0822 -0.1664 0.976 Time: 2522019662301
Position: 10.13 7.24 -1243.31 Orientation: -0.1046 0.0804 -0.1799 0.9747 Time: 2522237678483
Position: 11.93 26.78 -1264.18 Orientation: -0.1102 0.0532 -0.1941 0.9732 Time: 2522456688701
Position: 30.31 37.47 -1290.95 Orientation: -0.1033 0.0517 -0.1806 0.9767 Time: 2522674708875
Position: 46 37.33 -1310.83 Orientation: -0.0843 0.0524 -0.1678 0.9808 Time: 2522893623852
Position: 62.73 23.99 -1330.4 Orientation: -0.0588 0.0525 -0.1394 0.987 Time: 2523111716454
Position: 70 7.2 -1335.49 Orientation: -0.0434 0.042 -0.1184 0.9911 Time: 2523329655075
Position: 70.88 -13.12 -1330.21 Orientation: -0.0259 0.0264 -0.0927 0.9949 Time: 2523517627749
Position: 62.53 -34.52 -1320.82 Orientation: -0.0182 0.0278 -0.0885 0.9955 Time: 2523735661039
Position: 50.51 -58.97 -1300.95 Orientation: -0.0223 0.04 -0.0891 0.9949 Time: 2523953670378
Position: 36.57 -88.4 -1270.52 Orientation: -0.0324 0.048 -0.0918 0.994 Time: 2524172664627
Position: 26.39 -106.95 -1243.61 Orientation: -0.0438 0.0525 -0.0986 0.9927 Time: 2524390650583
Position: 9.3 -128.78 -1212.02 Orientation: -0.0468 0.0612 -0.1083 0.9911 Time: 2524609647684
Position: -19.67 -149.94 -1191.54 Orientation: -0.0448 0.066 -0.1176 0.9898 Time: 2524827605125
Position: -34.93 -169.83 -1178.64 Orientation: -0.0278 0.0819 -0.1244 0.9884 Time: 2525046603366
Position: -30.48 -193.22 -1174.6 Orientation: -0.0055 0.1053 -0.1063 0.9887 Time: 2525264596166
Position: -27.88 -210.1 -1177.07 Orientation: 0.0092 0.1158 -0.0984 0.9883 Time: 2525482687057
Position: -15.33 -215.73 -1181.91 Orientation: 0.0046 0.1079 -0.0878 0.9902 Time: 2525701616292
Position: -1.55 -206.8 -1198.87 Orientation: 0.0003 0.1063 -0.0766 0.9913 Time: 2525919605670
Position: 2.81 -188.95 -1220.48 Orientation: 0.0073 0.1015 -0.0748 0.9919 Time: 2526137591626
Position: 13.48 -163.68 -1245.89 Orientation: 0.0127 0.0966 -0.0725 0.9925 Time: 2526356576180
Position: 23.06 -141.99 -1268.74 Orientation: 0.0102 0.0878 -0.0703 0.9935 Time: 2526574718399
Position: 33.32 -123.26 -1290.74 Orientation: 0.0125 0.0819 -0.0663 0.9943 Time: 2526793647634
Position: 44.34 -97.39 -1308.63 Orientation: 0.0106 0.0758 -0.0662 0.9948 Time: 2527011698034
Position: 60.77 -77.85 -1321.04 Orientation: 0.0095 0.0681 -0.0597 0.9958 Time: 2527229551109
Position: 76.01 -61.48 -1333.96 Orientation: 0.009 0.0642 -0.0535 0.9964 Time: 2527448584139
Position: 87.25 -43.44 -1354.33 Orientation: 0.0132 0.0475 -0.0529 0.9973 Time: 2527666602602
Position: 100.78 -32.25 -1365.33 Orientation: 0.0122 0.0595 -0.0464 0.997 Time: 2527885531837
Position: 111.67 -17.32 -1378.75 Orientation: 0.0148 0.0749 -0.0408 0.9962 Time: 2528103561706
Position: 113.8 0.41 -1377.9 Orientation: 0.0107 0.0822 -0.0467 0.9954 Time: 2528321527702
Position: 103.86 14.3 -1365.82 Orientation: -0.008 0.0874 -0.0631 0.9941 Time: 2528540531076
Position: 89.54 31.39 -1349.71 Orientation: -0.032 0.0715 -0.0881 0.993 Time: 2528758571211
Position: 82.98 47.2 -1334.27 Orientation: -0.0528 0.076 -0.1031 0.9903 Time: 2528977536375
Position: 68.81 64.99 -1315.31 Orientation: -0.0803 0.0703 -0.1169 0.9873 Time: 2529226547899
Position: 57.13 73.27 -1299.28 Orientation: -0.0981 0.0683 -0.1257 0.9848 Time: 2529445541008
Position: 42.01 85.88 -1280.35 Orientation: -0.1246 0.0609 -0.1373 0.9807 Time: 2529694526868
Position: 25.58 98.52 -1264.99 Orientation: -0.1433 0.0727 -0.1581 0.9742 Time: 2529913546782
