Position: -25.43 -14.5 -1384.69 Orientation: -0.0683 0.1074 -0.0706 0.9893 Time: 2253981167487
Position: -25.25 -13.95 -1384.35 Orientation: -0.0704 0.1078 -0.07 0.9891 Time: 2254199027977
Position: -25.89 -12.04 -1382.61 Orientation: -0.0716 0.1108 -0.0714 0.9886 Time: 2254386041402
Position: -26.79 -12.37 -1382.65 Orientation: -0.061 0.1084 -0.0756 0.9893 Time: 2254635975675
Position: -26.63 -14.33 -1382.94 Orientation: -0.0511 0.1043 -0.0778 0.9901 Time: 2254885006589
Position: -26.56 -14.39 -1382.78 Orientation: -0.0548 0.1065 -0.0759 0.9898 Time: 2255072995231
Position: -26.44 -16.17 -1380.97 Orientation: -0.0567 0.1086 -0.0739 0.9897 Time: 2255291025671
Position: -28.88 -21.15 -1375.17 Orientation: -0.0592 0.1117 -0.0711 0.9894 Time: 2255540981044
Position: -31.53 -27.28 -1367.85 Orientation: -0.0602 0.1118 -0.0698 0.9894 Time: 2255790022794
Position: -35.28 -31.12 -1363.72 Orientation: -0.0596 0.1119 -0.0701 0.9894 Time: 2256008976553
Position: -37.28 -29.18 -1363.62 Orientation: -0.0608 0.1067 -0.0727 0.9897 Time: 2256257977811
Position: -38.55 -29.45 -1363.79 Orientation: -0.0522 0.1101 -0.0755 0.9896 Time: 2256507979380
Position: -36.14 -37.97 -1356.8 Orientation: -0.0526 0.1197 -0.0682 0.989 Time: 2256725969328
Position: -37.72 -45.56 -1348.27 Orientation: -0.0509 0.1165 -0.0668 0.9896 Time: 2256945015475
Position: -41.13 -60.57 -1339.22 Orientation: -0.0415 0.1119 -0.0619 0.9909 Time: 2257162983751
Position: -42.01 -71.37 -1335.97 Orientation: -0.0303 0.1204 -0.0542 0.9907 Time: 2257382017922
Position: -43.03 -80.45 -1330.79 Orientation: -0.0303 0.1217 -0.0478 0.9909 Time: 2257599945136
Position: -47.46 -85.18 -1324.97 Orientation: -0.0295 0.1237 -0.0495 0.9906 Time: 2257817965881
Position: -48.58 -96.82 -1319.38 Orientation: -0.0163 0.1268 -0.045 0.9907 Time: 2258036946443
Position: -51.54 -108.52 -1310.93 Orientation: -0.0057 0.1282 -0.0429 0.9907 Time: 2258254946086
Position: -57.96 -116.35 -1304.99 Orientation: -0.0093 0.1209 -0.0335 0.992 Time: 2258472946299
Position: -65.7 -125.16 -1297.59 Orientation: -0.0124 0.11 -0.0274 0.9934 Time: 2258691905190
Position: -71.56 -139.21 -1287.67 Orientation: 0.0002 0.1119 -0.0249 0.9933 Time: 2258909912817
Position: -74.07 -144.1 -1276.44 Orientation: -0.0083 0.1159 -0.0225 0.9929 Time: 2259128977214
Position: -79.97 -151.48 -1263.95 Orientation: -0.0082 0.1262 -0.0254 0.9916 Time: 2259346971154
Position: -87.89 -156.9 -1256.75 Orientation: -0.0087 0.1268 -0.0263 0.9915 Time: 2259564886963
Position: -86.34 -161.98 -1245.88 Orientation: -0.0121 0.1595 -0.023 0.9868 Time: 2259783916001
Position: -85.81 -162.06 -1234.41 Orientation: -0.0302 0.1691 -0.0207 0.9849 Time: 2260001864317
Position: -85.9 -154.12 -1228.28 Orientation: -0.0415 0.1807 -0.0278 0.9822 Time: 2260220897347
Position: -87.12 -143.7 -1225.16 Orientation: -0.0416 0.1732 -0.038 0.9832 Time: 2260407925600
Position: -84.2 -139.42 -1223.28 Orientation: -0.0396 0.1682 -0.0459 0.9838 Time: 2260625944633
Position: -82.68 -130.88 -1221.22 Orientation: -0.0394 0.1516 -0.0616 0.9857 Time: 2260844918352
Position: -83.24 -117.5 -1219.63 Orientation: -0.0419 0.136 -0.08 0.9865 Time: 2261062919136
Position: -82.92 -108.33 -1218.37 Orientation: -0.0478 0.1316 -0.092 0.9858 Time: 2261281892284
Position: -78.04 -97.19 -1219.44 Orientation: -0.0423 0.1237 -0.1023 0.9861 Time: 2261499934700
Position: -75.59 -86.22 -1219.49 Orientation: -0.045 0.117 -0.1058 0.9864 Time: 2261717886438
Position: -73.4 -75.94 -1221.57 Orientation: -0.0468 0.108 -0.1093 0.9869 Time: 2261936862438
Position: -73.46 -61.33 -1227.84 Orientation: -0.051 0.105 -0.1152 0.9864 Time: 2262154880330
Position: -74.07 -51.58 -1234.34 Orientation: -0.0523 0.1008 -0.1196 0.9862 Time: 2262373881423
Position: -75.19 -43.31 -1240.43 Orientation: -0.0536 0.1009 -0.1235 0.9857 Time: 2262560881162
Position: -79.61 -28.08 -1249.14 Orientation: -0.0563 0.1032 -0.1305 0.9844 Time: 2262778840313
Position: -80.24 -16.49 -1255.66 Orientation: -0.0549 0.1107 -0.1348 0.9831 Time: 2262996882729
Position: -81.23 -5.55 -1260.55 Orientation: -0.0582 0.1018 -0.1383 0.9834 Time: 2263215888385
Position: -80.64 3.49 -1262.98 Orientation: -0.0668 0.0961 -0.1401 0.9831 Time: 2263433844114
Position: -80.3 15.75 -1265.25 Orientation: -0.0808 0.0861 -0.1431 0.9826 Time: 2263652922198
Position: -79.76 25.24 -1269.63 Orientation: -0.0812 0.077 -0.1502 0.9822 Time: 2263870819757
Position: -84.55 37.5 -1279.09 Orientation: -0.0791 0.0616 -0.1621 0.9816 Time: 2264089884154
Position: -86.72 54.44 -1289.44 Orientation: -0.0824 0.0592 -0.1714 0.9799 Time: 2264307778291
Position: -83.42 67.72 -1291.63 Orientation: -0.0863 0.0537 -0.1791 0.9785 Time: 2264525890284
Position: -83.28 81 -1297.66 Orientation: -0.0879 0.053 -0.1864 0.977 Time: 2264744808683
Position: -82.13 89.55 -1296.63 Orientation: -0.0857 0.0489 -0.19 0.9768 Time: 2264962827716
Position: -82.09 91.86 -1290.49 Orientation: -0.0806 0.0558 -0.1873 0.9773 Time: 2265180811961
Position: -83.9 86.4 -1278.8 Orientation: -0.0743 0.0595 -0.1784 0.9793 Time: 2265399765719
Position: -86.23 78.5 -1271.06 Orientation: -0.0702 0.0589 -0.1711 0.9809 Time: 2265617798440
Position: -87.74 70.78 -1261.34 Orientation: -0.0705 0.0634 -0.1641 0.9818 Time: 2265836844017
Position: -89.59 61.64 -1247.46 Orientation: -0.0719 0.0661 -0.1576 0.9826 Time: 2266054806020
Position: -93.58 55.39 -1239.87 Orientation: -0.0715 0.0721 -0.1524 0.983 Time: 2266241762985
Position: -95.83 48.15 -1232.96 Orientation: -0.0712 0.0835 -0.1446 0.9833 Time: 2266460854186
Position: -97.15 38.54 -1226.43 Orientation: -0.063 0.0897 -0.1418 0.9837 Time: 2266678753456
Position: -98.72 28.97 -1217.8 Orientation: -0.06 0.0939 -0.135 0.9845 Time: 2266897845228
Position: -99 21.49 -1208.42 Orientation: -0.0694 0.1072 -0.1242 0.9839 Time: 2267115760466
Position: -99.35 17.93 -1197.24 Orientation: -0.0842 0.1062 -0.1124 0.9843 Time: 2267333723039
Position: -103.05 10.57 -1188.17 Orientation: -0.0817 0.1075 -0.1065 0.985 Time: 2267552734398
Position: -108.6 4.02 -1180.95 Orientation: -0.0826 0.106 -0.1042 0.9854 Time: 2267739747823
Position: -111.91 -6.07 -1172.79 Orientation: -0.0835 0.1129 -0.0949 0.9855 Time: 2267957778263
Position: -113.89 -17.7 -1165.05 Orientation: -0.0885 0.1178 -0.0801 0.9858 Time: 2268176705787
Position: -121.42 -27.5 -1160.5 Orientation: -0.0859 0.1105 -0.075 0.9873 Time: 2268394805233
Position: -124.4 -31.11 -1154.75 Orientation: -0.103 0.1196 -0.0642 0.9853 Time: 2268612732447
Position: -126.27 -30.23 -1148.63 Orientation: -0.1243 0.1291 -0.0517 0.9824 Time: 2268831748369
Position: -126.48 -26.98 -1140.97 Orientation: -0.1433 0.1361 -0.0432 0.9793 Time: 2269049771964
Position: -124.11 -21.81 -1137.57 Orientation: -0.1561 0.1559 -0.0369 0.9746 Time: 2269268742261
Position: -121.58 -14.93 -1135.91 Orientation: -0.1574 0.1718 -0.0361 0.9717 Time: 2269486728217
Position: -123.4 -6.61 -1136.7 Orientation: -0.1658 0.1678 -0.0462 0.9706 Time: 2269705686538
Position: -121.48 1.69 -1136.62 Orientation: -0.1674 0.1624 -0.0537 0.9709 Time: 2269923677626
Position: -122.2 8.67 -1140.13 Orientation: -0.1346 0.1429 -0.0744 0.9777 Time: 2270141709776
Position: -121.15 18.24 -1142.71 Orientation: -0.1443 0.1408 -0.0812 0.976 Time: 2270329688723
Position: -121.13 28.19 -1148.3 Orientation: -0.1429 0.1336 -0.0904 0.9764 Time: 2270547704905
Position: -121.96 41.63 -1153.33 Orientation: -0.1578 0.126 -0.0915 0.975 Time: 2270765742758
Position: -120.14 52.29 -1158.08 Orientation: -0.1611 0.1177 -0.0952 0.9752 Time: 2270984661157
Position: -118.24 63.29 -1161.76 Orientation: -0.1675 0.1194 -0.1001 0.9734 Time: 2271202665933
Position: -119.45 75.19 -1167.84 Orientation: -0.1783 0.111 -0.1079 0.9717 Time: 2271389706163
Position: -120.1 82.76 -1172.4 Orientation: -0.1779 0.1119 -0.1145 0.9709 Time: 2271608680452
Position: -119.64 91.58 -1175.29 Orientation: -0.1871 0.1017 -0.1243 0.9691 Time: 2271826668119
Position: -119.26 105.65 -1180.49 Orientation: -0.1853 0.0943 -0.1423 0.9677 Time: 2272044730495
Position: -120.01 115.54 -1184.89 Orientation: -0.1818 0.0843 -0.1544 0.9674 Time: 2272263677409
Position: -121.16 124.92 -1191.4 Orientation: -0.1772 0.0718 -0.1664 0.9673 Time: 2272481639983
Position: -119.38 132.89 -1196.96 Orientation: -0.1815 0.0705 -0.1805 0.964 Time: 2272700724910
Position: -117.61 140.35 -1201.35 Orientation: -0.1782 0.0681 -0.1955 0.9619 Time: 2272918642430
Position: -113.96 153.1 -1210.83 Orientation: -0.176 0.0616 -0.2168 0.9582 Time: 2273136626675
Position: -111.83 160.88 -1217.78 Orientation: -0.1752 0.0542 -0.2284 0.9561 Time: 2273355632330
Position: -108.79 175.93 -1222.81 Orientation: -0.181 0.0591 -0.2467 0.9501 Time: 2273573646231
Position: -109.12 188.78 -1222.38 Orientation: -0.1826 0.0533 -0.2545 0.9481 Time: 2273792583450
Position: -108.7 191.67 -1216.86 Orientation: -0.1824 0.065 -0.252 0.9481 Time: 2274010626436
Position: -108.91 188.47 -1206.64 Orientation: -0.1812 0.0764 -0.2408 0.9504 Time: 2274228761241
Position: -112.23 179.32 -1189.9 Orientation: -0.18 0.0853 -0.221 0.9546 Time: 2274447660820
Position: -111.83 171.69 -1175.35 Orientation: -0.1844 0.0908 -0.2066 0.9565 Time: 2274665618261
Position: -113.86 157.09 -1159.02 Orientation: -0.1695 0.1007 -0.1978 0.9601 Time: 2274884601675
Position: -118.83 146.23 -1150.04 Orientation: -0.1643 0.0978 -0.1881 0.9633 Time: 2275102597896
Position: -122.25 134.09 -1141.33 Orientation: -0.1497 0.1047 -0.1826 0.966 Time: 2275320602672
Position: -127.58 123.6 -1132.19 Orientation: -0.1405 0.0994 -0.1755 0.9692 Time: 2275539612320
Position: -131.26 118.19 -1126.41 Orientation: -0.1509 0.107 -0.1664 0.9685 Time: 2275757624509
Position: -133.38 110.25 -1119.14 Orientation: -0.1528 0.1165 -0.1566 0.9687 Time: 2275976589673
Position: -135.65 104.57 -1112.59 Orientation: -0.154 0.1288 -0.1436 0.969 Time: 2276194606996
Position: -137.41 100.46 -1107.12 Orientation: -0.1583 0.1406 -0.1295 0.9686 Time: 2276412603787
Position: -141.61 91.22 -1099.51 Orientation: -0.1547 0.1462 -0.1095 0.9709 Time: 2276631590053
Position: -149.38 84.11 -1094.92 Orientation: -0.1494 0.1446 -0.1083 0.9721 Time: 2276849576008
Position: -151.73 81.7 -1089.51 Orientation: -0.1617 0.1555 -0.0977 0.9695 Time: 2277068653522
Position: -153.1 79.76 -1080.04 Orientation: -0.1811 0.1629 -0.0803 0.9665 Time: 2277286555073
Position: -160.85 80.16 -1076.37 Orientation: -0.2097 0.1585 -0.0664 0.9625 Time: 2277504553576
Position: -161.48 82.9 -1070.91 Orientation: -0.2409 0.177 -0.0647 0.952 Time: 2277723567216
Position: -157.85 97.07 -1065.21 Orientation: -0.2595 0.1791 -0.0729 0.9461 Time: 2277941590241
Position: -152.77 111.72 -1061.56 Orientation: -0.2578 0.1652 -0.0904 0.9476 Time: 2278160604451
Position: -146.21 136.29 -1071.08 Orientation: -0.2469 0.1369 -0.1083 0.9531 Time: 2278378580712
Position: -142.34 153.91 -1082.69 Orientation: -0.2396 0.1165 -0.1279 0.9553 Time: 2278597532189
Position: -137.93 169.39 -1093.08 Orientation: -0.2415 0.1085 -0.1409 0.9539 Time: 2278815534113
Position: -136.48 183.82 -1104.78 Orientation: -0.2326 0.0889 -0.1494 0.9568 Time: 2279033530334
Position: -130.36 188.89 -1109.74 Orientation: -0.2354 0.0959 -0.1495 0.9555 Time: 2279252556521
Position: -125.18 196.22 -1114.78 Orientation: -0.2367 0.0864 -0.1489 0.9561 Time: 2279470514532
Position: -119.4 202.56 -1125.92 Orientation: -0.2272 0.0789 -0.1548 0.9582 Time: 2279688556947
Position: -115.43 215.32 -1134.17 Orientation: -0.2328 0.0697 -0.1685 0.9552 Time: 2279907533518
Position: -108.32 227.64 -1139.92 Orientation: -0.2289 0.0717 -0.1847 0.953 Time: 2280125507497
Position: -102.03 237.77 -1145.4 Orientation: -0.2246 0.0717 -0.1973 0.9515 Time: 2280344513723
Position: -99.98 251.75 -1151.75 Orientation: -0.2212 0.0623 -0.2095 0.9503 Time: 2280531520305
Position: -96.62 266.79 -1152.82 Orientation: -0.2305 0.0633 -0.2202 0.9457 Time: 2280749578689
Position: -93.69 270.69 -1139.31 Orientation: -0.2341 0.0707 -0.2204 0.9442 Time: 2280968477128
Position: -100.63 261.93 -1121.9 Orientation: -0.2299 0.0703 -0.2066 0.9484 Time: 2281186465935
Position: -106.77 244.27 -1107.81 Orientation: -0.2154 0.0738 -0.1963 0.9537 Time: 2281405450490
Position: -115.51 223.22 -1089.97 Orientation: -0.2098 0.0803 -0.1736 0.9588 Time: 2281623504311
Position: -119.81 207.58 -1075.74 Orientation: -0.2011 0.0783 -0.1599 0.9632 Time: 2281841461182
Position: -125.29 194.96 -1062.2 Orientation: -0.1984 0.0817 -0.1446 0.9659 Time: 2282060455431
Position: -130.19 181.41 -1051.39 Orientation: -0.1897 0.0863 -0.1349 0.9686 Time: 2282278591947
Position: -134.16 174.12 -1045.09 Orientation: -0.1868 0.0904 -0.13 0.9695 Time: 2282497474417
Position: -135.11 169.21 -1035.4 Orientation: -0.1929 0.102 -0.1228 0.9681 Time: 2282715457521
Position: -135.06 165.29 -1025.14 Orientation: -0.196 0.1125 -0.1167 0.967 Time: 2282902452127
Position: -142.51 157.53 -1015.81 Orientation: -0.2023 0.1207 -0.1068 0.9659 Time: 2283121458353
Position: -143.36 151.01 -1005.69 Orientation: -0.2035 0.121 -0.1019 0.9661 Time: 2283339443738
Position: -139.24 140.71 -996.4 Orientation: -0.2022 0.1315 -0.0926 0.966 Time: 2283557454217
Position: -117.61 134.74 -989.66 Orientation: -0.1852 0.1521 -0.0829 0.9672 Time: 2283807447801
Position: -89.55 137.62 -982.41 Orientation: -0.1842 0.16 -0.0798 0.9664 Time: 2284025413226
Position: -72.2 140.5 -978.14 Orientation: -0.1901 0.1743 -0.0755 0.9631 Time: 2284244707455
Position: -57.97 142.79 -976.26 Orientation: -0.1924 0.1787 -0.0697 0.9623 Time: 2284462404837
Position: -45.76 141.5 -978 Orientation: -0.1889 0.1833 -0.0686 0.9622 Time: 2284681446422
Position: -35.15 140.99 -978.57 Orientation: -0.1912 0.1926 -0.0659 0.9601 Time: 2284899393027
Position: -22.82 145.6 -982.87 Orientation: -0.1972 0.1943 -0.0629 0.9588 Time: 2285117370428
Position: -12.51 150.68 -991.05 Orientation: -0.1914 0.1828 -0.0723 0.9616 Time: 2285336399466
Position: -10.51 158.27 -1001.96 Orientation: -0.1871 0.1713 -0.0904 0.963 Time: 2285523433993
Position: -8.75 170.76 -1013.83 Orientation: -0.1945 0.1569 -0.1037 0.9626 Time: 2285741384020
Position: -10.34 178.39 -1024.94 Orientation: -0.1889 0.1393 -0.1161 0.965 Time: 2285960478072
Position: -10.27 190.55 -1038.48 Orientation: -0.1926 0.124 -0.1307 0.9645 Time: 2286178397873
Position: -8.6 202.5 -1048.01 Orientation: -0.204 0.1179 -0.1399 0.9616 Time: 2286397377295
Position: -8.3 209.07 -1056.01 Orientation: -0.2093 0.1114 -0.1443 0.9606 Time: 2286615365532
Position: -4.57 224.73 -1070.27 Orientation: -0.2237 0.1051 -0.1585 0.9558 Time: 2286833380003
Position: 0.86 240.23 -1080.04 Orientation: -0.2415 0.1005 -0.1782 0.9485 Time: 2287052344026
Position: 5.97 254.35 -1094.03 Orientation: -0.2646 0.0979 -0.1924 0.9398 Time: 2287270384731
Position: 3.54 259.89 -1106.41 Orientation: -0.2715 0.0833 -0.2115 0.9351 Time: 2287489343052
Position: 0.96 255.75 -1115.34 Orientation: -0.2734 0.0802 -0.2111 0.9349 Time: 2287707361514
Position: -4.93 229.89 -1117.86 Orientation: -0.2522 0.0756 -0.1905 0.9456 Time: 2287925357736
Position: -5.88 207.55 -1112.64 Orientation: -0.2337 0.0814 -0.1712 0.9536 Time: 2288144361110
Position: -7.44 183.42 -1104.02 Orientation: -0.2076 0.0866 -0.1606 0.961 Time: 2288362320832
Position: -9.7 158.43 -1095.78 Orientation: -0.1794 0.0948 -0.1493 0.9677 Time: 2288549331406
Position: -15.31 134.78 -1086.09 Orientation: -0.155 0.0907 -0.1349 0.9744 Time: 2288768345046
Position: -20.72 116.82 -1076.26 Orientation: -0.1366 0.0937 -0.1231 0.9784 Time: 2288986344119
Position: -26.57 97.52 -1063.37 Orientation: -0.1254 0.1053 -0.1101 0.9803 Time: 2289204330074
Position: -34.59 77.69 -1051.57 Orientation: -0.1147 0.109 -0.0956 0.9827 Time: 2289423324894
Position: -38.36 69.49 -1047.73 Orientation: -0.1265 0.1265 -0.0811 0.9805 Time: 2289641336514
Position: -45.12 59.24 -1048.23 Orientation: -0.1317 0.1398 -0.0648 0.9792 Time: 2289860308521
Position: -43.31 42.05 -1045.56 Orientation: -0.1307 0.1734 -0.038 0.9753 Time: 2290078486099
Position: -36.56 31.94 -1045.29 Orientation: -0.1414 0.1883 -0.0173 0.9717 Time: 2290297297281
Position: -29.74 23.16 -1051.85 Orientation: -0.1316 0.1868 -0.0141 0.9734 Time: 2290515318026
Position: -21.15 24.33 -1058.55 Orientation: -0.0934 0.1597 -0.0425 0.9818 Time: 2290733268623
Position: -14.49 33.11 -1069.51 Orientation: -0.0914 0.1473 -0.0578 0.9831 Time: 2290952327887
Position: -4.34 46.4 -1081.33 Orientation: -0.0976 0.1433 -0.0712 0.9822 Time: 2291170288749
Position: 2.62 58.58 -1087.92 Orientation: -0.1061 0.1416 -0.0809 0.9808 Time: 2291388299228
Position: 9.2 71.36 -1094.43 Orientation: -0.1164 0.1345 -0.0931 0.9796 Time: 2291607261541
Position: 10.41 82.08 -1110.31 Orientation: -0.1196 0.1265 -0.1067 0.9789 Time: 2291825275441
Position: 14.09 88.84 -1122 Orientation: -0.1244 0.1286 -0.1116 0.9774 Time: 2292044303339
Position: 19.99 101.7 -1133.98 Orientation: -0.1334 0.1294 -0.1207 0.9751 Time: 2292262277318
Position: 20.5 116.07 -1147.03 Orientation: -0.1408 0.1297 -0.1307 0.9727 Time: 2292480264414
Position: 21.12 128 -1161.05 Orientation: -0.1478 0.1244 -0.1406 0.971 Time: 2292699300296
Position: 27.32 141.63 -1175.29 Orientation: -0.1561 0.113 -0.1584 0.9683 Time: 2292917297087
Position: 35.19 150.65 -1183.14 Orientation: -0.1623 0.112 -0.1807 0.9635 Time: 2293136269666
Position: 43.74 154.73 -1190.49 Orientation: -0.1758 0.1044 -0.183 0.9615 Time: 2293354263606
Position: 44.91 138.81 -1197.89 Orientation: -0.1754 0.0939 -0.1632 0.9663 Time: 2293573238465
Position: 41.18 101.99 -1188.11 Orientation: -0.1388 0.0993 -0.1483 0.974 Time: 2293822263676
Position: 38.47 74.4 -1175.28 Orientation: -0.116 0.1047 -0.128 0.9793 Time: 2294041238536
Position: 33.69 42.94 -1161.52 Orientation: -0.0884 0.1103 -0.1053 0.9843 Time: 2294259202250
Position: 23.85 22.63 -1154.21 Orientation: -0.0661 0.1015 -0.0987 0.9877 Time: 2294477438568
Position: 13.89 4.13 -1148.2 Orientation: -0.0467 0.1029 -0.0898 0.9895 Time: 2294696253173
Position: 0.35 -15.98 -1140.27 Orientation: -0.0365 0.0925 -0.0726 0.9923 Time: 2294914256237
Position: -8.01 -32.45 -1138.14 Orientation: -0.0195 0.109 -0.0717 0.9912 Time: 2295133245925
Position: -10.06 -45.69 -1133.68 Orientation: -0.0147 0.1194 -0.0626 0.9907 Time: 2295351158311
Position: -10.29 -57.95 -1127.15 Orientation: -0.0196 0.131 -0.0429 0.9902 Time: 2295538192838
Position: -13.43 -65.42 -1120.67 Orientation: -0.0403 0.1363 -0.03 0.9893 Time: 2295757235563
Position: -12.86 -74.79 -1116.23 Orientation: -0.0757 0.1552 0.0022 0.9849 Time: 2295975185590
Position: -7.7 -78.65 -1119.34 Orientation: -0.098 0.1633 0.0182 0.9815 Time: 2296193208615
Position: -6.36 -84.06 -1130.63 Orientation: -0.0908 0.153 0.0193 0.9838 Time: 2296443206762
Position: -3.24 -81.88 -1139.32 Orientation: -0.0759 0.1406 0.0131 0.987 Time: 2296630180266
Position: 3.23 -70.61 -1147.94 Orientation: -0.0787 0.1282 0.0065 0.9885 Time: 2296848208995
Position: 6.74 -51.7 -1160.5 Orientation: -0.0878 0.1227 -0.0113 0.9884 Time: 2297067174729
Position: 11.7 -35.21 -1166.8 Orientation: -0.0984 0.1253 -0.0232 0.9869 Time: 2297285165247
Position: 17.45 -25.44 -1171.74 Orientation: -0.0987 0.12 -0.0325 0.9873 Time: 2297504160067
Position: 21.94 -12.06 -1181.27 Orientation: -0.1024 0.1162 -0.0472 0.9868 Time: 2297722170546
Position: 24.36 -3.34 -1194.34 Orientation: -0.0979 0.1102 -0.0577 0.9873 Time: 2297941138562
Position: 30.19 8.52 -1212.57 Orientation: -0.0994 0.1025 -0.0699 0.9872 Time: 2298159180977
Position: 34.4 20.38 -1223.04 Orientation: -0.1086 0.091 -0.0796 0.9866 Time: 2298377241643
Position: 36.99 30.63 -1232.35 Orientation: -0.1031 0.0904 -0.0917 0.9862 Time: 2298596173159
Position: 44.97 47.78 -1242.92 Orientation: -0.1118 0.0847 -0.1198 0.9828 Time: 2298814171091
Position: 48.82 57.95 -1253.36 Orientation: -0.1313 0.0776 -0.1412 0.9781 Time: 2299032129672
Position: 47.9 63.13 -1265.21 Orientation: -0.1356 0.0676 -0.1506 0.9768 Time: 2299220133142
Position: 46.08 54.17 -1274.7 Orientation: -0.1308 0.0552 -0.1382 0.9801 Time: 2299438119668
Position: 44.99 27.27 -1274.43 Orientation: -0.123 0.0499 -0.1003 0.986 Time: 2299657139581
Position: 40.15 0.35 -1268.3 Orientation: -0.1085 0.0564 -0.0781 0.9894 Time: 2299875122115
Position: 34.11 -35.49 -1256.52 Orientation: -0.0753 0.0741 -0.0533 0.9929 Time: 2300093094954
Position: 24.92 -72.03 -1237.13 Orientation: -0.0371 0.0889 -0.0391 0.9945 Time: 2300312203835
Position: 20.11 -86.21 -1221.79 Orientation: -0.03 0.0975 -0.0302 0.9943 Time: 2300530125346
Position: 16.47 -98.61 -1212.07 Orientation: -0.0183 0.0997 -0.0255 0.9945 Time: 2300749100776
Position: 12.87 -107.07 -1204.64 Orientation: -0.0152 0.0983 -0.0196 0.9948 Time: 2300936136443
Position: 11.13 -113.8 -1194.81 Orientation: -0.0251 0.1096 -0.006 0.9936 Time: 2301154091603
Position: 14.61 -120.03 -1185.73 Orientation: -0.045 0.1457 0.0203 0.988 Time: 2301373083001
Position: 13.34 -127.74 -1180.19 Orientation: -0.0475 0.1633 0.0484 0.9842 Time: 2301591136822
Position: 12.03 -131.52 -1171.98 Orientation: -0.0806 0.1782 0.0768 0.9776 Time: 2301809129622
Position: 11.79 -140.45 -1169.63 Orientation: -0.0972 0.1728 0.094 0.9756 Time: 2302028174628
Position: 13.69 -148.24 -1175.17 Orientation: -0.1059 0.161 0.0991 0.9762 Time: 2302246075609
Position: 10.47 -149.71 -1191.21 Orientation: -0.0938 0.1316 0.0648 0.9847 Time: 2302465089249
Position: 10.09 -138.79 -1205.63 Orientation: -0.0898 0.1058 0.0371 0.9896 Time: 2302683090603
Position: 21.67 -122.08 -1220.94 Orientation: -0.0857 0.1018 0.0106 0.991 Time: 2302901038919
Position: 32.01 -109.89 -1231.12 Orientation: -0.0702 0.094 -0.0093 0.993 Time: 2303120090769
Position: 40.08 -94.03 -1246.79 Orientation: -0.0546 0.0951 -0.0287 0.9935 Time: 2303338029389
Position: 45.17 -69.52 -1270.62 Orientation: -0.0497 0.0854 -0.0458 0.994 Time: 2303557014514
Position: 51.85 -56.46 -1284.23 Orientation: -0.0476 0.0849 -0.0472 0.9941 Time: 2303775035829
Position: 57.61 -43.61 -1294.48 Orientation: -0.0473 0.078 -0.0545 0.9943 Time: 2303993034331
Position: 66.01 -30.9 -1301.38 Orientation: -0.0525 0.0746 -0.0612 0.9939 Time: 2304212047971
Position: 72.71 -21.39 -1305.18 Orientation: -0.0556 0.084 -0.0684 0.9925 Time: 2304430194752
Position: 79.87 -16.72 -1313.14 Orientation: -0.0522 0.0897 -0.0691 0.9921 Time: 2304680053174
Position: 81.38 -13.67 -1326.8 Orientation: -0.0346 0.0928 -0.074 0.9923 Time: 2304898011756
Position: 79.29 -7.16 -1336.8 Orientation: -0.0184 0.1132 -0.078 0.9903 Time: 2305117126339
