Position: 1.34 -7.06 -1367.87 Orientation: 0.0296 0.0635 -0.0644 0.9954 Time: 3016796784295
Position: -5.31 -3.12 -1371 Orientation: 0.0272 0.0554 -0.0717 0.9955 Time: 3016982815660
Position: 1.88 -6.09 -1374.17 Orientation: 0.0305 0.0637 -0.0586 0.9957 Time: 3017201077072
Position: 15.23 9.15 -1367.98 Orientation: -0.1725 0.1013 0.0124 0.9796 Time: 3017450841395
Position: 14.86 5.61 -1369.91 Orientation: -0.1441 0.0904 -0.0118 0.9853 Time: 3017777837722
Position: 11.88 -0.87 -1375.06 Orientation: -0.0437 0.0981 -0.043 0.9932 Time: 3017996817144
Position: 10.21 -3.61 -1377.74 Orientation: 0.0084 0.1094 -0.0644 0.9918 Time: 3018214801959
Position: 11.76 -9.03 -1379.48 Orientation: 0.0265 0.1129 -0.0634 0.9912 Time: 3018433812177
Position: 11.65 -6.31 -1377.09 Orientation: -0.0189 0.0976 -0.051 0.9937 Time: 3018620827314
Position: 9.03 -12.3 -1380.75 Orientation: 0.0171 0.1026 -0.0624 0.9926 Time: 3018838763083
Position: 5.82 -24.02 -1376.58 Orientation: 0.0534 0.1008 -0.0595 0.9916 Time: 3019119800485
Position: -2.43 -28.93 -1370.58 Orientation: 0.0637 0.0865 -0.0656 0.992 Time: 3019400828192
Position: -6.56 -36.53 -1366.11 Orientation: 0.0595 0.0885 -0.0631 0.9922 Time: 3019681815408
Position: -14.97 -46.41 -1361.52 Orientation: 0.0621 0.0898 -0.0593 0.9922 Time: 3019930745949
Position: -20.1 -54.96 -1353.75 Orientation: 0.0625 0.1009 -0.0558 0.9913 Time: 3020180746377
Position: -24.05 -59.02 -1347.27 Orientation: 0.0585 0.0999 -0.0557 0.9916 Time: 3020398710090
Position: -29.26 -68.46 -1339.63 Orientation: 0.0559 0.0991 -0.0511 0.9921 Time: 3020679777719
Position: -28.42 -76.88 -1327.7 Orientation: 0.0456 0.1185 -0.0396 0.9911 Time: 3020929706288
Position: -37.31 -87.05 -1321.47 Orientation: 0.0447 0.1298 -0.0356 0.9898 Time: 3021178740054
Position: -44.12 -98.37 -1312.31 Orientation: 0.0524 0.0887 -0.0482 0.9935 Time: 3021428727365
Position: -52.56 -109.88 -1300.82 Orientation: 0.0445 0.0789 -0.0438 0.9949 Time: 3021677681859
Position: -60.35 -118.83 -1286.87 Orientation: 0.0329 0.0725 -0.0401 0.996 Time: 3021927749012
Position: -65.64 -129.19 -1275.14 Orientation: 0.0297 0.0675 -0.039 0.9965 Time: 3022208759610
Position: -71.83 -145.42 -1267.86 Orientation: 0.0394 0.0617 -0.0381 0.9965 Time: 3022426711347
Position: -80.48 -161.63 -1261.22 Orientation: 0.0616 0.0656 -0.052 0.9945 Time: 3022676734587
Position: -85.09 -165.75 -1247.65 Orientation: 0.039 0.0591 -0.0445 0.9964 Time: 3022925698776
Position: -85.84 -168.98 -1230.45 Orientation: 0.0058 0.0598 -0.0335 0.9976 Time: 3023175703196
Position: -88.42 -165.96 -1215.52 Orientation: -0.0107 0.0528 -0.0273 0.9981 Time: 3023425730998
Position: -90.33 -152.37 -1202.76 Orientation: 0.0122 0.0406 -0.035 0.9984 Time: 3023674683781
Position: -91.65 -138.95 -1197.32 Orientation: 0.0099 0.0414 -0.0418 0.9982 Time: 3023924651132
Position: -90.46 -131.4 -1197.98 Orientation: 0.0144 0.0407 -0.0445 0.998 Time: 3024173665507
Position: -83.16 -118.03 -1197.83 Orientation: 0.0161 0.0497 -0.0444 0.9976 Time: 3024423681333
Position: -75.71 -105.81 -1197.25 Orientation: 0.017 0.0566 -0.0453 0.9972 Time: 3024673686323
Position: -74.39 -93.86 -1203.01 Orientation: 0.0186 0.0531 -0.0491 0.9971 Time: 3024922672184
Position: -71.56 -83.86 -1206.21 Orientation: 0.0137 0.0526 -0.0497 0.9972 Time: 3025172689150
Position: -70.68 -74.27 -1210.77 Orientation: 0.028 0.0432 -0.0478 0.9975 Time: 3025421652199
Position: -67.14 -62.5 -1216.66 Orientation: 0.0329 0.0336 -0.0493 0.9976 Time: 3025671685133
Position: -58.27 -47.21 -1222.71 Orientation: 0.0246 0.0373 -0.0513 0.9976 Time: 3025921685561
Position: -51.01 -30.75 -1230.45 Orientation: 0.0186 0.0448 -0.0479 0.9976 Time: 3026170633211
Position: -48.41 -21.36 -1236.2 Orientation: 0.0252 0.0438 -0.0531 0.9973 Time: 3026389661679
Position: -42.73 -10.04 -1240.27 Orientation: 0.0232 0.0509 -0.0568 0.9968 Time: 3026638660657
Position: -36.83 4.59 -1244.42 Orientation: 0.013 0.052 -0.0579 0.9968 Time: 3026888588656
Position: -32.63 12.1 -1252.52 Orientation: 0.0132 0.0466 -0.0559 0.9972 Time: 3027106687532
Position: -26.58 23.5 -1263.65 Orientation: 0.01 0.0463 -0.0577 0.9972 Time: 3027356587016
Position: -26.1 34.14 -1274.96 Orientation: 0.0136 0.0402 -0.0621 0.9971 Time: 3027574630002
Position: -21.28 46.57 -1282.44 Orientation: 0.0176 0.0426 -0.0654 0.9967 Time: 3027824612750
Position: -15.74 59.28 -1284.47 Orientation: 0.0128 0.0431 -0.0692 0.9965 Time: 3028042589011
Position: -17.46 77.76 -1286.22 Orientation: 0.008 0.0439 -0.0766 0.996 Time: 3028292556361
Position: -24.3 89.49 -1282.02 Orientation: 0.0036 0.0399 -0.0841 0.9956 Time: 3028510605620
Position: -25.87 90.26 -1268.96 Orientation: -0.0006 0.0432 -0.0835 0.9955 Time: 3028760649391
Position: -27.45 83.8 -1262.18 Orientation: 0.0014 0.0481 -0.0786 0.9957 Time: 3028979613985
Position: -32.52 74.56 -1252.99 Orientation: 0.0024 0.0529 -0.0747 0.9957 Time: 3029228642618
Position: -36.61 68.67 -1243.27 Orientation: 0.0016 0.055 -0.0755 0.9956 Time: 3029446599488
Position: -43.69 58.46 -1231.54 Orientation: 0.0015 0.0494 -0.0694 0.9963 Time: 3029696551440
Position: -47.72 47.29 -1223.01 Orientation: 0.002 0.0512 -0.0664 0.9964 Time: 3029945583495
Position: -52.36 34.19 -1215.52 Orientation: 0.006 0.054 -0.0613 0.9966 Time: 3030164521855
Position: -59.14 20.59 -1206.32 Orientation: 0.0128 0.06 -0.0585 0.9963 Time: 3030413513989
Position: -66.1 9.4 -1197.07 Orientation: 0.015 0.0656 -0.0571 0.996 Time: 3030632539035
Position: -76.36 -4.64 -1185.93 Orientation: 0.0152 0.0743 -0.0638 0.995 Time: 3030881511779
Position: -82.71 -18.29 -1178.71 Orientation: 0.022 0.0763 -0.0643 0.9947 Time: 3031100621229
Position: -88.07 -25.94 -1170.99 Orientation: 0.0192 0.071 -0.0677 0.9949 Time: 3031349554622
Position: -91.8 -31.55 -1160.66 Orientation: 0.0006 0.0795 -0.0642 0.9947 Time: 3031568608183
Position: -99.25 -37.53 -1151.19 Orientation: -0.001 0.0684 -0.0678 0.9953 Time: 3031818096480
Position: -105.42 -43.63 -1145.65 Orientation: -0.0033 0.0667 -0.0624 0.9958 Time: 3032036501037
Position: -110.99 -47.47 -1138.71 Orientation: -0.024 0.0765 -0.0562 0.9951 Time: 3032285523967
Position: -114.31 -53.53 -1130.18 Orientation: -0.0179 0.0798 -0.053 0.9952 Time: 3032504519358
Position: -115.01 -52.9 -1119.8 Orientation: -0.023 0.0749 -0.049 0.9957 Time: 3032753550272
Position: -112.39 -42.49 -1102.65 Orientation: -0.0389 0.0793 -0.0482 0.9949 Time: 3033003525036
Position: -114.17 -31.15 -1102.85 Orientation: -0.0474 0.0776 -0.0518 0.9945 Time: 3033253479269
Position: -110.99 -13.5 -1108.93 Orientation: -0.0451 0.0751 -0.0571 0.9945 Time: 3033471494310
Position: -104.2 1.49 -1114.9 Orientation: -0.0343 0.0687 -0.0653 0.9949 Time: 3033721514128
Position: -99.32 20.09 -1125.79 Orientation: -0.0464 0.0574 -0.0655 0.9951 Time: 3034001546088
Position: -90.6 37.73 -1130.6 Orientation: -0.048 0.0533 -0.071 0.9948 Time: 3034282633677
Position: -86.45 48.77 -1138.21 Orientation: -0.0386 0.0452 -0.0688 0.9958 Time: 3034532457311
Position: -86.79 59.74 -1151.99 Orientation: -0.0347 0.037 -0.0705 0.9962 Time: 3034813452511
Position: -85.09 69.72 -1162 Orientation: -0.0345 0.0417 -0.0743 0.9957 Time: 3035031466411
Position: -81.38 79.61 -1174.82 Orientation: -0.039 0.042 -0.0786 0.9952 Time: 3035281498206
Position: -77.44 92.46 -1188.21 Orientation: -0.0461 0.0388 -0.0852 0.9945 Time: 3035530466957
Position: -73.44 110.36 -1197.88 Orientation: -0.0399 0.0418 -0.0987 0.9934 Time: 3035780472518
Position: -68.66 128.89 -1206.9 Orientation: -0.0389 0.0416 -0.1104 0.9922 Time: 3036030403939
Position: -67.18 142.39 -1216.21 Orientation: -0.0304 0.0393 -0.1226 0.9912 Time: 3036248476580
Position: -63.41 159.39 -1221.88 Orientation: -0.021 0.047 -0.1321 0.9898 Time: 3036497452175
Position: -67.61 186.99 -1220.76 Orientation: -0.0166 0.0443 -0.1453 0.9882 Time: 3036794443205
Position: -71.22 197.45 -1207.3 Orientation: -0.0216 0.0471 -0.138 0.989 Time: 3037043445034
Position: -73.66 197.49 -1192.4 Orientation: -0.0209 0.0501 -0.1228 0.9909 Time: 3037293473977
Position: -72.76 185.17 -1175.94 Orientation: -0.0155 0.0615 -0.1046 0.9924 Time: 3037512398650
Position: -77.76 168.15 -1158.48 Orientation: -0.0073 0.0589 -0.0932 0.9938 Time: 3037793430919
Position: -82.99 153.83 -1141.55 Orientation: -0.0056 0.0636 -0.0847 0.9943 Time: 3038011394633
Position: -89.59 142.85 -1134 Orientation: -0.004 0.067 -0.0792 0.9945 Time: 3038260406727
Position: -91.52 132.56 -1125.52 Orientation: -0.0163 0.0756 -0.0766 0.994 Time: 3038480425239
Position: -95.92 115.17 -1115.49 Orientation: -0.0093 0.0739 -0.071 0.9946 Time: 3038729402545
Position: -98.31 102.67 -1104.48 Orientation: -0.0067 0.0761 -0.0652 0.9949 Time: 3038947340596
Position: -102.99 91.39 -1094.45 Orientation: -0.0034 0.0863 -0.062 0.9943 Time: 3039196380635
Position: -111.47 81.32 -1086.25 Orientation: -0.0013 0.0779 -0.06 0.9951 Time: 3039446402734
Position: -119.52 68.34 -1076.79 Orientation: -0.0106 0.0862 -0.061 0.9943 Time: 3039664337933
Position: -127.6 56.79 -1070.38 Orientation: -0.0078 0.0816 -0.058 0.9949 Time: 3039914399383
Position: -137.52 42.46 -1066.12 Orientation: 0.0019 0.0755 -0.0554 0.9955 Time: 3040163335627
Position: -138.88 36.15 -1057.33 Orientation: 0.0003 0.0779 -0.049 0.9957 Time: 3040382322463
Position: -144.93 30.98 -1046.37 Orientation: -0.0175 0.0819 -0.0444 0.9954 Time: 3040631302621
Position: -151.62 19.67 -1041.52 Orientation: -0.0029 0.0693 -0.0366 0.9969 Time: 3040850605404
Position: -154.44 19.45 -1031.25 Orientation: -0.0222 0.0878 -0.0235 0.9956 Time: 3041099332347
Position: -152.28 25.92 -1013.13 Orientation: -0.0474 0.1088 -0.0201 0.9927 Time: 3041349303119
Position: -156.93 36.65 -1005.57 Orientation: -0.0628 0.1057 -0.0316 0.9918 Time: 3041567393440
Position: -158.18 56.43 -1000.54 Orientation: -0.1001 0.0815 -0.0418 0.9907 Time: 3041817343111
Position: -153.44 69.97 -1003.92 Orientation: -0.0895 0.0547 -0.0566 0.9928 Time: 3042067391444
Position: -147.59 80.79 -1009.91 Orientation: -0.079 0.0504 -0.0649 0.9934 Time: 3042285313526
Position: -142.74 97.73 -1017.93 Orientation: -0.0787 0.0448 -0.0738 0.9931 Time: 3042535316235
Position: -138.39 116.3 -1030.57 Orientation: -0.0745 0.0428 -0.0749 0.9934 Time: 3042784324337
Position: -129.14 137.58 -1041.13 Orientation: -0.0732 0.0454 -0.0842 0.9927 Time: 3043003320868
Position: -123.31 154.96 -1054.66 Orientation: -0.0728 0.0397 -0.0878 0.9926 Time: 3043252298174
Position: -119.48 171.65 -1067.4 Orientation: -0.0782 0.041 -0.0837 0.9925 Time: 3043502308867
Position: -121.68 186.78 -1076.4 Orientation: -0.0903 0.0239 -0.0858 0.9919 Time: 3043720292542
Position: -120.16 204.91 -1085.63 Orientation: -0.0895 0.0129 -0.0988 0.9909 Time: 3043970308938
Position: -113.09 214.45 -1089.41 Orientation: -0.0946 0.0129 -0.0947 0.9909 Time: 3044219293087
Position: -109.93 223.03 -1095.54 Orientation: -0.1042 0.0188 -0.0976 0.9895 Time: 3044438278212
Position: -107.47 238.41 -1107.51 Orientation: -0.0978 0.0139 -0.1148 0.9884 Time: 3044687343915
Position: -112.07 262.01 -1121.58 Orientation: -0.116 0.0065 -0.1214 0.9857 Time: 3044906282275
Position: -114.97 282.29 -1130.19 Orientation: -0.1238 0.0033 -0.1263 0.9842 Time: 3045155260151
Position: -112.96 292.02 -1126.52 Orientation: -0.1261 0.0111 -0.1284 0.9835 Time: 3045374288619
Position: -115.1 288.36 -1112.45 Orientation: -0.1329 0.0231 -0.1226 0.9832 Time: 3045623262503
Position: -118.4 273.4 -1093.34 Orientation: -0.126 0.0336 -0.1087 0.9854 Time: 3045873250384
Position: -129.51 252.45 -1076.85 Orientation: -0.1124 0.0299 -0.0976 0.9884 Time: 3046123198344
Position: -141.16 234.35 -1060.32 Orientation: -0.1009 0.0369 -0.0923 0.9899 Time: 3046341229924
Position: -148.54 216.67 -1041.09 Orientation: -0.0935 0.0386 -0.0887 0.9909 Time: 3046591192712
Position: -152.99 203.26 -1029.56 Orientation: -0.0915 0.0419 -0.0824 0.9914 Time: 3046809196917
Position: -157.74 191.21 -1021.66 Orientation: -0.0821 0.0463 -0.0866 0.9917 Time: 3047027215380
Position: -164.53 181.36 -1009.32 Orientation: -0.0951 0.0464 -0.083 0.9908 Time: 3047277227214
Position: -172.97 164.29 -992.97 Orientation: -0.0984 0.0429 -0.0729 0.9915 Time: 3047495213170
Position: -179.52 147.87 -980.32 Orientation: -0.0914 0.0337 -0.073 0.9925 Time: 3047714226810
Position: -180 132.95 -966.29 Orientation: -0.0887 0.0486 -0.0675 0.9925 Time: 3047963176741
Position: -175.58 121.49 -957.35 Orientation: -0.0768 0.0389 -0.0595 0.9944 Time: 3048213201692
Position: -159.76 114.22 -944.24 Orientation: -0.0821 0.0381 -0.0425 0.9949 Time: 3048431189359
Position: -125.25 108.44 -928.37 Orientation: -0.0748 0.0651 -0.0333 0.9945 Time: 3048681295862
Position: -89.66 109.09 -919.52 Orientation: -0.074 0.0749 -0.0218 0.9941 Time: 3048931219299
Position: -54.53 111.25 -910.92 Orientation: -0.0772 0.1021 -0.0182 0.9916 Time: 3049149164764
Position: -27.9 118.84 -908.15 Orientation: -0.0758 0.1124 -0.0225 0.9905 Time: 3049399227925
Position: -8.45 130.83 -911.86 Orientation: -0.0715 0.1211 -0.0334 0.9894 Time: 3049617167116
Position: 6.99 145.81 -920.63 Orientation: -0.0805 0.1213 -0.0413 0.9884 Time: 3049867125341
Position: 15.14 159.74 -939.25 Orientation: -0.073 0.1155 -0.0446 0.9895 Time: 3050085127836
Position: 16.66 171.44 -955.77 Orientation: -0.0767 0.1132 -0.0485 0.9894 Time: 3050335129974
Position: 19.64 189 -977.58 Orientation: -0.0806 0.1109 -0.0616 0.9886 Time: 3050553164406
Position: 23.46 204.3 -997.89 Orientation: -0.0802 0.1127 -0.0742 0.9875 Time: 3050803209317
Position: 26.23 219.98 -1015.44 Orientation: -0.0845 0.1104 -0.0891 0.9862 Time: 3051052155827
Position: 28.96 232.81 -1028.9 Orientation: -0.0902 0.1125 -0.0966 0.9848 Time: 3051271140951
Position: 30.01 251.89 -1046.99 Orientation: -0.1018 0.107 -0.1138 0.9824 Time: 3051520128523
Position: 27.84 266.73 -1066.12 Orientation: -0.1155 0.0983 -0.1271 0.9802 Time: 3051739160412
Position: 24.61 266.96 -1079.82 Orientation: -0.1095 0.0869 -0.1414 0.98 Time: 3051988152546
Position: 21.14 254 -1085.32 Orientation: -0.0971 0.076 -0.1436 0.9819 Time: 3052207123984
Position: 19.44 232.81 -1080.69 Orientation: -0.0805 0.0802 -0.1317 0.9847 Time: 3052456075056
Position: 15.62 217.92 -1076.77 Orientation: -0.0712 0.0875 -0.1176 0.9866 Time: 3052675177093
Position: -1.83 191.88 -1070.18 Orientation: -0.0599 0.0751 -0.1052 0.9897 Time: 3052924101931
Position: -15.32 167.22 -1058.78 Orientation: -0.0475 0.0745 -0.0927 0.9917 Time: 3053143132109
Position: -29.51 145.79 -1045.53 Orientation: -0.0325 0.0679 -0.0879 0.9932 Time: 3053392071775
Position: -33.62 130.19 -1033.14 Orientation: -0.0276 0.0724 -0.0824 0.9935 Time: 3053611140164
Position: -38.85 112.09 -1019.81 Orientation: -0.0312 0.0786 -0.0659 0.9942 Time: 3053860097510
Position: -52.35 92.99 -1011.56 Orientation: -0.0245 0.075 -0.0609 0.995 Time: 3054110057446
Position: -64.74 73.16 -1002.39 Orientation: -0.0129 0.0758 -0.0581 0.9953 Time: 3054329097890
Position: -78.49 52.96 -988.88 Orientation: -0.0121 0.0775 -0.0465 0.9958 Time: 3054579067522
Position: -86.57 36.18 -976.5 Orientation: -0.0099 0.074 -0.0395 0.9964 Time: 3054827051361
Position: -92.63 20.1 -970.12 Orientation: -0.0309 0.0889 -0.024 0.9952 Time: 3055046068993
Position: -96.18 4.51 -973.25 Orientation: -0.0265 0.0942 -0.0108 0.9951 Time: 3055295058276
Position: -97.1 -4.28 -986.53 Orientation: -0.0178 0.0927 0 0.9955 Time: 3055545073531
Position: -93.79 -9.43 -1000.98 Orientation: -0.0002 0.0858 0.002 0.9963 Time: 3055763013293
Position: -89 -6.52 -1024.6 Orientation: 0.0201 0.0719 0.0003 0.9972 Time: 3056013013150
Position: -75.62 3.96 -1036.86 Orientation: 0.012 0.0701 -0.006 0.9974 Time: 3056231020777
Position: -64.66 17.5 -1047.12 Orientation: 0.0065 0.0728 -0.0081 0.9972 Time: 3056481077665
Position: -56.78 26.23 -1057.11 Orientation: 0.0056 0.0666 -0.013 0.9976 Time: 3056699034535
Position: -50.64 39.46 -1073.43 Orientation: 0.0057 0.077 -0.0221 0.9967 Time: 3056918043613
Position: -43.45 55.85 -1093.14 Orientation: -0.011 0.0783 -0.0257 0.9965 Time: 3057167071676
Position: -34.71 74.66 -1111.41 Orientation: -0.0198 0.0899 -0.0301 0.9952 Time: 3057417089212
Position: -30.31 93.32 -1127.53 Orientation: -0.0284 0.0872 -0.0366 0.9951 Time: 3057635013576
Position: -30.78 107.68 -1146.55 Orientation: -0.0317 0.0731 -0.0435 0.9958 Time: 3057885019136
Position: -28.04 115.6 -1156.78 Orientation: -0.0334 0.0739 -0.0504 0.9954 Time: 3058103018209
Position: -18.67 129.82 -1170.44 Orientation: -0.0352 0.0808 -0.0595 0.9943 Time: 3058352951341
Position: -11.5 141.35 -1180.96 Orientation: -0.0375 0.0832 -0.0664 0.9936 Time: 3058570995467
Position: -5.23 152.21 -1195.28 Orientation: -0.0434 0.0753 -0.0747 0.9934 Time: 3058820968521
Position: 2.45 159.07 -1207.45 Orientation: -0.0396 0.0661 -0.089 0.993 Time: 3059038965312
Position: 12.87 151.04 -1218.99 Orientation: -0.0239 0.0342 -0.0593 0.9973 Time: 3059288958896
Position: 19.22 130.65 -1222.57 Orientation: -0.0007 0.0258 -0.0501 0.9984 Time: 3059506957399
Position: 29.8 97.02 -1214.35 Orientation: 0.0191 0.0374 -0.0241 0.9988 Time: 3059756964670
Position: 28.29 66.59 -1201.39 Orientation: 0.0415 0.0451 -0.0079 0.998 Time: 3059974954618
Position: 15.52 48.89 -1189.63 Orientation: 0.0498 0.047 -0.005 0.9976 Time: 3060224988693
Position: 2.39 28.06 -1176.5 Orientation: 0.0406 0.0567 0.0001 0.9975 Time: 3060474912130
Position: -3.1 11.14 -1166.52 Orientation: 0.0538 0.0626 0.0037 0.9965 Time: 3060692996748
Position: -15.97 -7.22 -1157.8 Orientation: 0.0635 0.058 0.0061 0.9962 Time: 3060942949271
Position: -26.74 -19.72 -1152.18 Orientation: 0.0674 0.0596 0.0066 0.9959 Time: 3061160942640
Position: -37.15 -36.91 -1140.79 Orientation: 0.0575 0.0812 0.0025 0.995 Time: 3061410928810
Position: -50.69 -51.35 -1124.67 Orientation: 0.0541 0.0796 -0.0106 0.9952 Time: 3061659919233
Position: -57.01 -63.35 -1107.93 Orientation: 0.0336 0.0713 -0.0026 0.9968 Time: 3061878936295
Position: -60.66 -71.42 -1095.34 Orientation: 0.0146 0.0805 -0.0066 0.9966 Time: 3062096898298
Position: -67.53 -87.34 -1086.67 Orientation: 0.0309 0.094 0.0001 0.995 Time: 3062346915265
Position: -66.82 -99.99 -1077.06 Orientation: 0.0216 0.1033 0.0249 0.994 Time: 3062595914812
Position: -65.02 -108.86 -1075.41 Orientation: -0.0253 0.1099 0.0449 0.9925 Time: 3062814892523
Position: -61.19 -123.05 -1089.53 Orientation: -0.0482 0.122 0.0559 0.9897 Time: 3063063948531
Position: -59.07 -134.37 -1109.24 Orientation: -0.0156 0.1071 0.0455 0.993 Time: 3063313928998
Position: -55.57 -133.77 -1126.47 Orientation: 0.0213 0.0822 0.0297 0.9959 Time: 3063531870470
Position: -50.76 -123.09 -1140.61 Orientation: 0.0429 0.0663 0.0175 0.9967 Time: 3063781872609
Position: -41.76 -112.16 -1148.75 Orientation: 0.018 0.07 0.0224 0.9971 Time: 3063999949243
Position: -33.26 -100.16 -1167.33 Orientation: 0.051 0.0659 0.0067 0.9964 Time: 3064249902335
Position: -27.79 -90.47 -1184.58 Orientation: 0.0849 0.0648 -0.0083 0.9942 Time: 3064467920798
Position: -9.28 -75.91 -1200.93 Orientation: 0.1206 0.0665 -0.0317 0.9899 Time: 3064717832259
Position: 6.16 -53.5 -1218.61 Orientation: 0.1197 0.0582 -0.0438 0.9901 Time: 3064935846159
Position: 16.21 -36.72 -1237.47 Orientation: 0.1279 0.0622 -0.0578 0.9881 Time: 3065185822634
Position: 22.53 -28.52 -1252.04 Orientation: 0.1266 0.0518 -0.0587 0.9888 Time: 3065403893565
Position: 30.36 -19.46 -1271.72 Orientation: 0.1361 0.0443 -0.0712 0.9871 Time: 3065653931633
Position: 38.01 -9.26 -1293.76 Orientation: 0.1309 0.0311 -0.0842 0.9873 Time: 3065871845731
Position: 45.37 -16.77 -1318.18 Orientation: 0.1462 0.0246 -0.0756 0.986 Time: 3066121891212
Position: 44.02 -30.76 -1332.85 Orientation: 0.1595 0.04 -0.0514 0.985 Time: 3066339875457
Position: 38.38 -54.24 -1333.85 Orientation: 0.181 0.0145 -0.0422 0.9824 Time: 3066589912954
Position: 30.12 -90.37 -1324.06 Orientation: 0.2052 0.0157 -0.0276 0.9781 Time: 3066838808707
Position: 21.67 -126.1 -1304.6 Orientation: 0.2233 0.0215 -0.0237 0.9742 Time: 3067057817214
Position: 12.48 -153.8 -1271.02 Orientation: 0.2231 0.0196 -0.0183 0.9744 Time: 3067306782544
Position: -1.17 -166.91 -1247.37 Orientation: 0.2182 0.0183 -0.0168 0.9755 Time: 3067525800746
Position: -10.98 -177.68 -1231.36 Orientation: 0.2048 0.0188 -0.0079 0.9785 Time: 3067775799463
Position: -17.28 -188.07 -1219.66 Orientation: 0.1949 0.0297 0.0082 0.9803 Time: 3067993820207
Position: -21.23 -197.18 -1203.99 Orientation: 0.1807 0.0413 0.0352 0.982 Time: 3068243822346
Position: -23.71 -199.69 -1179.11 Orientation: 0.1441 0.0538 0.0447 0.987 Time: 3068493862695
Position: -27.96 -181.65 -1139.99 Orientation: 0.1158 0.0558 0.0469 0.9905 Time: 3068773859866
Position: -26.99 -153.25 -1107.91 Orientation: 0.0928 0.0663 0.0328 0.9929 Time: 3069022800673
Position: -28.56 -118.36 -1073.47 Orientation: 0.0598 0.0716 0.023 0.9953 Time: 3069334810035
Position: -34.14 -94.47 -1056.05 Orientation: 0.0474 0.0727 0.0145 0.9961 Time: 3069553742692
Position: -41.41 -62.68 -1031.82 Orientation: 0.0262 0.0687 0.0029 0.9972 Time: 3069803739698
Position: -54.75 -30.09 -1009.31 Orientation: 0.0128 0.0617 -0.0114 0.9979 Time: 3070052766050
Position: -63 3.62 -982.37 Orientation: 0.0041 0.074 -0.0198 0.997 Time: 3070271767713
Position: -79.76 43.33 -962.25 Orientation: -0.0067 0.0665 -0.0308 0.9972 Time: 3070521784680
Position: -85.96 90.77 -937.21 Orientation: -0.0259 0.0805 -0.0307 0.9959 Time: 3070832762366
Position: -80.7 127.68 -920.13 Orientation: -0.0361 0.0866 -0.0399 0.9947 Time: 3071082724013
Position: -74.35 171.45 -917.76 Orientation: -0.0502 0.0754 -0.0496 0.9946 Time: 3071331811387
Position: -62.79 200.5 -925.5 Orientation: -0.0484 0.0673 -0.0678 0.9942 Time: 3071550762294
Position: -47.77 217.23 -954.16 Orientation: -0.0284 0.0558 -0.1008 0.9929 Time: 3071862754547
Position: -41.93 220.79 -978.14 Orientation: -0.0228 0.0491 -0.1052 0.9929 Time: 3072080771299
Position: -25.91 211.4 -1002.65 Orientation: -0.004 0.056 -0.1088 0.9924 Time: 3072330724962
Position: -7.41 194.12 -1024.53 Orientation: 0.0089 0.0627 -0.0951 0.9934 Time: 3072579761009
Position: 12.29 148.74 -1062.67 Orientation: 0.0465 0.0683 -0.0766 0.9936 Time: 3072923708422
Position: 21.5 109.64 -1097.13 Orientation: 0.0779 0.0672 -0.0586 0.9929 Time: 3073234747701
Position: 31.45 79.44 -1121.87 Orientation: 0.1003 0.071 -0.0366 0.9917 Time: 3073515782251
Position: 39.58 50.34 -1144.81 Orientation: 0.1226 0.0774 -0.0168 0.9892 Time: 3073828754853
Position: 43.5 15.85 -1169.64 Orientation: 0.1537 0.0668 0.0075 0.9858 Time: 3074108722369
Position: 49.3 -21.25 -1200.78 Orientation: 0.185 0.0588 0.0258 0.9806 Time: 3074389729545
Position: 53.57 -53.56 -1226.71 Orientation: 0.2088 0.0613 0.0478 0.9748 Time: 3074638730234
Position: 49.12 -84.62 -1257.04 Orientation: 0.2266 0.071 0.0682 0.9689 Time: 3074857660609
