Position: 11.33 -98.92 -1409.36 Orientation: 0.0568 0.1039 -0.0031 0.9929 Time: 2580167517652
Position: 11.56 -99.88 -1406.11 Orientation: 0.0558 0.105 -0.0018 0.9928 Time: 2580386502206
Position: 17.5 -102.43 -1400.63 Orientation: 0.0502 0.114 -0.0021 0.9921 Time: 2580604557169
Position: 18.73 -101.84 -1399.44 Orientation: 0.0487 0.1173 -0.0014 0.9918 Time: 2580791616218
Position: 17.93 -100.95 -1403.2 Orientation: 0.0476 0.1103 0.0025 0.9927 Time: 2581010514087
Position: 19.23 -102.83 -1405.41 Orientation: 0.0486 0.1107 0.0039 0.9926 Time: 2581228510308
Position: 22.24 -104.37 -1403.63 Orientation: 0.0478 0.1128 0.0094 0.9924 Time: 2581415519741
Position: 22.86 -104.43 -1402.2 Orientation: 0.0456 0.1115 0.0081 0.9926 Time: 2581665502490
Position: 22.82 -105.07 -1402.74 Orientation: 0.0427 0.1114 0.0101 0.9928 Time: 2581852474853
Position: 21.94 -105.54 -1402.18 Orientation: 0.0441 0.1059 0.0075 0.9933 Time: 2582070618213
Position: 23.05 -101.62 -1396.25 Orientation: 0.0432 0.1065 0.0058 0.9933 Time: 2582258468271
Position: 24.58 -93.52 -1386.47 Orientation: 0.043 0.1011 0 0.9939 Time: 2582476521522
Position: 32.81 -78.92 -1365.32 Orientation: 0.0345 0.1062 -0.0098 0.9936 Time: 2582694497783
Position: 34.41 -69.97 -1352.41 Orientation: 0.0303 0.1043 -0.0162 0.9939 Time: 2582913441276
Position: 30.26 -52.52 -1340.65 Orientation: 0.0197 0.0995 -0.0281 0.9944 Time: 2583162446527
Position: 29.78 -34.68 -1323.3 Orientation: -0.0005 0.0981 -0.0347 0.9945 Time: 2583412442392
Position: 28.8 -16.79 -1306.01 Orientation: -0.0182 0.0956 -0.043 0.9943 Time: 2583630445457
Position: 26.27 7.36 -1285.52 Orientation: -0.0518 0.1002 -0.0591 0.9918 Time: 2583849471073
Position: 26.24 25.47 -1271.23 Orientation: -0.063 0.0922 -0.0743 0.9909 Time: 2584067438209
Position: 29.52 41.67 -1259.85 Orientation: -0.0632 0.1038 -0.0763 0.9896 Time: 2584286401662
Position: 28.96 72.14 -1239.1 Orientation: -0.0827 0.1002 -0.0829 0.988 Time: 2584504502819
Position: 18.75 95.67 -1226.98 Orientation: -0.1031 0.0861 -0.0954 0.9863 Time: 2584722384409
Position: 9.15 117 -1214.89 Orientation: -0.1206 0.0823 -0.103 0.9839 Time: 2584941460782
Position: 1.6 129.98 -1205.82 Orientation: -0.1261 0.0765 -0.1086 0.983 Time: 2585190449494
Position: -6.07 146.08 -1195.03 Orientation: -0.1362 0.0685 -0.1169 0.9813 Time: 2585409408956
Position: -8.36 159.33 -1186.92 Orientation: -0.1445 0.067 -0.1232 0.9794 Time: 2585627380084
Position: -12.77 177.27 -1178.12 Orientation: -0.1563 0.0681 -0.1293 0.9768 Time: 2585846436496
Position: -17.32 196.6 -1169.39 Orientation: -0.175 0.061 -0.1353 0.9733 Time: 2586064472068
Position: -22.09 220.95 -1158.51 Orientation: -0.1979 0.0599 -0.1402 0.9682 Time: 2586283404155
Position: -29.04 245.59 -1148.98 Orientation: -0.2113 0.0511 -0.1526 0.964 Time: 2586502385288
Position: -38.46 268.19 -1140.6 Orientation: -0.2232 0.0411 -0.1697 0.9589 Time: 2586750381104
Position: -48.4 283.05 -1131.59 Orientation: -0.2254 0.0268 -0.1804 0.957 Time: 2586969393603
Position: -56.7 299 -1122.33 Orientation: -0.2368 0.0257 -0.1865 0.9531 Time: 2587187390395
Position: -63.35 316.69 -1107.35 Orientation: -0.246 0.0243 -0.1957 0.9489 Time: 2587406422854
Position: -70.02 329.43 -1094.08 Orientation: -0.2542 0.025 -0.2021 0.9454 Time: 2587624367748
Position: -79.9 338.04 -1078.15 Orientation: -0.2444 0.0321 -0.2091 0.9462 Time: 2587842374805
Position: -92.82 337 -1070.13 Orientation: -0.2343 0.0284 -0.2002 0.9508 Time: 2588061369625
Position: -101.58 328.8 -1062.85 Orientation: -0.2154 0.0441 -0.1881 0.9571 Time: 2588279347027
Position: -109.87 326.18 -1054.61 Orientation: -0.2187 0.0564 -0.1786 0.9576 Time: 2588498353823
Position: -115.65 318.73 -1051.25 Orientation: -0.2293 0.0717 -0.1646 0.9566 Time: 2588716331224
Position: -123.69 311.39 -1049.2 Orientation: -0.2339 0.0753 -0.1668 0.9548 Time: 2588903362329
Position: -126.25 301.68 -1045.29 Orientation: -0.2264 0.0762 -0.1644 0.957 Time: 2589122344602
Position: -125.43 284.75 -1047.15 Orientation: -0.2254 0.0785 -0.1511 0.9592 Time: 2589340430361
Position: -127.19 269.89 -1054.2 Orientation: -0.21 0.0737 -0.1487 0.9634 Time: 2589558332482
Position: -126.11 250.55 -1062 Orientation: -0.1906 0.066 -0.1428 0.9689 Time: 2589808308387
Position: -125.03 233.5 -1070.34 Orientation: -0.1727 0.06 -0.138 0.9733 Time: 2590026321147
Position: -122.95 217.88 -1079.45 Orientation: -0.1656 0.0563 -0.1301 0.9759 Time: 2590245297147
Position: -122.61 209.52 -1084.75 Orientation: -0.1608 0.0511 -0.1274 0.9773 Time: 2590432354486
Position: -119.42 191.58 -1094.82 Orientation: -0.1507 0.0545 -0.1192 0.9798 Time: 2590650380362
Position: -115.5 177.78 -1101.39 Orientation: -0.1378 0.057 -0.1128 0.9823 Time: 2590869326707
Position: -112.66 161.73 -1113.07 Orientation: -0.129 0.0531 -0.1032 0.9848 Time: 2591087275022
Position: -109.85 148.01 -1123.41 Orientation: -0.1158 0.0513 -0.0966 0.9872 Time: 2591306374778
Position: -106.05 129.61 -1134.63 Orientation: -0.0988 0.049 -0.0881 0.9899 Time: 2591524274048
Position: -102.47 108.62 -1150.3 Orientation: -0.0833 0.0517 -0.0776 0.9921 Time: 2591742311901
Position: -101.66 96.55 -1160.83 Orientation: -0.0703 0.0447 -0.0746 0.9937 Time: 2591961259386
Position: -98.57 83.12 -1170.8 Orientation: -0.0578 0.0404 -0.0691 0.9951 Time: 2592179284693
Position: -95.91 67.12 -1184.6 Orientation: -0.0432 0.038 -0.0612 0.9964 Time: 2592367285881
Position: -94.16 52.94 -1200.82 Orientation: -0.0328 0.0379 -0.0533 0.9973 Time: 2592585278680
Position: -92.68 44.44 -1208.95 Orientation: -0.025 0.0384 -0.0496 0.9977 Time: 2592803293151
Position: -90.69 34.54 -1217.3 Orientation: -0.0127 0.0426 -0.0471 0.9978 Time: 2593022273714
Position: -86.5 17.19 -1233.69 Orientation: 0.0033 0.0471 -0.0381 0.9981 Time: 2593240287614
Position: -82.22 3.91 -1247.28 Orientation: 0.0087 0.0466 -0.0317 0.9983 Time: 2593458261594
Position: -76.05 -9.69 -1261.41 Orientation: 0.0138 0.0466 -0.0243 0.9985 Time: 2593677252421
Position: -70.32 -26.11 -1281.07 Orientation: 0.0269 0.0414 -0.0191 0.9985 Time: 2593895260049
Position: -66.39 -40.31 -1298.62 Orientation: 0.0423 0.0452 -0.0152 0.9979 Time: 2594114242322
Position: -62.28 -60.42 -1323.05 Orientation: 0.0566 0.0562 -0.0066 0.9967 Time: 2594332282456
Position: -58.8 -79.09 -1342.78 Orientation: 0.0742 0.0525 -0.0072 0.9958 Time: 2594550264990
Position: -55.38 -94.98 -1359.41 Orientation: 0.084 0.0545 -0.0033 0.9949 Time: 2594769215327
Position: -50.82 -114.24 -1382.01 Orientation: 0.096 0.0506 0.0056 0.994 Time: 2594987208126
Position: -48.37 -128.85 -1394.69 Orientation: 0.1017 0.0444 0.0122 0.9937 Time: 2595206314725
Position: -48.95 -139.62 -1403.55 Orientation: 0.1063 0.0463 0.0163 0.9931 Time: 2595424211714
Position: -49.84 -151.68 -1401.9 Orientation: 0.1117 0.0389 0.0255 0.9926 Time: 2595642193677
Position: -52.78 -158.14 -1394.06 Orientation: 0.0957 0.0381 0.0313 0.9941 Time: 2595861256934
Position: -57.69 -166.88 -1384.94 Orientation: 0.0819 0.034 0.0344 0.9954 Time: 2596079214374
Position: -61.54 -170.98 -1373.3 Orientation: 0.0695 0.0379 0.0354 0.9962 Time: 2596298185812
Position: -67.58 -170.61 -1362.77 Orientation: 0.0605 0.0441 0.0315 0.9966 Time: 2596516192869
Position: -74.13 -166.95 -1347.09 Orientation: 0.0525 0.0421 0.0229 0.9974 Time: 2596735166017
Position: -78.01 -160.2 -1335.21 Orientation: 0.0429 0.0471 0.0174 0.9978 Time: 2596953228393
Position: -79.18 -153.31 -1319.72 Orientation: 0.0353 0.0497 0.0134 0.998 Time: 2597171174428
Position: -84.88 -138.69 -1301.36 Orientation: 0.0164 0.0705 0.0126 0.9972 Time: 2597359181320
Position: -91.56 -123.7 -1283.47 Orientation: 0.0148 0.043 -0.0069 0.9989 Time: 2597577165564
Position: -96.28 -108.85 -1266.74 Orientation: 0.0021 0.044 -0.0128 0.9989 Time: 2597795195433
Position: -94.73 -102.94 -1258.48 Orientation: 0.0022 0.0468 -0.0136 0.9988 Time: 2598014206792
Position: -97.41 -90.67 -1246.03 Orientation: -0.0084 0.0412 -0.0193 0.9989 Time: 2598232204724
Position: -102.02 -74.76 -1232.28 Orientation: -0.0241 0.0387 -0.0252 0.9986 Time: 2598450148478
Position: -103.21 -60.7 -1216.56 Orientation: -0.0396 0.0381 -0.0296 0.998 Time: 2598669169531
Position: -106.82 -42.35 -1199.8 Orientation: -0.0604 0.0327 -0.0354 0.997 Time: 2598887166893
Position: -112.93 -26.48 -1189.41 Orientation: -0.0773 0.0311 -0.0402 0.9957 Time: 2599106202775
Position: -117.3 -8.35 -1175.09 Orientation: -0.0988 0.0282 -0.0471 0.9935 Time: 2599324157934
Position: -120.75 10.59 -1158.52 Orientation: -0.1109 0.0253 -0.0566 0.9918 Time: 2599542155296
Position: -126.32 24.16 -1150.77 Orientation: -0.1137 0.0249 -0.067 0.9909 Time: 2599761158671
Position: -132.89 47.88 -1137.67 Orientation: -0.1322 0.0285 -0.0779 0.9877 Time: 2599979099573
Position: -136.25 67.02 -1124.74 Orientation: -0.1461 0.0354 -0.0844 0.985 Time: 2600229127945
Position: -137.02 76.65 -1116.75 Orientation: -0.1559 0.0366 -0.0862 0.9833 Time: 2600447137283
Position: -137.8 87.43 -1107.28 Orientation: -0.1602 0.0375 -0.0904 0.9821 Time: 2600666144079
Position: -142.9 102.54 -1098.35 Orientation: -0.1701 0.0387 -0.0976 0.9797 Time: 2600853080514
Position: -145.53 117.58 -1087.26 Orientation: -0.1805 0.0382 -0.1032 0.9773 Time: 2601071119508
Position: -146.61 133.54 -1073.43 Orientation: -0.186 0.0427 -0.1068 0.9757 Time: 2601290113758
Position: -149.43 145.78 -1064.06 Orientation: -0.1737 0.0403 -0.1147 0.9772 Time: 2601508072909
Position: -151.95 162.89 -1050.76 Orientation: -0.1748 0.0404 -0.1198 0.9764 Time: 2601727089401
Position: -155.25 176.87 -1042.43 Orientation: -0.1807 0.0421 -0.1243 0.9747 Time: 2601945089044
Position: -158.27 191.58 -1034.27 Orientation: -0.1825 0.0395 -0.1328 0.9733 Time: 2602163095530
Position: -163.83 206.41 -1025.74 Orientation: -0.1782 0.0309 -0.1413 0.9732 Time: 2602382198137
Position: -165.97 214.91 -1017.68 Orientation: -0.1684 0.0294 -0.1482 0.974 Time: 2602600087712
Position: -171.85 223.33 -1008.91 Orientation: -0.1536 0.0168 -0.1574 0.9753 Time: 2602818101612
Position: -179.06 234.77 -995.29 Orientation: -0.1548 0.0176 -0.1623 0.9743 Time: 2603037037121
Position: -185.91 238.39 -985.58 Orientation: -0.1509 0.0149 -0.1655 0.9744 Time: 2603255042467
Position: -193.3 239.09 -973.64 Orientation: -0.1463 0.0163 -0.1691 0.9745 Time: 2603474086333
Position: -197.05 237.79 -965.44 Orientation: -0.1458 0.019 -0.1691 0.9745 Time: 2603692103085
Position: -204.32 233.1 -960.71 Orientation: -0.1482 0.0177 -0.167 0.9745 Time: 2603911023195
Position: -209.02 222.6 -957.69 Orientation: -0.1482 0.0341 -0.1635 0.9747 Time: 2604129063330
Position: -212.81 215.95 -951.28 Orientation: -0.141 0.04 -0.166 0.9751 Time: 2604347027614
Position: -214.07 209.48 -944.61 Orientation: -0.1443 0.0475 -0.1603 0.9752 Time: 2604565999622
Position: -215.94 194.82 -942.15 Orientation: -0.1392 0.0531 -0.1504 0.9773 Time: 2604753066656
Position: -217.99 178.3 -946.76 Orientation: -0.1293 0.0531 -0.1417 0.9799 Time: 2605002030275
Position: -217.71 161.26 -953.03 Orientation: -0.1204 0.0517 -0.1344 0.9822 Time: 2605221038211
Position: -216.25 145.75 -959.45 Orientation: -0.1082 0.046 -0.1276 0.9848 Time: 2605408109237
Position: -214.48 121.14 -971.15 Orientation: -0.0968 0.0388 -0.1162 0.9877 Time: 2605626080936
Position: -212.16 100.92 -985.3 Orientation: -0.0823 0.0299 -0.1122 0.9898 Time: 2605845027850
Position: -211.77 80.55 -1002.99 Orientation: -0.0779 0.0309 -0.1047 0.9909 Time: 2606063025212
Position: -202.41 61.03 -1017.36 Orientation: -0.0713 0.0348 -0.0939 0.9924 Time: 2606282025165
Position: -196.25 40.69 -1034.53 Orientation: -0.0573 0.0309 -0.0834 0.9943 Time: 2606499980324
Position: -187.71 16.92 -1053.84 Orientation: -0.0508 0.0271 -0.0647 0.9962 Time: 2606718944918
Position: -180.54 -4.45 -1069.47 Orientation: -0.0396 0.0284 -0.0528 0.9974 Time: 2606937010146
Position: -175.2 -25.03 -1087.26 Orientation: -0.0266 0.0282 -0.0448 0.9982 Time: 2607154978422
Position: -168.95 -45.14 -1107.66 Orientation: -0.0082 0.0296 -0.0393 0.9987 Time: 2607342036901
Position: -163.96 -70.2 -1130.76 Orientation: 0.0161 0.033 -0.0337 0.9987 Time: 2607560977543
Position: -152.21 -99.69 -1154.39 Orientation: 0.0341 0.0393 -0.0226 0.9983 Time: 2607778973764
Position: -145.5 -117.22 -1169.16 Orientation: 0.0482 0.043 -0.0204 0.9976 Time: 2607997928092
Position: -140.06 -136.87 -1187.72 Orientation: 0.0617 0.0453 -0.0135 0.9969 Time: 2608215981914
Position: -134.96 -153.58 -1203.26 Orientation: 0.0729 0.0506 -0.0066 0.996 Time: 2608434957914
Position: -129.87 -169.38 -1220.18 Orientation: 0.0935 0.0545 -0.0065 0.9941 Time: 2608652970674
Position: -123.82 -186.42 -1245.67 Orientation: 0.1039 0.0534 -0.0044 0.9931 Time: 2608870986856
Position: -120.58 -198.89 -1259.69 Orientation: 0.1102 0.0456 0.0019 0.9928 Time: 2609057952946
Position: -117.63 -220.07 -1272.07 Orientation: 0.1165 0.047 0.013 0.9919 Time: 2609276995101
Position: -120.76 -235.39 -1270.23 Orientation: 0.1162 0.0459 0.0177 0.9919 Time: 2609494967940
Position: -125.79 -246.13 -1258.12 Orientation: 0.1176 0.0371 0.0134 0.9922 Time: 2609713925690
Position: -133.72 -243.05 -1234.58 Orientation: 0.0933 0.0386 0.009 0.9948 Time: 2609931893967
Position: -141.37 -228.95 -1212.34 Orientation: 0.0795 0.0415 -0.0011 0.9959 Time: 2610149946077
Position: -148.53 -189.99 -1176.56 Orientation: 0.0551 0.062 -0.0164 0.9964 Time: 2610368926070
Position: -155.28 -162.35 -1151.6 Orientation: 0.0373 0.0652 -0.0285 0.9967 Time: 2610586925142
Position: -162.93 -136.18 -1127.1 Orientation: 0.0241 0.0618 -0.0411 0.9969 Time: 2610805917111
Position: -172.26 -98.84 -1096.18 Orientation: 0.0109 0.0575 -0.0554 0.9967 Time: 2611023905348
Position: -174.78 -74.66 -1074.03 Orientation: -0.0049 0.0597 -0.0611 0.9963 Time: 2611241907842
Position: -179.29 -51.1 -1057.87 Orientation: -0.011 0.0565 -0.0715 0.9957 Time: 2611460842210
Position: -186.06 -11.95 -1033.12 Orientation: -0.0262 0.064 -0.0889 0.9936 Time: 2611678904586
Position: -188.75 18.56 -1011.99 Orientation: -0.0358 0.0692 -0.102 0.9917 Time: 2611897917656
Position: -190.36 45.77 -995.22 Orientation: -0.0372 0.0675 -0.1024 0.9917 Time: 2612115885932
Position: -192.38 66.29 -982.81 Orientation: -0.0393 0.0643 -0.1091 0.9911 Time: 2612334897861
Position: -193.01 87.95 -968.97 Orientation: -0.0467 0.0658 -0.116 0.9899 Time: 2612552846177
Position: -182.57 115.36 -950.45 Orientation: -0.0578 0.0675 -0.1169 0.9891 Time: 2612770873765
Position: -170.45 125.83 -940.54 Orientation: -0.0629 0.0716 -0.1118 0.9891 Time: 2612958909742
Position: -147.54 133.47 -927.9 Orientation: -0.0475 0.0723 -0.1098 0.9901 Time: 2613176870604
Position: -126.64 138.37 -918.75 Orientation: -0.0441 0.0834 -0.1072 0.9897 Time: 2613394837170
Position: -107.04 138.78 -910.21 Orientation: -0.0369 0.0871 -0.1035 0.9901 Time: 2613613836552
Position: -92.23 137.05 -905.81 Orientation: -0.0267 0.0934 -0.1021 0.99 Time: 2613831873265
Position: -78.32 135.58 -901.35 Orientation: -0.016 0.096 -0.1021 0.9899 Time: 2614049923094
Position: -60.24 129.76 -900.52 Orientation: -0.0093 0.1024 -0.0989 0.9897 Time: 2614268828377
Position: -52.19 115.76 -905.95 Orientation: 0.001 0.1028 -0.0911 0.9905 Time: 2614486850262
Position: -49.44 100.32 -915.35 Orientation: 0.0107 0.101 -0.0827 0.9913 Time: 2614705836527
Position: -45.85 80.86 -926.6 Orientation: 0.0252 0.0941 -0.0756 0.9923 Time: 2614892876186
Position: -35.45 54.74 -938.85 Orientation: 0.0431 0.0991 -0.0647 0.992 Time: 2615110860431
Position: -32.5 34.1 -950.32 Orientation: 0.0607 0.0992 -0.0588 0.9914 Time: 2615329888329
Position: -31.5 16.54 -963.46 Orientation: 0.0659 0.0986 -0.0483 0.9917 Time: 2615547797864
Position: -29.91 -9.86 -980.86 Orientation: 0.0803 0.0978 -0.0358 0.9913 Time: 2615766832035
Position: -29.4 -27.24 -991.78 Orientation: 0.0885 0.0936 -0.0247 0.9913 Time: 2615984783772
Position: -27.94 -41.51 -1002.33 Orientation: 0.0942 0.0934 -0.0145 0.991 Time: 2616202841016
Position: -26.33 -64.26 -1018.9 Orientation: 0.1055 0.0892 -0.0006 0.9903 Time: 2616421802758
Position: -30.51 -90.21 -1039.95 Orientation: 0.1318 0.0831 0.0031 0.9877 Time: 2616608804207
Position: -29.93 -112.75 -1057.99 Orientation: 0.1439 0.0775 0.0141 0.9864 Time: 2616826796436
Position: -26.61 -135.61 -1073.52 Orientation: 0.1552 0.0702 0.0265 0.985 Time: 2617045794678
Position: -26.62 -160.06 -1092.16 Orientation: 0.1648 0.0668 0.0417 0.9831 Time: 2617263792610
Position: -25.49 -175.15 -1105.22 Orientation: 0.1621 0.0629 0.055 0.9832 Time: 2617481781988
Position: -19.35 -193.24 -1120.12 Orientation: 0.1703 0.0598 0.068 0.9812 Time: 2617700792206
Position: -7.36 -210.82 -1139.16 Orientation: 0.1753 0.0564 0.0857 0.9791 Time: 2617918753639
Position: 7.69 -220.25 -1151.04 Orientation: 0.1814 0.0584 0.0997 0.9765 Time: 2618137804348
Position: 30.61 -229.52 -1164.65 Orientation: 0.2044 0.049 0.1202 0.9702 Time: 2618355894669
Position: 46.96 -234.66 -1183.62 Orientation: 0.2458 0.0458 0.1207 0.9606 Time: 2618574754898
Position: 61.93 -229.68 -1196.13 Orientation: 0.259 0.0214 0.1246 0.9575 Time: 2618792777353
Position: 71.42 -213.49 -1200.33 Orientation: 0.2535 0.0295 0.1129 0.9602 Time: 2619010746770
Position: 75.21 -194.44 -1195.31 Orientation: 0.2453 0.0356 0.1069 0.9628 Time: 2619229757558
Position: 73.63 -176.48 -1184.03 Orientation: 0.235 0.0371 0.0976 0.9663 Time: 2619447764045
Position: 70.08 -157.34 -1168.75 Orientation: 0.2219 0.0404 0.0877 0.9702 Time: 2619634722722
Position: 71.33 -131.83 -1148.18 Orientation: 0.201 0.0483 0.0763 0.9754 Time: 2619853714120
Position: 65.72 -98.21 -1122.52 Orientation: 0.1748 0.0588 0.0636 0.9807 Time: 2620071729731
Position: 57.96 -72.99 -1103.52 Orientation: 0.1574 0.0607 0.0505 0.9843 Time: 2620290743941
Position: 48.96 -42.47 -1082.38 Orientation: 0.1367 0.0595 0.0383 0.988 Time: 2620508715069
Position: 41.65 -21.67 -1067.31 Orientation: 0.1214 0.0585 0.0314 0.9903 Time: 2620726717564
Position: 36.64 0.68 -1052.43 Orientation: 0.1057 0.0609 0.0258 0.9921 Time: 2620945772836
Position: 26.1 32.94 -1030.31 Orientation: 0.0691 0.0705 0.0216 0.9948 Time: 2621163686363
Position: 19.27 60.07 -1012.42 Orientation: 0.0537 0.0703 0.0073 0.996 Time: 2621382695441
Position: 15.03 83.86 -994.53 Orientation: 0.039 0.071 -0.0046 0.9966 Time: 2621600715614
Position: 13.32 112.12 -972.77 Orientation: 0.0174 0.0867 -0.0169 0.9959 Time: 2621818659938
Position: 9.66 135.98 -957.19 Orientation: 0.0038 0.0855 -0.0307 0.9958 Time: 2622037706656
Position: 5.7 169.14 -941.28 Orientation: -0.0297 0.0967 -0.0406 0.994 Time: 2622255761618
Position: 1.78 194 -932.27 Orientation: -0.043 0.0926 -0.0501 0.9934 Time: 2622473716207
Position: 3.97 214.54 -924.66 Orientation: -0.0548 0.1001 -0.054 0.9919 Time: 2622692656278
Position: 5.73 237.4 -922.23 Orientation: -0.0634 0.0995 -0.0699 0.9905 Time: 2622910698123
Position: 7.19 250.92 -929.1 Orientation: -0.0716 0.0963 -0.0793 0.9895 Time: 2623129674123
Position: 12.12 257.86 -938.36 Orientation: -0.0635 0.0965 -0.0939 0.9888 Time: 2623347657798
Position: 10.08 257.06 -953.88 Orientation: -0.0457 0.0887 -0.1136 0.9884 Time: 2623565646605
Position: 5.37 253.4 -968.28 Orientation: -0.0415 0.0776 -0.1129 0.9896 Time: 2623753658629
Position: 2.65 243.6 -980.81 Orientation: -0.0303 0.0723 -0.1066 0.9911 Time: 2623971644585
Position: -1.27 226.22 -998.22 Orientation: -0.0107 0.0634 -0.0981 0.993 Time: 2624189678446
Position: 7.53 198.78 -1018.02 Orientation: 0.0056 0.0649 -0.0822 0.9944 Time: 2624408636767
Position: 15.49 162.83 -1040.75 Orientation: 0.0239 0.073 -0.0658 0.9948 Time: 2624626683175
Position: 23.01 125.45 -1066.53 Orientation: 0.0535 0.0722 -0.0514 0.9946 Time: 2624845615261
Position: 32.1 82.02 -1100.65 Orientation: 0.0891 0.0704 -0.0365 0.9928 Time: 2625063646841
Position: 39.62 52.21 -1124.26 Orientation: 0.1051 0.0783 -0.0159 0.9912 Time: 2625281647625
Position: 49.88 16.42 -1152.42 Orientation: 0.1264 0.073 -0.0028 0.9892 Time: 2625500638453
Position: 52.44 -3.09 -1170.93 Orientation: 0.1385 0.0693 0.0052 0.9879 Time: 2625687638191
Position: 59.35 -37.2 -1198.91 Orientation: 0.1639 0.0624 0.0201 0.9842 Time: 2625905624147
Position: 66.92 -62.88 -1219.58 Orientation: 0.1864 0.0753 0.03 0.9791 Time: 2626124606990
Position: 63.5 -92.97 -1247.65 Orientation: 0.204 0.0646 0.0455 0.9757 Time: 2626374674714
Position: 64.87 -118.97 -1271.06 Orientation: 0.2118 0.0453 0.0619 0.9742 Time: 2626561586055
Position: 69.83 -142.26 -1301.33 Orientation: 0.2189 0.0226 0.0852 0.9717 Time: 2626779611362
Position: 73.62 -156.47 -1334.41 Orientation: 0.2303 0.0253 0.0926 0.9683 Time: 2626997598458
Position: 80.31 -153.11 -1347.11 Orientation: 0.2139 0.0296 0.0963 0.9716 Time: 2627216569325
Position: 84.53 -137.47 -1354.52 Orientation: 0.1857 0.028 0.1017 0.9769 Time: 2627434626569
Position: 81.45 -122.22 -1364.92 Orientation: 0.1818 0.0254 0.0886 0.9789 Time: 2627653605990
Position: 83.12 -108.5 -1366.56 Orientation: 0.1808 0.0345 0.0817 0.9795 Time: 2627871575407
Position: 83.5 -95.63 -1360.96 Orientation: 0.1772 0.0492 0.0798 0.9796 Time: 2628090579922
Position: 79.19 -77.4 -1343.86 Orientation: 0.1708 0.0454 0.0684 0.9818 Time: 2628308590401
Position: 74.63 -61.27 -1323.56 Orientation: 0.1543 0.0523 0.065 0.9844 Time: 2628495534820
Position: 67.18 -48.06 -1306.78 Orientation: 0.1473 0.0437 0.0495 0.9868 Time: 2628713591493
Position: 60.48 -34.61 -1290.27 Orientation: 0.1365 0.0354 0.04 0.9891 Time: 2628932561220
Position: 51.21 -15.98 -1267.65 Orientation: 0.1173 0.0377 0.0323 0.9918 Time: 2629150547746
Position: 44.4 0.14 -1249.98 Orientation: 0.1024 0.0447 0.027 0.9933 Time: 2629369528308
Position: 38.9 20.43 -1229.13 Orientation: 0.0869 0.0497 0.0193 0.9947 Time: 2629587529662
Position: 29.12 50.21 -1201.71 Orientation: 0.0662 0.0479 0.0043 0.9966 Time: 2629805588046
Position: 17.98 79.59 -1179.03 Orientation: 0.0501 0.0417 -0.0141 0.9977 Time: 2630024529828
Position: 10.31 115.78 -1148.9 Orientation: 0.0238 0.0509 -0.0264 0.998 Time: 2630242531752
Position: 2.23 140.46 -1131.69 Orientation: 0.0067 0.0542 -0.0366 0.9978 Time: 2630461571056
Position: -6.59 164.55 -1112.44 Orientation: -0.0053 0.058 -0.0476 0.9971 Time: 2630679534770
Position: -18.77 193.07 -1091.63 Orientation: -0.0186 0.0477 -0.0647 0.9965 Time: 2630866506563
Position: -24.59 221.71 -1068.79 Orientation: -0.0344 0.0568 -0.0785 0.9946 Time: 2631085536172
Position: -27.19 250.93 -1046.86 Orientation: -0.0472 0.0631 -0.0932 0.9925 Time: 2631303485058
Position: -31.62 275.04 -1038.78 Orientation: -0.0515 0.071 -0.1059 0.9904 Time: 2631522519799
Position: -39.6 306.7 -1044.27 Orientation: -0.078 0.0641 -0.1187 0.9877 Time: 2631740529137
Position: -48.58 322.82 -1059.16 Orientation: -0.0867 0.0498 -0.1301 0.9864 Time: 2631958499695
Position: -45.1 327.06 -1076.84 Orientation: -0.0777 0.0398 -0.1406 0.9861 Time: 2632177513905
Position: -35.43 311.71 -1100.36 Orientation: -0.0657 0.0432 -0.1315 0.9881 Time: 2632395462221
Position: -23.47 287.52 -1117.44 Orientation: -0.0446 0.0462 -0.1224 0.9903 Time: 2632614480993
Position: -8.32 248.09 -1134.42 Orientation: -0.0056 0.0568 -0.1055 0.9927 Time: 2632801524075
Position: 1.98 215.82 -1151.43 Orientation: 0.0182 0.0607 -0.0871 0.9941 Time: 2633019460984
Position: 9.54 191.21 -1164.94 Orientation: 0.0359 0.0634 -0.0762 0.9944 Time: 2633238489452
Position: 14.47 161.25 -1184.48 Orientation: 0.0602 0.0688 -0.0615 0.9939 Time: 2633487458774
Position: 20.7 137.68 -1202.26 Orientation: 0.0781 0.0752 -0.0501 0.9928 Time: 2633705478948
Position: 26.47 117.28 -1218.05 Orientation: 0.0936 0.073 -0.0414 0.992 Time: 2633924529087
Position: 34.67 84.16 -1245.19 Orientation: 0.1204 0.0761 -0.023 0.9895 Time: 2634142460294
Position: 40.59 66.51 -1260.23 Orientation: 0.1353 0.0778 -0.0139 0.9876 Time: 2634329455469
Position: 48.85 42.73 -1283.13 Orientation: 0.1548 0.0805 -0.0011 0.9846 Time: 2634548460555
Position: 53.24 25.62 -1302.58 Orientation: 0.1709 0.0842 0.0079 0.9816 Time: 2634766445940
Position: 56.35 7.49 -1324.21 Orientation: 0.1795 0.1018 0.0309 0.9779 Time: 2634985435628
Position: 53.75 -13.45 -1349.85 Orientation: 0.2067 0.068 0.0251 0.9757 Time: 2635203416451
Position: 52.36 -26.19 -1362.55 Orientation: 0.2216 0.0714 0.0328 0.9719 Time: 2635422451192
Position: 33.51 -41.57 -1379.79 Orientation: 0.2265 0.0448 0.0333 0.9724 Time: 2635671467278
Position: 9.99 -50.7 -1391.04 Orientation: 0.2188 0.0314 0.0384 0.9744 Time: 2635858447056
Position: -8.35 -55.91 -1397.73 Orientation: 0.2161 0.0213 0.0355 0.9754 Time: 2636077416212
Position: -30.79 -59.64 -1401.25 Orientation: 0.2082 0.0013 0.0309 0.9775 Time: 2636295397035
Position: -46.87 -63.68 -1401.91 Orientation: 0.209 -0.0075 0.0271 0.9775 Time: 2636514363910
Position: -63.75 -67.3 -1399.24 Orientation: 0.2169 -0.0297 0.0137 0.9756 Time: 2636732388647
Position: -79.29 -75.28 -1391.52 Orientation: 0.2215 -0.042 0.0164 0.9741 Time: 2636950431062
Position: -89.67 -85.96 -1385.72 Orientation: 0.2256 -0.0471 0.0172 0.9729 Time: 2637169359727
Position: -98.74 -107.02 -1377.98 Orientation: 0.2495 -0.0532 0.0174 0.9667 Time: 2637387393018
Position: -101.94 -120.98 -1361.16 Orientation: 0.2454 -0.057 0.0194 0.9675 Time: 2637606578319
Position: -110.43 -134.57 -1347.8 Orientation: 0.2517 -0.0677 0.0149 0.9652 Time: 2637824406871
Position: -123.24 -144.21 -1329.15 Orientation: 0.2518 -0.0782 0.008 0.9645 Time: 2638042328953
Position: -130.31 -141.51 -1304.77 Orientation: 0.2517 -0.103 -0.0045 0.9622 Time: 2638261408748
Position: -139.74 -130.27 -1274.13 Orientation: 0.2239 -0.0853 -0.0055 0.9708 Time: 2638479322275
Position: -148.68 -107.58 -1246.62 Orientation: 0.194 -0.0884 -0.013 0.9769 Time: 2638697349863
Position: -150.01 -93.97 -1239.3 Orientation: 0.1775 -0.0917 -0.0147 0.9797 Time: 2638916392018
Position: -148.95 -76.6 -1243.45 Orientation: 0.1598 -0.0948 -0.0136 0.9824 Time: 2639135313269
Position: -148.43 -65.75 -1247.24 Orientation: 0.161 -0.1008 -0.0185 0.9816 Time: 2639321334369
Position: -145.91 -47.51 -1253.46 Orientation: 0.1649 -0.1109 -0.0256 0.9797 Time: 2639540379946
Position: -148.14 -30.48 -1263.68 Orientation: 0.1728 -0.1149 -0.0325 0.9776 Time: 2639758391565
Position: -152.22 -8.08 -1266.92 Orientation: 0.1704 -0.1165 -0.0385 0.9776 Time: 2639977364144
Position: -158.34 21.53 -1265.14 Orientation: 0.1632 -0.1196 -0.0467 0.9781 Time: 2640195356943
Position: -164.09 48.35 -1260.61 Orientation: 0.1614 -0.1201 -0.0597 0.9777 Time: 2640414331232
Position: -175.11 78.71 -1250.91 Orientation: 0.1524 -0.1313 -0.0751 0.9766 Time: 2640632357679
Position: -178.75 95.83 -1231.07 Orientation: 0.1433 -0.1302 -0.08 0.9777 Time: 2640851365616
Position: -182.5 104.34 -1209.42 Orientation: 0.1386 -0.1217 -0.0794 0.9796 Time: 2641069300245
Position: -188.15 101.65 -1182.99 Orientation: 0.1399 -0.1239 -0.0762 0.9794 Time: 2641287299888
Position: -196.11 97.76 -1159.22 Orientation: 0.1428 -0.1247 -0.0736 0.979 Time: 2641506339191
Position: -204.96 97.29 -1137.24 Orientation: 0.1428 -0.1275 -0.0735 0.9787 Time: 2641724336553
Position: -207.6 101.91 -1110.25 Orientation: 0.1369 -0.1284 -0.0702 0.9797 Time: 2641942307111
Position: -197.31 109.15 -1093.28 Orientation: 0.1327 -0.129 -0.0621 0.9807 Time: 2642161271704
Position: -180.92 125.55 -1072.46 Orientation: 0.1012 -0.105 -0.0567 0.9876 Time: 2642379331799
Position: -174.42 144.75 -1063.84 Orientation: 0.0765 -0.1067 -0.0571 0.9896 Time: 2642598245066
Position: -168.79 165.48 -1062.76 Orientation: 0.048 -0.1139 -0.0584 0.9905 Time: 2642816283490
Position: -161.49 188.58 -1073.41 Orientation: 0.0212 -0.1286 -0.0675 0.9891 Time: 2643034258039
Position: -151.88 199.39 -1083.51 Orientation: 0.0132 -0.1247 -0.0741 0.9893 Time: 2643253276812
Position: -143.72 208.53 -1095.98 Orientation: 0.0059 -0.1286 -0.0787 0.9885 Time: 2643471275314
Position: -135.34 222.86 -1115.82 Orientation: -0.0069 -0.1327 -0.083 0.9876 Time: 2643690287814
Position: -130.29 232.42 -1132.12 Orientation: -0.0161 -0.1353 -0.0868 0.9868 Time: 2643908227005
Position: -126.83 236.92 -1149.92 Orientation: -0.0189 -0.1405 -0.0896 0.9858 Time: 2644126323599
Position: -123.46 235.69 -1166.33 Orientation: -0.0174 -0.1452 -0.09 0.9851 Time: 2644314255781
Position: -123.16 224.58 -1188.55 Orientation: -0.0092 -0.1477 -0.0865 0.9851 Time: 2644532244018
Position: -118.81 205.29 -1202.21 Orientation: 0.0078 -0.1556 -0.0844 0.9841 Time: 2644750243661
Position: -115.13 177.6 -1220.39 Orientation: 0.0331 -0.1499 -0.0754 0.9852 Time: 2644969213958
Position: -109.27 141.83 -1238.78 Orientation: 0.0682 -0.1372 -0.0661 0.9859 Time: 2645187217023
Position: -103.36 114.75 -1250.49 Orientation: 0.0923 -0.1253 -0.0575 0.9861 Time: 2645406269443
Position: -95.87 87.72 -1259.68 Orientation: 0.1129 -0.1215 -0.0487 0.9849 Time: 2645624258821
Position: -85.69 43.94 -1272.68 Orientation: 0.1497 -0.1103 -0.0366 0.9818 Time: 2645842221964
Position: -74.08 -1.68 -1287.26 Orientation: 0.1866 -0.083 -0.0153 0.9787 Time: 2646061252713
Position: -55.82 -45.26 -1307.71 Orientation: 0.2151 -0.0781 0.0063 0.9734 Time: 2646248202265
Position: -41.42 -73.74 -1339.1 Orientation: 0.2327 -0.059 0.0277 0.9703 Time: 2646466199057
Position: -37.18 -85.66 -1380.55 Orientation: 0.2522 -0.0648 0.029 0.965 Time: 2646685237790
Position: -37.25 -76.25 -1408.77 Orientation: 0.2618 -0.0707 0.0279 0.9621 Time: 2646903193520
Position: -36.93 -53.04 -1423.4 Orientation: 0.2581 -0.0733 0.0201 0.9631 Time: 2647153189385
Position: -41.97 -34.16 -1426.17 Orientation: 0.2567 -0.0616 0.0092 0.9644 Time: 2647371191309
Position: -48.03 -5.31 -1423.82 Orientation: 0.2376 -0.0228 -0.0065 0.971 Time: 2647590181567
Position: -55.29 16.92 -1414.84 Orientation: 0.2116 -0.0054 -0.0216 0.977 Time: 2647808219420
Position: -64.42 41.56 -1396.81 Orientation: 0.187 -0.0005 -0.0383 0.9816 Time: 2648026162603
Position: -74.11 73.73 -1364.64 Orientation: 0.134 -0.0011 -0.0531 0.9895 Time: 2648276225194
Position: -77.95 98.71 -1338.61 Orientation: 0.0951 0.0165 -0.0585 0.9936 Time: 2648494150697
Position: -80.66 116.75 -1318.62 Orientation: 0.0756 0.0193 -0.0687 0.9945 Time: 2648713177454
Position: -89.49 142.76 -1296.1 Orientation: 0.053 0.0163 -0.0818 0.995 Time: 2648931131473
Position: -93.68 165.03 -1275.06 Orientation: 0.0297 0.0134 -0.0903 0.9953 Time: 2649150164503
Position: -89 188.62 -1247.47 Orientation: -0.0008 0.0231 -0.1005 0.9946 Time: 2649368218325
