Position: 2.79 26.9433 -974.737 Orientation: -0.0276689 0.0389365 0.0123677 0.998782 Time: 514021278259337
Position: 2.79 26.9367 -974.71 Orientation: -0.0278678 0.0390349 0.0123338 0.998773 Time: 514021516699011
Position: 2.79667 26.9333 -974.697 Orientation: -0.0276014 0.0381352 0.0122006 0.998817 Time: 514021748207767
Position: 2.8 26.9333 -974.693 Orientation: -0.0279023 0.0379698 0.0121677 0.998815 Time: 514021981510133
Position: 2.8 26.9333 -974.713 Orientation: -0.0276677 0.0375681 0.0121005 0.998838 Time: 514022208680007
Position: 2.8 26.9367 -974.69 Orientation: -0.0277008 0.0377345 0.012167 0.99883 Time: 514022489860447
Position: 2.79 26.94 -974.74 Orientation: -0.0278016 0.0386023 0.0122674 0.998792 Time: 514022723035825
Position: 2.79667 26.9367 -974.72 Orientation: -0.0275348 0.0380688 0.0121673 0.998822 Time: 514022955210697
Position: 2.79333 26.9367 -974.71 Orientation: -0.0275688 0.038303 0.0122343 0.998811 Time: 514023229958856
Position: 2.80667 26.9367 -974.68 Orientation: -0.0275349 0.0372021 0.0120673 0.998855 Time: 514023421972263
Position: 2.79333 26.9367 -974.717 Orientation: -0.0279021 0.0381695 0.0121676 0.998808 Time: 514023690731836
Position: 2.78667 26.9367 -974.75 Orientation: -0.0274681 0.0389688 0.0123007 0.998787 Time: 514023976152876
Position: 2.80333 26.93 -974.68 Orientation: -0.027768 0.0372351 0.0120006 0.998849 Time: 514024253129977
Position: 2.80333 26.9333 -974.713 Orientation: -0.0276675 0.0377345 0.0121337 0.998831 Time: 514024538619834
Position: 2.79333 26.9333 -974.73 Orientation: -0.0276672 0.0388341 0.0123336 0.998786 Time: 514024822046517
Position: 2.79667 26.9333 -974.7 Orientation: -0.0278344 0.0383014 0.0122338 0.998804 Time: 514025118022006
Position: 2.79667 26.9367 -974.713 Orientation: -0.0277009 0.0385345 0.0123004 0.998798 Time: 514025402928251
Position: 2.79667 26.9367 -974.693 Orientation: -0.0277351 0.0377357 0.0121674 0.998829 Time: 514025686550928
Position: 2.79667 26.9367 -974.74 Orientation: -0.0274349 0.0380688 0.0122007 0.998824 Time: 514025962235908
Position: 2.80667 26.93 -974.7 Orientation: -0.0277017 0.0378023 0.0121007 0.998828 Time: 514026242300641
Position: 2.8 26.9333 -974.707 Orientation: -0.0276009 0.0377679 0.0121004 0.998832 Time: 514026484656983
Position: 2.80667 26.9367 -974.717 Orientation: -0.0274683 0.0380022 0.0122007 0.998826 Time: 514026775952547
Position: 2.79333 26.9333 -974.703 Orientation: -0.0278344 0.0383014 0.0122005 0.998804 Time: 514027059226388
Position: 2.80667 26.9267 -974.683 Orientation: -0.0278343 0.0375679 0.0121004 0.998833 Time: 514027341854833
Position: 2.79667 26.9333 -974.687 Orientation: -0.027635 0.0378357 0.0121007 0.998828 Time: 514027586731354
Position: 2.79667 26.9333 -974.7 Orientation: -0.0277007 0.0378343 0.012167 0.998826 Time: 514027872309798
Position: 2.8 26.9333 -974.7 Orientation: -0.0277015 0.0379687 0.0121673 0.998821 Time: 514028145039646
Position: 2.80667 26.9333 -974.697 Orientation: -0.0275691 0.0372033 0.0120344 0.998855 Time: 514028375494858
Position: 2.8 26.93 -974.687 Orientation: -0.0279673 0.0377342 0.0121003 0.998823 Time: 514028667302556
Position: 2.8 26.9367 -974.72 Orientation: -0.0277352 0.0384359 0.0122342 0.998801 Time: 514028905346820
Position: 2.79667 26.93 -974.693 Orientation: -0.0278359 0.0385702 0.0123011 0.998792 Time: 514029189098577
Position: 2.79667 26.9333 -974.727 Orientation: -0.0275678 0.0383683 0.0122672 0.998808 Time: 514029420555815
Position: 2.80333 26.93 -974.71 Orientation: -0.0276355 0.0382696 0.0122343 0.99881 Time: 514029700342239
Position: 2.81 26.9333 -974.71 Orientation: -0.0273352 0.0370359 0.0120008 0.998868 Time: 514029930890791
Position: 2.79667 26.9333 -974.707 Orientation: -0.0276683 0.0378689 0.0121674 0.998825 Time: 514030167689698
Position: 2.81667 26.93 -974.68 Orientation: -0.0277354 0.036636 0.0119009 0.998873 Time: 514030396678466
Position: 2.80333 26.9333 -974.683 Orientation: -0.0276344 0.0375681 0.0121005 0.998839 Time: 514030667151235
Position: 2.79667 26.9367 -974.737 Orientation: -0.0274012 0.0384017 0.0122672 0.998811 Time: 514030903360447
Position: 2.8 26.93 -974.707 Orientation: -0.0278013 0.0380685 0.0121672 0.998814 Time: 514031147089513
Position: 2.79333 26.9333 -974.72 Orientation: -0.027602 0.0384028 0.0122342 0.998806 Time: 514031412682751
Position: 2.8 26.9333 -974.677 Orientation: -0.0276686 0.0375693 0.0121009 0.998838 Time: 514031642147153
Position: 2.79667 26.94 -974.713 Orientation: -0.0277677 0.0383015 0.0122338 0.998805 Time: 514031947185172
Position: 2.8 26.93 -974.707 Orientation: -0.0275004 0.0383005 0.0122335 0.998813 Time: 514032185756018
Position: 2.78667 26.93 -974.753 Orientation: -0.0278006 0.0394676 0.0124336 0.998757 Time: 514032431286108
Position: 2.79667 26.9367 -974.717 Orientation: -0.0276348 0.0380354 0.0121673 0.99882 Time: 514032699167030
Position: 2.8 26.9333 -974.703 Orientation: -0.0279679 0.038035 0.0121339 0.998811 Time: 514032936750487
Position: 2.79667 26.94 -974.723 Orientation: -0.0277683 0.0386023 0.0123007 0.998793 Time: 514033181615982
Position: 2.80667 26.9367 -974.693 Orientation: -0.0275681 0.0372686 0.012034 0.998852 Time: 514033437407384
Position: 2.78667 26.94 -974.767 Orientation: -0.0275684 0.0394359 0.0124341 0.998764 Time: 514033672928807
Position: 2.79667 26.9333 -974.71 Orientation: -0.0278346 0.0380684 0.0122006 0.998813 Time: 514033950778666
Position: 2.80333 26.9333 -974.673 Orientation: -0.0277008 0.0377678 0.0121004 0.998829 Time: 514034194080193
Position: 2.78667 26.9367 -974.747 Orientation: -0.0276348 0.038902 0.0123006 0.998785 Time: 514034431225846
Position: 2.79667 26.94 -974.723 Orientation: -0.0276686 0.038436 0.0122675 0.998803 Time: 514034669072593
Position: 2.79667 26.9333 -974.717 Orientation: -0.0276681 0.0388687 0.0123006 0.998785 Time: 514034911727015
Position: 2.79333 26.93 -974.717 Orientation: -0.0277683 0.0386356 0.0122341 0.998793 Time: 514035155118460
Position: 2.79667 26.93 -974.703 Orientation: -0.0276354 0.0383029 0.0122009 0.998809 Time: 514035393891384
Position: 2.8 26.9433 -974.71 Orientation: -0.0276678 0.0383348 0.0123005 0.998806 Time: 514035666418203
Position: 2.79333 26.93 -974.72 Orientation: -0.0277359 0.0386369 0.0122345 0.998793 Time: 514035906540089
Position: 2.80333 26.9267 -974.7 Orientation: -0.027468 0.0374019 0.0120339 0.99885 Time: 514036145213969
Position: 2.80333 26.93 -974.683 Orientation: -0.0276019 0.0377026 0.0121008 0.998834 Time: 514036384814406
Position: 2.80667 26.9267 -974.7 Orientation: -0.0275342 0.0370011 0.0120337 0.998863 Time: 514036619267647
Position: 2.8 26.93 -974.663 Orientation: -0.0280347 0.0378685 0.0121673 0.998815 Time: 514036859649782
Position: 2.8 26.9367 -974.68 Orientation: -0.0277682 0.0379354 0.0121673 0.99882 Time: 514037094601471
Position: 2.80333 26.9367 -974.687 Orientation: -0.0276346 0.0373684 0.0120339 0.998847 Time: 514037337616134
Position: 2.79 26.9367 -974.713 Orientation: -0.0274357 0.0382033 0.012201 0.998819 Time: 514037577882118
Position: 2.80667 26.9333 -974.697 Orientation: -0.0275341 0.037901 0.0122003 0.998828 Time: 514037867518854
Position: 2.8 26.9367 -974.71 Orientation: -0.027668 0.0381685 0.0122006 0.998814 Time: 514038104224041
Position: 2.79 26.9367 -974.72 Orientation: -0.0277016 0.0387355 0.0123007 0.99879 Time: 514038387831700
Position: 2.79 26.93 -974.713 Orientation: -0.0280353 0.0390027 0.0123009 0.99877 Time: 514038626986159
Position: 2.8 26.9367 -974.687 Orientation: -0.0277353 0.0384027 0.0122008 0.998803 Time: 514038867954187
Position: 2.79667 26.9333 -974.697 Orientation: -0.0279011 0.0382348 0.0122005 0.998805 Time: 514039101723632
Position: 2.80333 26.93 -974.68 Orientation: -0.0276346 0.0373684 0.0120339 0.998847 Time: 514039377755168
Position: 2.8 26.93 -974.7 Orientation: -0.0278685 0.0383692 0.0122675 0.9988 Time: 514039610307392
Position: 2.79333 26.9333 -974.72 Orientation: -0.0277008 0.0386011 0.012267 0.998795 Time: 514039845739467
Position: 2.8 26.93 -974.683 Orientation: -0.0278684 0.0384358 0.0122674 0.998797 Time: 514040084293204
Position: 2.79667 26.9367 -974.7 Orientation: -0.0276356 0.0381698 0.0122343 0.998814 Time: 514040363148510
Position: 2.8 26.9333 -974.693 Orientation: -0.0277348 0.0379354 0.0121673 0.998821 Time: 514040598376606
Position: 2.80333 26.9333 -974.69 Orientation: -0.0277016 0.0379021 0.0121674 0.998823 Time: 514040900611195
Position: 2.79667 26.94 -974.723 Orientation: -0.0277014 0.0389019 0.0123339 0.998783 Time: 514041148577820
Position: 2.8 26.9333 -974.693 Orientation: -0.0276007 0.0379676 0.0121336 0.998824 Time: 514041388700466
Position: 2.79667 26.9367 -974.683 Orientation: -0.0279021 0.0381029 0.0121676 0.99881 Time: 514041622918932
Position: 2.78667 26.9333 -974.707 Orientation: -0.027901 0.0390681 0.0124005 0.99877 Time: 514041861948873
Position: 2.80333 26.9333 -974.71 Orientation: -0.0278349 0.0378354 0.012134 0.998823 Time: 514042096612557
Position: 2.79333 26.9367 -974.75 Orientation: -0.0278343 0.0392013 0.0123338 0.998767 Time: 514042369339173
Position: 2.79667 26.9333 -974.693 Orientation: -0.0277344 0.0383348 0.0122005 0.998805 Time: 514042599867764
Position: 2.79667 26.9367 -974.73 Orientation: -0.027501 0.0385347 0.0123004 0.998803 Time: 514042838520924
Position: 2.79667 26.9267 -974.693 Orientation: -0.0280353 0.0381694 0.0121675 0.998804 Time: 514043114231757
Position: 2.79667 26.9333 -974.687 Orientation: -0.0276354 0.0383695 0.0122342 0.998806 Time: 514043353232613
Position: 2.80333 26.9333 -974.69 Orientation: -0.0276677 0.0376014 0.0121004 0.998836 Time: 514043583670335
Position: 2.79333 26.9333 -974.707 Orientation: -0.0278348 0.0387021 0.0122673 0.998788 Time: 514043827817055
Position: 2.81 26.9367 -974.69 Orientation: -0.0277011 0.0374682 0.0120338 0.998841 Time: 514044104791494
Position: 2.8 26.9333 -974.667 Orientation: -0.0277354 0.0382362 0.0122009 0.998809 Time: 514044339330092
Position: 2.80333 26.9267 -974.663 Orientation: -0.0276678 0.0374682 0.0121005 0.998841 Time: 514044572371448
Position: 2.79333 26.9367 -974.727 Orientation: -0.0276688 0.039103 0.0123676 0.998775 Time: 514044813288339
Position: 2.81 26.9333 -974.657 Orientation: -0.027735 0.0370022 0.0119674 0.998859 Time: 514045125877200
Position: 2.8 26.9267 -974.693 Orientation: -0.0278684 0.0384691 0.0122008 0.998797 Time: 514045361418204
Position: 2.80667 26.9367 -974.677 Orientation: -0.0276682 0.0379687 0.0122007 0.998821 Time: 514045595284601
Position: 2.80333 26.9367 -974.687 Orientation: -0.0276341 0.0378011 0.0121337 0.998829 Time: 514045828789996
Position: 2.79 26.93 -974.713 Orientation: -0.0279021 0.0389696 0.0123009 0.998775 Time: 514046098041172
Position: 2.80333 26.93 -974.69 Orientation: -0.0277355 0.0382363 0.0121676 0.99881 Time: 514046329746493
