Position: 20.0467 -83.87 -1030.84 Orientation: 0.0897383 0.0704706 0.0687372 0.991088 Time: 514582726975684
Position: 20.04 -83.8667 -1030.85 Orientation: 0.0895408 0.0707392 0.0688057 0.991082 Time: 514583010694933
Position: 20.05 -83.8733 -1030.82 Orientation: 0.089737 0.0699695 0.0685028 0.99114 Time: 514583302969902
Position: 20.04 -83.8767 -1030.86 Orientation: 0.0894057 0.0707379 0.0687711 0.991097 Time: 514583551636100
Position: 20.04 -83.8733 -1030.84 Orientation: 0.0893723 0.0707711 0.0688043 0.991095 Time: 514583994740644
Position: 20.05 -83.8733 -1030.8 Orientation: 0.0894411 0.0704061 0.0687393 0.99112 Time: 514584347493441
Position: 20.0533 -83.8767 -1030.83 Orientation: 0.0897378 0.0698035 0.0685368 0.991149 Time: 514584627235382
Position: 20.0433 -83.8733 -1030.83 Orientation: 0.0895702 0.0708362 0.0688027 0.991073 Time: 514584865607001
Position: 20.0567 -83.8833 -1030.82 Orientation: 0.0897409 0.0694059 0.0684391 0.991184 Time: 514585108054211
Position: 20.0467 -83.8733 -1030.83 Orientation: 0.0897054 0.0701042 0.0686041 0.991127 Time: 514585347219504
Position: 20.0433 -83.8733 -1030.84 Orientation: 0.0896395 0.0704715 0.0686714 0.991102 Time: 514585624510083
Position: 20.0533 -83.8833 -1030.8 Orientation: 0.0894678 0.0697675 0.0685008 0.991179 Time: 514585862060652
Position: 20.05 -83.8833 -1030.82 Orientation: 0.0895358 0.0698686 0.0685686 0.991161 Time: 514586101165684
Position: 20.0467 -83.88 -1030.82 Orientation: 0.0894733 0.0701719 0.0686384 0.99114 Time: 514586340758517
Position: 20.0433 -83.8733 -1030.85 Orientation: 0.0894721 0.0707043 0.0687708 0.991093 Time: 514586579169486
Position: 20.0433 -83.88 -1030.81 Orientation: 0.0893714 0.0705037 0.068737 0.991119 Time: 514586850027782
Position: 20.03 -83.8733 -1030.84 Orientation: 0.0893746 0.0712396 0.0689061 0.991055 Time: 514587088420312
Position: 20.0433 -83.88 -1030.82 Orientation: 0.0893377 0.0702701 0.0686033 0.991148 Time: 514587324935018
Position: 20.0533 -83.8767 -1030.83 Orientation: 0.089603 0.0697357 0.0685356 0.991167 Time: 514587601714033
Position: 20.0467 -83.8833 -1030.81 Orientation: 0.0894411 0.0700727 0.0686059 0.991153 Time: 514587837365105
Position: 20.0433 -83.8733 -1030.82 Orientation: 0.0894721 0.0707043 0.0687708 0.991093 Time: 514588108380426
Position: 20.0333 -83.8733 -1030.83 Orientation: 0.0893731 0.0710385 0.0688716 0.991071 Time: 514588340800149
Position: 20.0467 -83.8767 -1030.81 Orientation: 0.0895047 0.070337 0.068737 0.991119 Time: 514588572986618
Position: 20.05 -83.8767 -1030.84 Orientation: 0.0897071 0.0702389 0.0686721 0.991112 Time: 514588813292141
Position: 20.06 -83.8767 -1030.78 Orientation: 0.0897074 0.0691057 0.068339 0.991215 Time: 514589049529298
Position: 20.04 -83.88 -1030.83 Orientation: 0.0895041 0.0704699 0.0687031 0.991112 Time: 514589320380180
Position: 20.0467 -83.8767 -1030.86 Orientation: 0.089706 0.0700381 0.0685713 0.991133 Time: 514589558771379
Position: 20.0533 -83.88 -1030.83 Orientation: 0.0897707 0.0699031 0.0684697 0.991144 Time: 514589801775397
Position: 20.0333 -83.8733 -1030.83 Orientation: 0.089506 0.0710048 0.0688046 0.991067 Time: 514590079458916
Position: 20.0433 -83.8767 -1030.83 Orientation: 0.0894409 0.0704393 0.0687392 0.991117 Time: 514590321580862
Position: 20.04 -83.8733 -1030.81 Orientation: 0.0893752 0.0708068 0.0687732 0.991095 Time: 514590556408414
Position: 20.04 -83.8733 -1030.84 Orientation: 0.089506 0.0709381 0.0688713 0.991067 Time: 514590830997457
Position: 20.0433 -83.8767 -1030.83 Orientation: 0.0895418 0.0702733 0.0686398 0.991127 Time: 514591066118716
Position: 20.04 -83.8767 -1030.84 Orientation: 0.0890753 0.0710069 0.06894 0.991096 Time: 514591301834044
Position: 20.0367 -83.87 -1030.83 Orientation: 0.0896067 0.070772 0.0688051 0.991074 Time: 514591544839012
Position: 20.0467 -83.88 -1030.84 Orientation: 0.0896384 0.0702373 0.0686039 0.991123 Time: 514591825044041
Position: 20.0433 -83.8767 -1030.82 Orientation: 0.089539 0.0702378 0.0686377 0.99113 Time: 514592063310914
Position: 20.04 -83.88 -1030.82 Orientation: 0.0894382 0.0704371 0.0687037 0.99112 Time: 514592346819721
Position: 20.04 -83.8733 -1030.83 Orientation: 0.0894058 0.0710379 0.0689378 0.991064 Time: 514592581607351
Position: 20.04 -83.87 -1030.8 Orientation: 0.0894064 0.0706384 0.0687716 0.991104 Time: 514592869786768
Position: 20.0233 -83.8667 -1030.86 Orientation: 0.0893748 0.0719399 0.0691063 0.99099 Time: 514593138450909
Position: 20.0367 -83.8733 -1030.84 Orientation: 0.0893708 0.0709699 0.0688365 0.991079 Time: 514593375212177
Position: 20.04 -83.8767 -1030.82 Orientation: 0.0895355 0.0703017 0.0686683 0.991123 Time: 514593610528480
Position: 20.0433 -83.8767 -1030.8 Orientation: 0.0896393 0.0701047 0.0686046 0.991132 Time: 514593885642774
Position: 20.04 -83.88 -1030.82 Orientation: 0.089439 0.0703711 0.0686377 0.991129 Time: 514594122719800
Position: 20.0533 -83.8833 -1030.81 Orientation: 0.0895373 0.0696697 0.0685364 0.991177 Time: 514594358829969
Position: 20.0433 -83.8833 -1030.8 Orientation: 0.0893368 0.0703694 0.068636 0.991139 Time: 514594600377807
Position: 20.04 -83.8733 -1030.82 Orientation: 0.0893072 0.070639 0.0687722 0.991113 Time: 514594842230379
Position: 20.04 -83.87 -1030.83 Orientation: 0.0895086 0.0710068 0.0688733 0.991061 Time: 514595120952424
Position: 20.0367 -83.8767 -1030.81 Orientation: 0.0894715 0.0708038 0.0687704 0.991086 Time: 514595369604745
Position: 20.0233 -83.8667 -1030.85 Orientation: 0.0895719 0.0717376 0.0690374 0.990992 Time: 514595652412077
Position: 20.0467 -83.88 -1030.83 Orientation: 0.0894721 0.0703376 0.0686708 0.991126 Time: 514595898499735
Position: 20.0533 -83.8867 -1030.8 Orientation: 0.0894699 0.0698692 0.0685358 0.991169 Time: 514596143168855
Position: 20.04 -83.88 -1030.84 Orientation: 0.0895085 0.0706401 0.0687732 0.991095 Time: 514596397582970
Position: 20.0467 -83.8767 -1030.83 Orientation: 0.089772 0.0700375 0.0686041 0.991125 Time: 514596636719748
Position: 20.0433 -83.88 -1030.82 Orientation: 0.0894045 0.0705035 0.0687368 0.991116 Time: 514596877012915
Position: 20.0433 -83.8767 -1030.84 Orientation: 0.0896029 0.0705356 0.0687022 0.991098 Time: 514597154201219
Position: 20.04 -83.8733 -1030.84 Orientation: 0.0896364 0.070469 0.0687023 0.9911 Time: 514597392638803
Position: 20.0367 -83.8767 -1030.83 Orientation: 0.0894734 0.0709053 0.0688385 0.991074 Time: 514597634797249
Position: 20.0433 -83.8767 -1030.81 Orientation: 0.0895371 0.070103 0.0686029 0.991142 Time: 514597912254927
Position: 20.0633 -83.8867 -1030.79 Orientation: 0.0898062 0.0691381 0.0683714 0.991201 Time: 514598148828374
Position: 20.0467 -83.88 -1030.82 Orientation: 0.0894087 0.0703735 0.0686733 0.991129 Time: 514598386191312
Position: 20.0433 -83.88 -1030.81 Orientation: 0.0895064 0.070205 0.0686049 0.991137 Time: 514598663653933
Position: 20.0467 -83.8733 -1030.81 Orientation: 0.0895685 0.0703348 0.0686347 0.99112 Time: 514598900620700
Position: 20.03 -83.8767 -1030.82 Orientation: 0.0890721 0.071471 0.0689709 0.991061 Time: 514599136334697
Position: 20.05 -83.8867 -1030.79 Orientation: 0.089472 0.0696375 0.0684374 0.991192 Time: 514599373890019
Position: 20.0367 -83.88 -1030.84 Orientation: 0.0895062 0.0709716 0.0688048 0.991069 Time: 514599656247379
Position: 20.0333 -83.8767 -1030.83 Orientation: 0.0893716 0.0711706 0.0689705 0.991055 Time: 514599894037857
Position: 20.04 -83.8733 -1030.83 Orientation: 0.0897748 0.0704397 0.0687062 0.991089 Time: 514600137295851
Position: 20.05 -83.88 -1030.81 Orientation: 0.0896698 0.0700358 0.0686024 0.991135 Time: 514600374281819
Position: 20.05 -83.88 -1030.84 Orientation: 0.0896694 0.0701021 0.0686021 0.99113 Time: 514600652365312
Position: 20.0367 -83.87 -1030.8 Orientation: 0.0894386 0.0707708 0.0687707 0.991092 Time: 514600886968924
Position: 20.05 -83.8833 -1030.79 Orientation: 0.0896361 0.0697688 0.0685021 0.991164 Time: 514601162037403
Position: 20.0533 -83.8833 -1030.78 Orientation: 0.0898715 0.069337 0.0683036 0.991186 Time: 514601396102077
Position: 20.0467 -83.8833 -1030.8 Orientation: 0.0895028 0.0699355 0.0685021 0.991164 Time: 514601676889197
Position: 20.05 -83.88 -1030.81 Orientation: 0.0898073 0.0697724 0.0685056 0.991148 Time: 514601911667703
Position: 20.0367 -83.87 -1030.87 Orientation: 0.0896379 0.0709703 0.0689035 0.99105 Time: 514602148434673
Position: 20.0467 -83.88 -1030.8 Orientation: 0.089706 0.0700381 0.0685713 0.991133 Time: 514602385372925
Position: 20.0533 -83.8933 -1030.8 Orientation: 0.089338 0.069837 0.0685036 0.991186 Time: 514602665224744
Position: 20.0633 -83.8833 -1030.75 Orientation: 0.0895042 0.0693032 0.0684365 0.991213 Time: 514602900066554
Position: 20.0367 -83.8767 -1030.82 Orientation: 0.089641 0.0709728 0.0688726 0.991052 Time: 514603137110502
Position: 20.0333 -83.88 -1030.82 Orientation: 0.089304 0.0714032 0.0689698 0.991045 Time: 514603371150272
Position: 20.04 -83.8767 -1030.81 Orientation: 0.0895062 0.0705716 0.0687381 0.991102 Time: 514603620863362
Position: 20.0567 -83.8867 -1030.79 Orientation: 0.0896048 0.0692037 0.0683037 0.99122 Time: 514603860865293
Position: 20.0433 -83.8967 -1030.78 Orientation: 0.0890712 0.0701036 0.0686035 0.991184 Time: 514604099757220
Position: 20.05 -83.88 -1030.81 Orientation: 0.0896748 0.0698397 0.0684729 0.991157 Time: 514604371713544
Position: 20.0433 -83.8767 -1030.81 Orientation: 0.0895397 0.0705383 0.0687049 0.991104 Time: 514604610390276
Position: 20.05 -83.88 -1030.79 Orientation: 0.0898056 0.0696043 0.0684709 0.991162 Time: 514604839731872
Position: 20.0367 -83.8767 -1030.82 Orientation: 0.0895719 0.0706708 0.068704 0.991091 Time: 514605114581354
Position: 20.04 -83.88 -1030.84 Orientation: 0.0891701 0.0709027 0.0688026 0.991104 Time: 514605348789745
Position: 20.04 -83.88 -1030.81 Orientation: 0.0893061 0.0708048 0.0687714 0.991101 Time: 514605586275490
Position: 20.05 -83.88 -1030.81 Orientation: 0.0896372 0.070003 0.0685696 0.991142 Time: 514605827458143
Position: 20.0467 -83.88 -1030.79 Orientation: 0.0895725 0.0698379 0.0685044 0.991164 Time: 514606060944718
Position: 20.0533 -83.8767 -1030.81 Orientation: 0.0899082 0.069573 0.0684396 0.991157 Time: 514606335148994
Position: 20.05 -83.88 -1030.81 Orientation: 0.0897378 0.0698368 0.0685034 0.991149 Time: 514606580366747
Position: 20.0433 -83.8767 -1030.83 Orientation: 0.0896399 0.0704052 0.0686717 0.991106 Time: 514606860095381
Position: 20.0467 -83.8867 -1030.8 Orientation: 0.0894061 0.0703382 0.068638 0.991135 Time: 514607094733021
Position: 20.05 -83.88 -1030.82 Orientation: 0.0898033 0.0699359 0.0685025 0.991137 Time: 514607332800097
Position: 20.04 -83.88 -1030.81 Orientation: 0.0894074 0.0708726 0.0688391 0.991083 Time: 514607608370065
Position: 20.04 -83.8733 -1030.83 Orientation: 0.0894062 0.0710382 0.0688714 0.991069 Time: 514607860164578
