Position: 22.9733 61.25 -944.297 Orientation: 0.828395 -0.119747 0.540562 -0.0849431 Time: 19000415899182
Position: 22.97 61.25 -944.29 Orientation: 0.828494 -0.119842 0.540373 -0.0850396 Time: 19000603497167
Position: 22.97 61.25 -944.3 Orientation: 0.828488 -0.119913 0.540324 -0.0853091 Time: 19000836533202
Position: 22.9667 61.25 -944.267 Orientation: 0.828528 -0.119842 0.540306 -0.0851396 Time: 19001023155210
Position: 22.9733 61.2567 -944.29 Orientation: 0.828438 -0.11991 0.540413 -0.0852407 Time: 19001257312839
Position: 22.9633 61.2533 -944.283 Orientation: 0.828599 -0.11991 0.540176 -0.0851734 Time: 19001493484964
Position: 22.9667 61.2533 -944.273 Orientation: 0.828526 -0.119942 0.540272 -0.0852394 Time: 19001678534840
Position: 22.97 61.2467 -944.263 Orientation: 0.828491 -0.119775 0.540404 -0.0849726 Time: 19001914789469
Position: 22.9667 61.2467 -944.233 Orientation: 0.828598 -0.119843 0.540209 -0.0850733 Time: 19002241751579
Position: 22.9733 61.2567 -944.277 Orientation: 0.82849 -0.119942 0.540337 -0.0851725 Time: 19002476927007
Position: 22.9767 61.2533 -944.287 Orientation: 0.828386 -0.119846 0.540523 -0.0851422 Time: 19002710610715
Position: 22.98 61.2567 -944.267 Orientation: 0.828339 -0.119944 0.540547 -0.0853074 Time: 19002944104702
Position: 22.9633 61.2567 -944.287 Orientation: 0.828605 -0.119877 0.54018 -0.0851407 Time: 19003131271539
Position: 22.9767 61.25 -944.287 Orientation: 0.828366 -0.11981 0.540577 -0.0850401 Time: 19003318456815
Position: 22.9667 61.2467 -944.25 Orientation: 0.828603 -0.119872 0.54019 -0.0851037 Time: 19003551206939
Position: 22.97 61.2433 -944.23 Orientation: 0.828364 -0.119809 0.540575 -0.0850732 Time: 19003740428573
Position: 22.96 61.25 -944.28 Orientation: 0.828542 -0.119878 0.540282 -0.0851077 Time: 19003972272677
Position: 22.9633 61.25 -944.277 Orientation: 0.828641 -0.119844 0.540148 -0.0850409 Time: 19004207232531
Position: 22.9733 61.25 -944.267 Orientation: 0.828469 -0.119877 0.540378 -0.0852071 Time: 19004441061286
Position: 22.9733 61.25 -944.27 Orientation: 0.828506 -0.119882 0.540336 -0.0851109 Time: 19004627192834
Position: 22.9667 61.25 -944.273 Orientation: 0.828661 -0.119842 0.540107 -0.0851063 Time: 19004861839402
Position: 22.9867 61.25 -944.277 Orientation: 0.828276 -0.119878 0.540683 -0.0851412 Time: 19005095655610
Position: 22.9667 61.25 -944.273 Orientation: 0.828628 -0.11998 0.540095 -0.0853097 Time: 19005347604949
Position: 22.97 61.2433 -944.267 Orientation: 0.828538 -0.11981 0.540313 -0.0850407 Time: 19005579277012
Position: 22.97 61.2533 -944.273 Orientation: 0.828476 -0.12004 0.540295 -0.0854377 Time: 19005861622687
Position: 22.9633 61.2467 -944.26 Orientation: 0.828643 -0.119773 0.540161 -0.0850377 Time: 19006095674430
Position: 22.97 61.2433 -944.267 Orientation: 0.828577 -0.119873 0.540229 -0.0851045 Time: 19006297627676
Position: 22.97 61.25 -944.29 Orientation: 0.828651 -0.119846 0.540122 -0.0851087 Time: 19006530178574
Position: 22.9633 61.25 -944.273 Orientation: 0.828628 -0.119976 0.540107 -0.0852397 Time: 19006812489270
Position: 22.96 61.25 -944.27 Orientation: 0.828772 -0.119872 0.539925 -0.0851373 Time: 19006999328564
Position: 22.9633 61.2533 -944.273 Orientation: 0.828554 -0.119875 0.540269 -0.0850723 Time: 19007280845780
Position: 22.9667 61.25 -944.257 Orientation: 0.828425 -0.119908 0.540438 -0.085206 Time: 19007468481024
Position: 22.9667 61.2467 -944.277 Orientation: 0.828505 -0.119844 0.540346 -0.0851073 Time: 19007747668937
Position: 22.9633 61.2533 -944.3 Orientation: 0.828526 -0.119942 0.540272 -0.0852394 Time: 19007981411386
Position: 22.9733 61.25 -944.287 Orientation: 0.828349 -0.119807 0.540599 -0.0850717 Time: 19008216894207
Position: 22.9667 61.25 -944.28 Orientation: 0.828522 -0.119875 0.540303 -0.0851724 Time: 19008451352385
Position: 22.9533 61.25 -944.267 Orientation: 0.828682 -0.119912 0.540054 -0.0851418 Time: 19008684756644
Position: 22.9533 61.2533 -944.263 Orientation: 0.828569 -0.12001 0.540179 -0.0853071 Time: 19008919125856
Position: 22.96 61.2467 -944.233 Orientation: 0.828539 -0.119877 0.540281 -0.0851408 Time: 19009199385365
Position: 22.9667 61.2433 -944.233 Orientation: 0.828402 -0.11991 0.540478 -0.0851737 Time: 19009437019555
Position: 22.98 61.24 -944.233 Orientation: 0.828359 -0.119775 0.540605 -0.0849728 Time: 19009666538538
Position: 22.9767 61.2467 -944.25 Orientation: 0.828267 -0.119976 0.540644 -0.0853403 Time: 19009948525493
Position: 22.9733 61.2567 -944.273 Orientation: 0.828254 -0.120041 0.540635 -0.0854389 Time: 19010181518375
Position: 22.97 61.2467 -944.25 Orientation: 0.828484 -0.119874 0.540366 -0.0851385 Time: 19010415882073
Position: 22.9767 61.2433 -944.283 Orientation: 0.82841 -0.119778 0.540517 -0.0850412 Time: 19010664564723
Position: 22.9733 61.2467 -944.243 Orientation: 0.828464 -0.119947 0.540364 -0.0852434 Time: 19010900348663
Position: 22.9667 61.2533 -944.253 Orientation: 0.828549 -0.11994 0.540232 -0.0852717 Time: 19011130723669
Position: 22.9767 61.2533 -944.28 Orientation: 0.828383 -0.119907 0.540499 -0.0852384 Time: 19011415176990
Position: 22.9667 61.2433 -944.267 Orientation: 0.828505 -0.119839 0.540358 -0.0850373 Time: 19011648082425
Position: 22.9733 61.2533 -944.267 Orientation: 0.828443 -0.119911 0.540416 -0.0851745 Time: 19011900442002
Position: 22.9633 61.2533 -944.28 Orientation: 0.828549 -0.11994 0.540232 -0.0852717 Time: 19012130717205
Position: 22.97 61.25 -944.27 Orientation: 0.828382 -0.11994 0.540498 -0.085205 Time: 19012412672223
Position: 22.9767 61.25 -944.28 Orientation: 0.828368 -0.119876 0.540544 -0.0851403 Time: 19012647219178
Position: 22.9667 61.25 -944.26 Orientation: 0.828446 -0.119873 0.54043 -0.0851047 Time: 19012881965168
Position: 22.9633 61.2433 -944.267 Orientation: 0.828614 -0.119778 0.540219 -0.0849416 Time: 19013180657029
Position: 22.9567 61.25 -944.267 Orientation: 0.8287 -0.119943 0.54001 -0.0852068 Time: 19013411955544
Position: 22.97 61.25 -944.267 Orientation: 0.828497 -0.119876 0.540341 -0.0851732 Time: 19013648415482
Position: 22.9733 61.2567 -944.29 Orientation: 0.828422 -0.119946 0.540424 -0.0852758 Time: 19013878966901
Position: 22.9633 61.2467 -944.267 Orientation: 0.828633 -0.119876 0.540143 -0.0851068 Time: 19014112235809
Position: 22.9567 61.25 -944.257 Orientation: 0.828611 -0.119978 0.540117 -0.0853413 Time: 19014300300301
Position: 22.9667 61.25 -944.28 Orientation: 0.828554 -0.119908 0.540235 -0.0852389 Time: 19014533901315
Position: 22.9667 61.2467 -944.267 Orientation: 0.828483 -0.119912 0.540354 -0.0851752 Time: 19014767444349
Position: 22.9633 61.25 -944.283 Orientation: 0.82862 -0.119908 0.540135 -0.0852388 Time: 19014953996590
Position: 22.97 61.2467 -944.26 Orientation: 0.828477 -0.119844 0.540383 -0.0851412 Time: 19015188005560
Position: 22.9667 61.2533 -944.27 Orientation: 0.828355 -0.120008 0.540503 -0.085339 Time: 19015422185811
Position: 22.9533 61.2467 -944.253 Orientation: 0.828723 -0.119775 0.540037 -0.0850392 Time: 19015656093837
Position: 22.9667 61.2433 -944.25 Orientation: 0.828544 -0.119778 0.540317 -0.0850079 Time: 19015889514446
Position: 22.9633 61.25 -944.267 Orientation: 0.828532 -0.119843 0.54031 -0.0850734 Time: 19016125163795
Position: 22.9667 61.24 -944.253 Orientation: 0.828463 -0.119776 0.540441 -0.0850065 Time: 19016328293194
Position: 22.9667 61.2467 -944.277 Orientation: 0.82849 -0.119841 0.54037 -0.0851058 Time: 19016562063017
Position: 22.9733 61.25 -944.287 Orientation: 0.828408 -0.119877 0.540482 -0.085141 Time: 19016842960695
Position: 22.9567 61.2467 -944.283 Orientation: 0.828695 -0.119809 0.540073 -0.0850396 Time: 19017077402525
Position: 22.9667 61.2433 -944.263 Orientation: 0.828631 -0.119809 0.540176 -0.0850066 Time: 19017312218092
Position: 22.97 61.2533 -944.273 Orientation: 0.828489 -0.120008 0.540303 -0.0853057 Time: 19017545850472
Position: 22.9667 61.2533 -944.283 Orientation: 0.828502 -0.119948 0.5403 -0.0852772 Time: 19017779801462
Position: 22.9733 61.2467 -944.267 Orientation: 0.828438 -0.11991 0.540413 -0.0852407 Time: 19018014398603
Position: 22.97 61.25 -944.273 Orientation: 0.828327 -0.11998 0.540561 -0.0852763 Time: 19018296031210
Position: 22.9633 61.2467 -944.29 Orientation: 0.828633 -0.119876 0.540143 -0.0851068 Time: 19018482134434
Position: 22.9733 61.25 -944.273 Orientation: 0.828366 -0.119943 0.54051 -0.0852735 Time: 19018764590938
Position: 22.9733 61.25 -944.273 Orientation: 0.828376 -0.119906 0.540494 -0.0853377 Time: 19018998041962
Position: 22.98 61.2467 -944.277 Orientation: 0.8283 -0.119871 0.540655 -0.0851034 Time: 19019293576251
Position: 22.9633 61.2467 -944.263 Orientation: 0.828492 -0.119842 0.540372 -0.0850727 Time: 19019527286573
Position: 22.9767 61.2467 -944.277 Orientation: 0.828338 -0.119844 0.540613 -0.0850406 Time: 19019776316346
Position: 22.9567 61.2467 -944.267 Orientation: 0.828768 -0.11981 0.539944 -0.0851403 Time: 19020010937821
Position: 22.97 61.25 -944.273 Orientation: 0.82836 -0.119909 0.540539 -0.0852061 Time: 19020302879397
Position: 22.97 61.2533 -944.27 Orientation: 0.82841 -0.119906 0.540462 -0.0852045 Time: 19020543161879
Position: 22.9733 61.2433 -944.26 Orientation: 0.828553 -0.119808 0.540301 -0.0849721 Time: 19020821056347
Position: 22.98 61.25 -944.293 Orientation: 0.828237 -0.119844 0.540746 -0.0851739 Time: 19021057007385
Position: 22.96 61.2533 -944.27 Orientation: 0.828583 -0.119974 0.540166 -0.0853051 Time: 19021336643555
Position: 22.97 61.25 -944.28 Orientation: 0.828497 -0.119876 0.540341 -0.0851732 Time: 19021587721854
Position: 22.9667 61.25 -944.28 Orientation: 0.828567 -0.119876 0.540244 -0.0851069 Time: 19021866526143
Position: 22.98 61.2467 -944.27 Orientation: 0.828265 -0.119838 0.540721 -0.0850699 Time: 19022147270981
Position: 22.9533 61.25 -944.273 Orientation: 0.828766 -0.119876 0.539943 -0.0850735 Time: 19022381216837
Position: 22.9667 61.2467 -944.263 Orientation: 0.8285 -0.119838 0.540355 -0.0851034 Time: 19022676460842
Position: 22.9767 61.25 -944.287 Orientation: 0.828361 -0.119875 0.540539 -0.0852396 Time: 19022916571473
Position: 22.9667 61.25 -944.287 Orientation: 0.828484 -0.119845 0.540388 -0.085042 Time: 19023164095650
Position: 22.9667 61.25 -944.27 Orientation: 0.828442 -0.119973 0.540394 -0.0852376 Time: 19023395629129
Position: 22.96 61.2467 -944.267 Orientation: 0.828684 -0.119812 0.540088 -0.085042 Time: 19023679023779
Position: 22.97 61.2433 -944.27 Orientation: 0.828516 -0.119774 0.540366 -0.0849717 Time: 19023912615858
Position: 22.9767 61.2467 -944.287 Orientation: 0.828412 -0.119807 0.540497 -0.0851047 Time: 19024192827463
