Position: -76.4533 -34.0933 -894.38 Orientation: -0.377132 -0.15398 -0.539213 0.737096 Time: 17982265584689
Position: -76.4567 -34.0967 -894.363 Orientation: -0.377247 -0.153886 -0.539167 0.737091 Time: 17982385033108
Position: -76.46 -34.0967 -894.407 Orientation: -0.377266 -0.154046 -0.539146 0.737063 Time: 17982562039635
Position: -76.45 -34.0967 -894.377 Orientation: -0.377359 -0.154344 -0.539104 0.736984 Time: 17982728694230
Position: -76.4533 -34.1 -894.383 Orientation: -0.377434 -0.154481 -0.539082 0.736933 Time: 17982873762515
Position: -76.46 -34.1033 -894.393 Orientation: -0.377505 -0.154316 -0.539022 0.736975 Time: 17983031232967
Position: -76.4567 -34.1067 -894.393 Orientation: -0.377527 -0.154378 -0.538972 0.736987 Time: 17983217837106
Position: -76.46 -34.1 -894.387 Orientation: -0.377538 -0.154149 -0.538955 0.737042 Time: 17983357230696
Position: -76.4567 -34.0967 -894.38 Orientation: -0.37724 -0.15395 -0.539124 0.737112 Time: 17983544642763
Position: -76.46 -34.1067 -894.387 Orientation: -0.377609 -0.154551 -0.538961 0.736917 Time: 17983700405541
Position: -76.46 -34.1067 -894.41 Orientation: -0.377654 -0.154442 -0.538929 0.73694 Time: 17983830400555
Position: -76.46 -34.11 -894.383 Orientation: -0.377701 -0.154714 -0.538916 0.736868 Time: 17983971561321
Position: -76.46 -34.0967 -894.37 Orientation: -0.377262 -0.154112 -0.539141 0.737055 Time: 17984148283076
Position: -76.4567 -34.09 -894.383 Orientation: -0.377035 -0.153747 -0.53925 0.737168 Time: 17984325298348
Position: -76.4533 -34.0933 -894.367 Orientation: -0.377107 -0.154083 -0.539225 0.737079 Time: 17984455355334
Position: -76.4567 -34.1 -894.377 Orientation: -0.377357 -0.154376 -0.539101 0.73698 Time: 17984679022448
Position: -76.45 -34.0833 -894.353 Orientation: -0.376864 -0.153713 -0.539344 0.737193 Time: 17984803337064
Position: -76.46 -34.09 -894.39 Orientation: -0.377237 -0.154048 -0.539153 0.737072 Time: 17984965006270
Position: -76.46 -34.0933 -894.403 Orientation: -0.377299 -0.15408 -0.539113 0.737063 Time: 17985147220604
Position: -76.4467 -34.1 -894.34 Orientation: -0.377267 -0.154347 -0.539148 0.736998 Time: 17985302964942
Position: -76.4633 -34.1 -894.363 Orientation: -0.377327 -0.154244 -0.539105 0.73702 Time: 17985479883833
Position: -76.46 -34.1067 -894.383 Orientation: -0.377638 -0.154349 -0.538921 0.736974 Time: 17985661468173
Position: -76.46 -34.1067 -894.387 Orientation: -0.377606 -0.154449 -0.538956 0.736943 Time: 17985818409575
Position: -76.4567 -34.1 -894.383 Orientation: -0.377398 -0.15428 -0.539079 0.736995 Time: 17986009694182
Position: -76.46 -34.0967 -894.387 Orientation: -0.377265 -0.154013 -0.539112 0.737095 Time: 17986165513040
Position: -76.46 -34.0867 -894.373 Orientation: -0.376958 -0.153843 -0.539302 0.737149 Time: 17986290997535
Position: -76.4533 -34.09 -894.363 Orientation: -0.376962 -0.153778 -0.539308 0.737156 Time: 17986472868738
Position: -76.46 -34.09 -894.38 Orientation: -0.377059 -0.153811 -0.539237 0.737151 Time: 17986679989490
Position: -76.4533 -34.0767 -894.353 Orientation: -0.376642 -0.153617 -0.539494 0.737216 Time: 17986826328028
Position: -76.4533 -34.09 -894.383 Orientation: -0.376915 -0.154087 -0.539336 0.737095 Time: 17986982056778
Position: -76.4567 -34.0967 -894.363 Orientation: -0.377468 -0.153981 -0.539016 0.737068 Time: 17987137912705
Position: -76.46 -34.1067 -894.38 Orientation: -0.377402 -0.154381 -0.539084 0.736969 Time: 17987304961949
Position: -76.4633 -34.08 -894.36 Orientation: -0.376864 -0.153512 -0.53931 0.73726 Time: 17987486093090
Position: -76.4633 -34.11 -894.38 Orientation: -0.377426 -0.154577 -0.539037 0.73695 Time: 17987626810162
Position: -76.4667 -34.1033 -894.4 Orientation: -0.377311 -0.154152 -0.539097 0.737054 Time: 17987741800910
Position: -76.4633 -34.1 -894.37 Orientation: -0.37727 -0.154248 -0.539119 0.737038 Time: 17987912615478
Position: -76.46 -34.0933 -894.39 Orientation: -0.376998 -0.15388 -0.539245 0.737162 Time: 17988086206086
Position: -76.4633 -34.1067 -894.383 Orientation: -0.37763 -0.154479 -0.53891 0.736959 Time: 17988272765931
Position: -76.47 -34.1067 -894.403 Orientation: -0.377466 -0.154213 -0.539047 0.736998 Time: 17988442971797
Position: -76.46 -34.1 -894.377 Orientation: -0.37715 -0.153954 -0.539205 0.737098 Time: 17988589196085
Position: -76.4567 -34.0833 -894.357 Orientation: -0.376778 -0.153718 -0.539364 0.737221 Time: 17988775891472
Position: -76.4567 -34.1 -894.383 Orientation: -0.377298 -0.154413 -0.539112 0.736995 Time: 17988931694361
Position: -76.46 -34.1 -894.383 Orientation: -0.377229 -0.154179 -0.539142 0.737057 Time: 17989087754456
Position: -76.4633 -34.0967 -894.387 Orientation: -0.37716 -0.153944 -0.539172 0.737119 Time: 17989244013587
Position: -76.46 -34.0833 -894.373 Orientation: -0.376802 -0.153481 -0.53935 0.737269 Time: 17989399645956
Position: -76.4567 -34.1 -894.38 Orientation: -0.377228 -0.154245 -0.539173 0.737021 Time: 17989556382239
Position: -76.4667 -34.1033 -894.397 Orientation: -0.377393 -0.154211 -0.539071 0.737018 Time: 17989712107187
Position: -76.46 -34.12 -894.39 Orientation: -0.377927 -0.154744 -0.538771 0.736852 Time: 17989862809866
Position: -76.4567 -34.1067 -894.37 Orientation: -0.377367 -0.15438 -0.539114 0.736965 Time: 17990029102129
Position: -76.47 -34.11 -894.397 Orientation: -0.377544 -0.154251 -0.538997 0.736987 Time: 17990174738435
Position: -76.46 -34.1033 -894.377 Orientation: -0.377409 -0.154217 -0.539061 0.737016 Time: 17990335852546
Position: -76.46 -34.1033 -894.387 Orientation: -0.377227 -0.154378 -0.539138 0.737019 Time: 17990492126695
Position: -76.4667 -34.1033 -894.39 Orientation: -0.377571 -0.154282 -0.538987 0.736974 Time: 17990647634358
Position: -76.4633 -34.1033 -894.387 Orientation: -0.377396 -0.154279 -0.539042 0.737024 Time: 17990798838712
Position: -76.46 -34.1067 -894.397 Orientation: -0.37727 -0.154248 -0.539119 0.737038 Time: 17990971162489
Position: -76.4567 -34.1067 -894.393 Orientation: -0.377364 -0.154346 -0.539043 0.737026 Time: 17991141579557
Position: -76.46 -34.09 -894.367 Orientation: -0.376964 -0.153746 -0.53931 0.73716 Time: 17991313352042
Position: -76.4533 -34.0933 -894.39 Orientation: -0.376731 -0.154113 -0.539412 0.737128 Time: 17991453951441
Position: -76.4733 -34.11 -894.41 Orientation: -0.377694 -0.154245 -0.538939 0.736953 Time: 17991662594710
Position: -76.4633 -34.1067 -894.41 Orientation: -0.37733 -0.154245 -0.539142 0.736991 Time: 17991833925021
Position: -76.4533 -34.09 -894.373 Orientation: -0.376909 -0.153717 -0.539327 0.737182 Time: 17991994726797
Position: -76.4667 -34.1 -894.417 Orientation: -0.377428 -0.154212 -0.539041 0.737022 Time: 17992130055655
Position: -76.4667 -34.0867 -894.393 Orientation: -0.376946 -0.153519 -0.5393 0.737224 Time: 17992265876684
Position: -76.4633 -34.1067 -894.363 Orientation: -0.377467 -0.154047 -0.539048 0.737032 Time: 17992473194760
Position: -76.4633 -34.1 -894.38 Orientation: -0.377134 -0.154114 -0.539215 0.737066 Time: 17992593262908
Position: -76.46 -34.0967 -894.407 Orientation: -0.377197 -0.154079 -0.539144 0.737093 Time: 17992810879688
Position: -76.4667 -34.1033 -894.387 Orientation: -0.37726 -0.154144 -0.539138 0.737052 Time: 17992951112383
Position: -76.4667 -34.1167 -894.41 Orientation: -0.377764 -0.154579 -0.538877 0.736893 Time: 17993109427072
Position: -76.46 -34.0867 -894.353 Orientation: -0.376717 -0.153354 -0.539405 0.737298 Time: 17993278885462
Position: -76.4667 -34.1033 -894.4 Orientation: -0.37753 -0.154012 -0.538976 0.737059 Time: 17993419974370
Position: -76.47 -34.11 -894.4 Orientation: -0.377611 -0.154318 -0.53893 0.736987 Time: 17993570569261
Position: -76.4633 -34.1067 -894.393 Orientation: -0.377475 -0.154384 -0.53906 0.736948 Time: 17993762523973
Position: -76.46 -34.11 -894.37 Orientation: -0.377507 -0.15445 -0.539024 0.736945 Time: 17993908436495
Position: -76.46 -34.0867 -894.37 Orientation: -0.37669 -0.153576 -0.539433 0.737245 Time: 17994074685226
Position: -76.4667 -34.0933 -894.373 Orientation: -0.377232 -0.153813 -0.539146 0.737129 Time: 17994220196826
Position: -76.4633 -34.1 -894.393 Orientation: -0.377265 -0.154013 -0.539112 0.737095 Time: 17994387183527
Position: -76.4533 -34.09 -894.367 Orientation: -0.376943 -0.153784 -0.539328 0.73715 Time: 17994542545953
Position: -76.4733 -34.1033 -894.397 Orientation: -0.377727 -0.154244 -0.538872 0.736986 Time: 17994683674212
Position: -76.46 -34.0967 -894.367 Orientation: -0.377166 -0.154013 -0.53918 0.737097 Time: 17994844610959
Position: -76.4733 -34.1067 -894.397 Orientation: -0.377535 -0.154248 -0.538983 0.737002 Time: 17995015509362
Position: -76.4633 -34.0967 -894.377 Orientation: -0.377197 -0.153812 -0.539176 0.737125 Time: 17995171935401
Position: -76.47 -34.1 -894.397 Orientation: -0.377299 -0.15388 -0.539079 0.73713 Time: 17995286595945
Position: -76.4633 -34.1067 -894.413 Orientation: -0.377558 -0.154177 -0.538969 0.737015 Time: 17995463292987
Position: -76.4567 -34.0933 -894.383 Orientation: -0.376897 -0.153912 -0.53931 0.737159 Time: 17995619575691
Position: -76.4567 -34.0967 -894.357 Orientation: -0.376937 -0.153715 -0.53932 0.737173 Time: 17995791057702
Position: -76.4633 -34.1067 -894.39 Orientation: -0.377405 -0.154449 -0.539054 0.736974 Time: 17995951588204
Position: -76.4533 -34.0933 -894.37 Orientation: -0.376936 -0.153581 -0.539318 0.737203 Time: 17996113763458
Position: -76.46 -34.1 -894.39 Orientation: -0.377299 -0.15408 -0.539113 0.737063 Time: 17996273636022
Position: -76.46 -34.0933 -894.363 Orientation: -0.376893 -0.153711 -0.539337 0.737184 Time: 17996419653100
Position: -76.46 -34.0833 -894.373 Orientation: -0.376868 -0.153481 -0.53935 0.737235 Time: 17996575886567
Position: -76.4667 -34.1033 -894.367 Orientation: -0.377337 -0.154115 -0.539153 0.737006 Time: 17996731728997
Position: -76.4667 -34.0967 -894.4 Orientation: -0.377029 -0.153845 -0.539241 0.737156 Time: 17996887569716
Position: -76.4667 -34.11 -894.4 Orientation: -0.377609 -0.154517 -0.538927 0.736949 Time: 17997085339987
Position: -76.46 -34.0933 -894.383 Orientation: -0.377108 -0.154117 -0.539259 0.737047 Time: 17997215388039
Position: -76.4667 -34.0867 -894.37 Orientation: -0.376838 -0.153549 -0.539388 0.737208 Time: 17997397432043
Position: -76.47 -34.1 -894.4 Orientation: -0.377133 -0.153813 -0.539213 0.737131 Time: 17997553021259
Position: -76.4633 -34.09 -894.377 Orientation: -0.376793 -0.153677 -0.539371 0.737218 Time: 17997709259669
Position: -76.4733 -34.11 -894.413 Orientation: -0.377628 -0.154278 -0.538974 0.736955 Time: 17997865411964
Position: -76.46 -34.1 -894.393 Orientation: -0.377239 -0.154216 -0.539189 0.73701 Time: 17998021109157
Position: -76.4667 -34.1 -894.407 Orientation: -0.377182 -0.15394 -0.539189 0.737097 Time: 17998167506626
