Position: -30.0367 53.5 -1009.23 Orientation: 0.180748 -0.208517 0.643553 0.713926 Time: 17835269675085
Position: -30.0333 53.5 -1009.22 Orientation: 0.180688 -0.208424 0.643574 0.713949 Time: 17835430658217
Position: -30.0333 53.5 -1009.25 Orientation: 0.180681 -0.208817 0.643551 0.713857 Time: 17835596702589
Position: -30.0333 53.49 -1009.2 Orientation: 0.180182 -0.207484 0.643787 0.714159 Time: 17835721785212
Position: -30.03 53.5033 -1009.23 Orientation: 0.180385 -0.208655 0.643632 0.713906 Time: 17835893117804
Position: -30.0333 53.5 -1009.2 Orientation: 0.180647 -0.208315 0.643581 0.713986 Time: 17836044499332
Position: -30.0367 53.5133 -1009.24 Orientation: 0.181219 -0.209289 0.643301 0.713808 Time: 17836207670142
Position: -30.0367 53.4933 -1009.21 Orientation: 0.18045 -0.208419 0.643625 0.713965 Time: 17836376814486
Position: -30.0333 53.4933 -1009.22 Orientation: 0.180442 -0.20841 0.643629 0.713966 Time: 17836517408942
Position: -30.03 53.5033 -1009.25 Orientation: 0.180715 -0.209217 0.643485 0.713791 Time: 17836699260945
Position: -30.0367 53.4967 -1009.2 Orientation: 0.180387 -0.207824 0.643706 0.714081 Time: 17836829061105
Position: -30.03 53.5 -1009.23 Orientation: 0.180551 -0.20842 0.643629 0.713936 Time: 17837000562317
Position: -30.0367 53.5 -1009.18 Orientation: 0.180652 -0.208388 0.643567 0.713975 Time: 17837137211234
Position: -30.0233 53.5067 -1009.23 Orientation: 0.181079 -0.209381 0.643377 0.713748 Time: 17837292408652
Position: -30.03 53.5133 -1009.24 Orientation: 0.181012 -0.209447 0.643376 0.713747 Time: 17837500104270
Position: -30.0333 53.4933 -1009.21 Orientation: 0.180513 -0.208115 0.643612 0.71405 Time: 17837651299309
Position: -30.03 53.5067 -1009.23 Orientation: 0.180917 -0.208953 0.643428 0.713868 Time: 17837828032280
Position: -30.0333 53.4967 -1009.21 Orientation: 0.180682 -0.208551 0.643522 0.713961 Time: 17837953604982
Position: -30.03 53.5033 -1009.22 Orientation: 0.180781 -0.208717 0.643518 0.713891 Time: 17838114690959
Position: -30.03 53.4867 -1009.21 Orientation: 0.180248 -0.20775 0.64372 0.714126 Time: 17838280045076
Position: -30.03 53.4933 -1009.22 Orientation: 0.180053 -0.208156 0.643735 0.714043 Time: 17838425773200
Position: -30.0333 53.5 -1009.22 Orientation: 0.180714 -0.208682 0.643515 0.713921 Time: 17838623146161
Position: -30.0333 53.49 -1009.21 Orientation: 0.180289 -0.208193 0.64368 0.714022 Time: 17838768949946
Position: -30.0333 53.5133 -1009.24 Orientation: 0.18135 -0.209119 0.643292 0.713832 Time: 17838925345759
Position: -30.03 53.4933 -1009.22 Orientation: 0.180212 -0.208181 0.643677 0.714048 Time: 17839039801755
Position: -30.0367 53.49 -1009.22 Orientation: 0.180209 -0.207711 0.643767 0.714104 Time: 17839247332554
Position: -30.0333 53.4933 -1009.23 Orientation: 0.180414 -0.20795 0.643685 0.714057 Time: 17839372652802
Position: -30.0367 53.4967 -1009.24 Orientation: 0.180787 -0.208224 0.643539 0.714014 Time: 17839527978729
Position: -30.03 53.4933 -1009.21 Orientation: 0.180349 -0.207884 0.643721 0.71406 Time: 17839715395358
Position: -30.03 53.4867 -1009.19 Orientation: 0.180314 -0.207716 0.643716 0.714122 Time: 17839825176779
Position: -30.0333 53.5067 -1009.24 Orientation: 0.180813 -0.208948 0.643479 0.71385 Time: 17840012512805
Position: -30.03 53.5033 -1009.27 Orientation: 0.180651 -0.208754 0.643529 0.713903 Time: 17840178516495
Position: -30.0367 53.4867 -1009.19 Orientation: 0.180417 -0.207652 0.643659 0.714166 Time: 17840339632698
Position: -30.03 53.4767 -1009.2 Orientation: 0.179845 -0.207546 0.64384 0.714178 Time: 17840495606488
Position: -30.03 53.4967 -1009.21 Orientation: 0.180681 -0.20835 0.643553 0.713992 Time: 17840651287712
Position: -30.0267 53.5067 -1009.24 Orientation: 0.180883 -0.209019 0.643458 0.713831 Time: 17840807760136
Position: -30.0333 53.5 -1009.22 Orientation: 0.180551 -0.208187 0.643595 0.714035 Time: 17840962911170
Position: -30.0333 53.4867 -1009.21 Orientation: 0.180085 -0.207821 0.643765 0.714105 Time: 17841114937140
Position: -30.0367 53.4933 -1009.2 Orientation: 0.180674 -0.208108 0.643592 0.714029 Time: 17841247214882
Position: -30.0333 53.4967 -1009.23 Orientation: 0.180587 -0.208423 0.643571 0.713978 Time: 17841467895705
Position: -30.03 53.4933 -1009.23 Orientation: 0.180383 -0.208152 0.643658 0.714031 Time: 17841623747450
Position: -30.0367 53.5033 -1009.24 Orientation: 0.180653 -0.208489 0.643569 0.713944 Time: 17841779727132
Position: -30.03 53.5133 -1009.24 Orientation: 0.181283 -0.209085 0.643324 0.71383 Time: 17841930393311
Position: -30.0367 53.4933 -1009.2 Orientation: 0.180617 -0.20802 0.643629 0.714036 Time: 17842092058335
Position: -30.03 53.5 -1009.23 Orientation: 0.180617 -0.208919 0.643526 0.713866 Time: 17842232448053
Position: -30.0367 53.49 -1009.21 Orientation: 0.180351 -0.207921 0.643697 0.714071 Time: 17842398504972
Position: -30.0333 53.4867 -1009.19 Orientation: 0.180384 -0.207787 0.643696 0.714102 Time: 17842550327153
Position: -30.0367 53.49 -1009.21 Orientation: 0.18045 -0.208186 0.643661 0.714001 Time: 17842720809235
Position: -30.03 53.49 -1009.21 Orientation: 0.180148 -0.207951 0.64372 0.714092 Time: 17842877255615
Position: -30.03 53.5067 -1009.24 Orientation: 0.181049 -0.209185 0.643357 0.71383 Time: 17843032699404
Position: -30.0367 53.4867 -1009.2 Orientation: 0.180256 -0.207326 0.643782 0.714191 Time: 17843225435239
Position: -30.04 53.4767 -1009.19 Orientation: 0.179845 -0.207213 0.643874 0.714245 Time: 17843381374241
Position: -30.03 53.4833 -1009.2 Orientation: 0.180046 -0.207648 0.64378 0.714152 Time: 17843547741214
Position: -30.0267 53.4867 -1009.2 Orientation: 0.179984 -0.207619 0.643827 0.714134 Time: 17843693523897
Position: -30.0333 53.4867 -1009.18 Orientation: 0.180183 -0.207785 0.643758 0.714097 Time: 17843849224322
Position: -30.0333 53.4967 -1009.23 Orientation: 0.180313 -0.208282 0.643647 0.714019 Time: 17844000591782
Position: -30.0367 53.49 -1009.22 Orientation: 0.180582 -0.208217 0.643586 0.714026 Time: 17844156653589
Position: -30.0333 53.4967 -1009.25 Orientation: 0.180714 -0.20845 0.643551 0.713956 Time: 17844364147129
Position: -30.0367 53.4933 -1009.21 Orientation: 0.180581 -0.208016 0.643617 0.714056 Time: 17844509698840
Position: -30.0333 53.4733 -1009.21 Orientation: 0.179812 -0.207214 0.643877 0.714249 Time: 17844665816726
Position: -30.0367 53.4967 -1009.22 Orientation: 0.180745 -0.208147 0.643576 0.714014 Time: 17844821754586
Position: -30.04 53.4867 -1009.22 Orientation: 0.180173 -0.207475 0.643791 0.71416 Time: 17844942027092
Position: -30.04 53.4933 -1009.17 Orientation: 0.180343 -0.208011 0.643668 0.714072 Time: 17845160632205
Position: -30.0367 53.4833 -1009.2 Orientation: 0.180048 -0.207717 0.643752 0.714157 Time: 17845377924104
Position: -30.03 53.4933 -1009.2 Orientation: 0.180648 -0.208283 0.643585 0.713991 Time: 17845523934528
Position: -30.03 53.48 -1009.21 Orientation: 0.179946 -0.207415 0.643846 0.714185 Time: 17845684664636
Position: -30.0333 53.49 -1009.21 Orientation: 0.180578 -0.20798 0.643607 0.714078 Time: 17845841344650
Position: -30.0333 53.4867 -1009.2 Orientation: 0.18021 -0.207911 0.643701 0.714105 Time: 17846033280922
Position: -30.04 53.4767 -1009.19 Orientation: 0.180017 -0.20712 0.643829 0.714269 Time: 17846189536251
Position: -30.0333 53.4867 -1009.2 Orientation: 0.180247 -0.207782 0.643715 0.714121 Time: 17846298467351
Position: -30.0367 53.51 -1009.25 Orientation: 0.181283 -0.209185 0.643291 0.713831 Time: 17846511673415
Position: -30.0367 53.4867 -1009.21 Orientation: 0.180012 -0.207581 0.643777 0.714182 Time: 17846647090290
Position: -30.03 53.4733 -1009.18 Orientation: 0.179948 -0.20715 0.643851 0.714257 Time: 17846813137514
Position: -30.03 53.4933 -1009.26 Orientation: 0.180444 -0.208446 0.643605 0.713976 Time: 17846964660857
Position: -30.04 53.4733 -1009.17 Orientation: 0.179814 -0.207182 0.643882 0.714254 Time: 17847094818216
Position: -30.0333 53.4967 -1009.24 Orientation: 0.180748 -0.208617 0.643485 0.713958 Time: 17847312336905
Position: -30.04 53.49 -1009.18 Orientation: 0.180448 -0.207784 0.643653 0.714125 Time: 17847463715391
Position: -30.0333 53.4867 -1009.19 Orientation: 0.180548 -0.207817 0.643652 0.714091 Time: 17847594055247
Position: -30.0333 53.4933 -1009.23 Orientation: 0.180482 -0.208417 0.643587 0.713992 Time: 17847749279280
Position: -30.0333 53.4967 -1009.22 Orientation: 0.180821 -0.208624 0.643473 0.713948 Time: 17847951728879
Position: -30.0333 53.4867 -1009.2 Orientation: 0.180315 -0.207684 0.643686 0.714159 Time: 17848082308642
Position: -30.0333 53.4933 -1009.22 Orientation: 0.180683 -0.208519 0.643526 0.713966 Time: 17848258602672
Position: -30.0333 53.49 -1009.23 Orientation: 0.180454 -0.208291 0.643608 0.714016 Time: 17848409696767
Position: -30.0367 53.4833 -1009.2 Orientation: 0.180184 -0.20762 0.64373 0.71417 Time: 17848550153021
Position: -30.0367 53.49 -1009.22 Orientation: 0.180715 -0.208418 0.643555 0.713961 Time: 17848716989543
Position: -30.03 53.4933 -1009.22 Orientation: 0.180543 -0.208378 0.643568 0.714005 Time: 17848877602739
Position: -30.04 53.4967 -1009.19 Orientation: 0.180611 -0.20818 0.643607 0.714011 Time: 17849075190894
Position: -30.04 53.5133 -1009.27 Orientation: 0.181119 -0.209389 0.643334 0.713774 Time: 17849221294277
Position: -30.03 53.5167 -1009.25 Orientation: 0.181383 -0.209752 0.643225 0.713698 Time: 17849387290553
Position: -30.0367 53.4933 -1009.23 Orientation: 0.180619 -0.208188 0.643567 0.714042 Time: 17849496862863
Position: -30.0333 53.5033 -1009.23 Orientation: 0.181082 -0.208851 0.643387 0.713893 Time: 17849699072935
Position: -30.0333 53.5 -1009.21 Orientation: 0.180781 -0.208383 0.643517 0.713989 Time: 17849850029208
Position: -30.0333 53.5033 -1009.23 Orientation: 0.180885 -0.208621 0.643466 0.71394 Time: 17849990491734
Position: -30.04 53.4933 -1009.23 Orientation: 0.180655 -0.207858 0.643578 0.714119 Time: 17850182670765
Position: -30.04 53.49 -1009.24 Orientation: 0.180621 -0.208157 0.643607 0.714015 Time: 17850307497132
Position: -30.0367 53.4967 -1009.21 Orientation: 0.180782 -0.208451 0.643489 0.713995 Time: 17850474570709
Position: -30.03 53.5 -1009.21 Orientation: 0.180809 -0.208811 0.643466 0.713903 Time: 17850681604586
Position: -30.03 53.5067 -1009.24 Orientation: 0.181186 -0.208423 0.643403 0.713978 Time: 17850827612729
Position: -30.04 53.51 -1009.27 Orientation: 0.181121 -0.209325 0.643343 0.713784 Time: 17850983470937
Position: -30.03 53.5133 -1009.27 Orientation: 0.181217 -0.209553 0.643261 0.713767 Time: 17851139621330
