Position: 272.05 3.44333 -1001.5 Orientation: 0.0768373 0.0331351 0.0953716 0.991919 Time: 514925010601593
Position: 272.04 3.44333 -1001.52 Orientation: 0.0766713 0.0337687 0.0955392 0.991894 Time: 514925320365542
Position: 272.047 3.44 -1001.5 Orientation: 0.0767054 0.033069 0.0953068 0.991937 Time: 514925560828280
Position: 272.033 3.45333 -1001.54 Orientation: 0.0765049 0.0344689 0.0957394 0.991863 Time: 514925830569729
Position: 272.053 3.43667 -1001.48 Orientation: 0.0767047 0.0326353 0.0952059 0.991961 Time: 514926058525483
Position: 272.047 3.44333 -1001.5 Orientation: 0.0765381 0.0334354 0.0954059 0.991928 Time: 514926378201526
Position: 272.043 3.44333 -1001.52 Orientation: 0.0764723 0.0338358 0.0955404 0.991907 Time: 514926668804360
Position: 272.053 3.44667 -1001.52 Orientation: 0.0768389 0.0333357 0.0954402 0.991905 Time: 514926904044052
Position: 272.053 3.43667 -1001.51 Orientation: 0.0766695 0.0330679 0.0953369 0.991937 Time: 514927169843741
Position: 272.047 3.44 -1001.5 Orientation: 0.0766696 0.0330346 0.095337 0.991938 Time: 514927402981289
Position: 272.04 3.45 -1001.5 Orientation: 0.0768079 0.0334034 0.0954765 0.991902 Time: 514927697515236
Position: 272.037 3.44333 -1001.48 Orientation: 0.0765703 0.0337016 0.0954379 0.991914 Time: 514927945636793
Position: 272.043 3.44 -1001.51 Orientation: 0.0766369 0.0335682 0.0954378 0.991913 Time: 514928280400452
Position: 272.043 3.44333 -1001.49 Orientation: 0.0768058 0.0332358 0.0954738 0.991908 Time: 514928533401921
Position: 272.047 3.43667 -1001.47 Orientation: 0.0767711 0.0326019 0.0952055 0.991957 Time: 514928821147145
Position: 272.05 3.44333 -1001.5 Orientation: 0.0767054 0.0331023 0.0953067 0.991936 Time: 514929112557151
Position: 272.043 3.44333 -1001.47 Orientation: 0.0768392 0.0327025 0.0952739 0.991942 Time: 514929406036604
Position: 272.043 3.44 -1001.48 Orientation: 0.0765702 0.0330349 0.0953377 0.991946 Time: 514929697137314
Position: 272.05 3.44333 -1001.51 Orientation: 0.0768373 0.0331351 0.0953716 0.991919 Time: 514929992717582
Position: 272.033 3.45 -1001.5 Orientation: 0.0766401 0.0338363 0.0956084 0.991887 Time: 514930235376185
Position: 272.04 3.44 -1001.5 Orientation: 0.0766048 0.0333687 0.0953726 0.991929 Time: 514930522632087
Position: 272.047 3.44333 -1001.5 Orientation: 0.0768045 0.0331353 0.0953389 0.991924 Time: 514930822313800
Position: 272.043 3.44333 -1001.51 Orientation: 0.07674 0.0333029 0.095375 0.99192 Time: 514931105670335
Position: 272.047 3.44 -1001.47 Orientation: 0.0769054 0.0327356 0.0952733 0.991936 Time: 514931399156442
Position: 272.057 3.44 -1001.49 Orientation: 0.0768042 0.0326351 0.0952051 0.991954 Time: 514931644067370
Position: 272.04 3.43333 -1001.43 Orientation: 0.0765372 0.0325683 0.0951381 0.991983 Time: 514931936565518
Position: 272.047 3.44 -1001.49 Orientation: 0.0766368 0.0335015 0.095471 0.991912 Time: 514932191981470
Position: 272.04 3.43667 -1001.48 Orientation: 0.0765397 0.0330694 0.095308 0.99195 Time: 514932474303851
Position: 272.04 3.45 -1001.51 Orientation: 0.0766701 0.0339682 0.0956376 0.991878 Time: 514932712543920
Position: 272.057 3.43 -1001.48 Orientation: 0.0766377 0.0321018 0.0951388 0.99199 Time: 514932955597745
Position: 272.053 3.43333 -1001.46 Orientation: 0.0765368 0.0313348 0.0949043 0.992045 Time: 514933205356268
Position: 272.62 3.10667 -1002.43 Orientation: 0.0767379 0.0318686 0.0958057 0.991926 Time: 514933480993722
Position: 276.94 2.65 -1005.75 Orientation: 0.0748045 0.0400357 0.0980392 0.991559 Time: 514933724414823
Position: 293.04 0.1 -1018.87 Orientation: 0.0847086 0.0478048 0.105977 0.9896 Time: 514933970713114
Position: 308.12 3.09667 -1049.19 Orientation: 0.105638 0.0458686 0.114938 0.986674 Time: 514934263353078
Position: 318.66 9.41 -1074.6 Orientation: 0.119841 0.0446695 0.122475 0.984197 Time: 514934511230925
Position: 321.797 18.9367 -1097.94 Orientation: 0.132544 0.0439702 0.124477 0.982346 Time: 514934756396780
Position: 327.59 34.1033 -1117.76 Orientation: 0.141914 0.0477048 0.12858 0.980333 Time: 514935046066975
Position: 327.243 52.0967 -1121.2 Orientation: 0.137475 0.0415358 0.132741 0.980691 Time: 514935290367107
Position: 316.843 73.9367 -1122.47 Orientation: 0.13907 0.0382342 0.12857 0.981156 Time: 514935584715705
Position: 311.667 90.8067 -1116.35 Orientation: 0.136275 0.0404357 0.129608 0.981324 Time: 514935831372338
Position: 298.85 108.64 -1100.54 Orientation: 0.132343 0.0351025 0.125742 0.982569 Time: 514936129152463
Position: 289.597 121.66 -1078.68 Orientation: 0.126276 0.041503 0.123476 0.983405 Time: 514936372563489
Position: 275.68 131.793 -1050.37 Orientation: 0.120744 0.0435037 0.119943 0.98445 Time: 514936661766793
Position: 260.537 137.42 -1021.68 Orientation: 0.111204 0.0411015 0.114671 0.986304 Time: 514936908867504
Position: 240.317 138.55 -988.41 Orientation: 0.0997056 0.0466026 0.105073 0.988356 Time: 514937205339159
Position: 221.357 131.717 -960.27 Orientation: 0.0924054 0.0478694 0.0967056 0.989857 Time: 514937493056248
Position: 206.133 120.513 -942.403 Orientation: 0.0877037 0.0452019 0.0907372 0.990975 Time: 514937752121962
Position: 193.22 105.49 -928.823 Orientation: 0.0823066 0.0476705 0.08404 0.991913 Time: 514937999313352
Position: 176.72 89.5333 -910.873 Orientation: 0.0706371 0.0502027 0.076204 0.993319 Time: 514938296279271
Position: 160.763 77.56 -894.797 Orientation: 0.0604368 0.053003 0.0692372 0.994356 Time: 514938540838321
Position: 143.02 64 -877.443 Orientation: 0.0525358 0.0489023 0.0605695 0.99558 Time: 514938839926346
Position: 134.547 54.3533 -859.197 Orientation: 0.0411017 0.0577691 0.0560357 0.995908 Time: 514939080032263
Position: 131.93 40.2333 -834.127 Orientation: 0.0328353 0.0692375 0.0582035 0.995359 Time: 514939358427523
Position: 124.56 19.8433 -818.383 Orientation: 0.0353681 0.0711028 0.0724362 0.994206 Time: 514939601112740
Position: 116.523 -12.6333 -807.217 Orientation: 0.0446683 0.0586688 0.079503 0.994104 Time: 514939882518452
Position: 104.127 -40.5333 -804.03 Orientation: 0.0583703 0.0456362 0.0872387 0.993428 Time: 514940129125278
Position: 96.5467 -69.1167 -801.637 Orientation: 0.0778066 0.0526045 0.0905744 0.991451 Time: 514940374515073
Position: 95.01 -89.7 -805.743 Orientation: 0.0888041 0.050569 0.0991379 0.989812 Time: 514940612806659
Position: 98.7833 -112.12 -820.61 Orientation: 0.111175 0.0547039 0.109174 0.98627 Time: 514940853619375
Position: 109.117 -136.863 -848.673 Orientation: 0.14754 0.0511689 0.128706 0.97931 Time: 514941128380080
Position: 119.413 -152.923 -877.563 Orientation: 0.183711 0.0514364 0.150309 0.970058 Time: 514941370456211
Position: 131.67 -162.103 -906.08 Orientation: 0.223394 0.0541065 0.183089 0.955848 Time: 514941615700388
Position: 146.34 -165.54 -928.297 Orientation: 0.254989 0.0567049 0.203051 0.943682 Time: 514941903266156
Position: 159.523 -163.933 -926.363 Orientation: 0.235854 0.0551716 0.19075 0.951285 Time: 514942144972730
Position: 168.547 -166.163 -926.577 Orientation: 0.208624 0.041338 0.188288 0.958809 Time: 514942387066541
Position: 161.36 -168.117 -925.373 Orientation: 0.165957 0.0165023 0.131619 0.977171 Time: 514942660614777
Position: 161.813 -168.017 -925.63 Orientation: 0.145886 0.0180357 0.0758098 0.986228 Time: 514942904700094
Position: 169.807 -164.057 -927.077 Orientation: 0.0966424 0.00323364 0.0369701 0.994627 Time: 514943149682311
Position: 183.903 -160.537 -946.147 Orientation: 0.0447383 0.0175353 0.00156684 0.998844 Time: 514943425100957
Position: 192.12 -165.37 -979.587 Orientation: 0.0399685 0.0094671 0.00930043 0.999113 Time: 514943670255977
Position: 203.073 -167.313 -1012.73 Orientation: 0.0428037 0.0253022 0.0286358 0.998352 Time: 514943906768971
Position: 210.037 -165.843 -1054.53 Orientation: 0.0670721 0.0438369 0.0541377 0.995313 Time: 514944185777499
Position: 207.2 -160.427 -1080.99 Orientation: 0.0765733 0.0551381 0.0774734 0.992519 Time: 514944423783933
Position: 202.837 -154.753 -1103.05 Orientation: 0.0849386 0.064504 0.0952059 0.989728 Time: 514944672895349
Position: 196.877 -147.827 -1120.8 Orientation: 0.0842731 0.0707054 0.113675 0.987409 Time: 514944949162230
Position: 194.34 -144.867 -1128.94 Orientation: 0.0849374 0.0820373 0.127006 0.984848 Time: 514945189475929
Position: 192.84 -148.627 -1139.19 Orientation: 0.100408 0.0935076 0.129711 0.982013 Time: 514945425607199
Position: 187.797 -150.263 -1144.44 Orientation: 0.113438 0.104271 0.138239 0.97834 Time: 514945712541638
Position: 178.5 -154.057 -1137.49 Orientation: 0.119912 0.101643 0.131346 0.978794 Time: 514945957350293
Position: 172.683 -161.003 -1127.48 Orientation: 0.133976 0.114342 0.127776 0.976038 Time: 514946206360195
Position: 156.717 -163.933 -1113.18 Orientation: 0.13301 0.104675 0.119976 0.978242 Time: 514946447369096
Position: 141.99 -167.46 -1099.71 Orientation: 0.124976 0.104242 0.0964409 0.981944 Time: 514946695238198
Position: 125.207 -166.397 -1085.21 Orientation: 0.101075 0.0997412 0.0781395 0.986778 Time: 514946940181254
Position: 107.843 -165.573 -1076.66 Orientation: 0.0927087 0.100676 0.0556386 0.989027 Time: 514947186563950
Position: 95.14 -162.86 -1068.15 Orientation: 0.0738394 0.100642 0.0551045 0.990648 Time: 514947438908237
Position: 85.68 -158.867 -1051.49 Orientation: 0.049036 0.0920383 0.0675037 0.992254 Time: 514947722832987
Position: 72.7267 -164.573 -1027.96 Orientation: 0.0626687 0.0757025 0.0480349 0.993999 Time: 514947958537858
Position: 54.5533 -169.507 -989.927 Orientation: 0.0463026 0.0814379 0.0286683 0.995189 Time: 514948208308358
Position: 36.1533 -169.683 -946.31 Orientation: 0.0111677 0.0816074 0.0169682 0.996458 Time: 514948447851764
Position: 13.42 -165.353 -907.903 Orientation: -0.017968 0.0652714 0.00126676 0.997705 Time: 514948731068764
Position: 0.29 -160.583 -891.507 Orientation: -0.0297692 0.0648721 -0.00810068 0.997417 Time: 514948962791385
Position: -10.6767 -153.66 -875.923 Orientation: -0.0388018 0.0651364 -0.0167675 0.996981 Time: 514949252292959
Position: -21.1667 -146.2 -861.81 Orientation: -0.0454011 0.068735 -0.0235006 0.996324 Time: 514949493365163
Position: -36.1767 -138.933 -852.407 Orientation: -0.05187 0.0696379 -0.0323354 0.995698 Time: 514949746461493
Position: -47.1433 -126.143 -844.893 Orientation: -0.0589716 0.0679723 -0.0389032 0.995183 Time: 514950022428203
Position: -55.34 -110.607 -839.797 Orientation: -0.0624058 0.0650061 -0.0432374 0.994993 Time: 514950273280382
Position: -64.26 -92.09 -839.357 Orientation: -0.0629719 0.0665055 -0.0471039 0.994682 Time: 514950556584449
Position: -69.7633 -74.7233 -839.057 Orientation: -0.0630017 0.0658351 -0.0491347 0.994627 Time: 514950803887238
Position: -77.7367 -50.3933 -840.977 Orientation: -0.0625697 0.0630031 -0.0546693 0.994549 Time: 514951075488641
Position: -83.1667 -29.2533 -848.737 Orientation: -0.0615366 0.0627033 -0.0589698 0.994386 Time: 514951358599565
Position: -88.6967 -13.91 -854.733 Orientation: -0.0579059 0.0636065 -0.0629731 0.994302 Time: 514951561230916
Position: -89.5167 6.62667 -863.59 Orientation: -0.0541361 0.0690702 -0.0608031 0.994284 Time: 514951844997690
Position: -89.2567 22.6833 -873.93 Orientation: -0.0434044 0.0634064 -0.0611395 0.995167 Time: 514952080069903
Position: -86.17 37.7967 -885.463 Orientation: -0.0298354 0.061071 -0.0556039 0.996137 Time: 514952362912974
Position: -83.6467 47.8033 -894.02 Orientation: -0.0185346 0.0596373 -0.05057 0.996766 Time: 514952605507133
Position: -79.7467 59.3667 -909.38 Orientation: -0.00176675 0.0601362 -0.0425687 0.997281 Time: 514952876851519
Position: -74.5833 67.4933 -925.85 Orientation: 0.0182677 0.0542363 -0.0375354 0.997655 Time: 514953115162685
Position: -65.1167 74.6767 -942.91 Orientation: 0.0339682 0.0519356 -0.0256011 0.997744 Time: 514953354067540
Position: -54.0067 75.6633 -963.92 Orientation: 0.0561691 0.0472021 -0.0110338 0.997244 Time: 514953597534265
Position: -41.98 74.8333 -983.04 Orientation: 0.0732071 0.0410707 0.00383371 0.996463 Time: 514953850775072
Position: -29.0167 71.53 -1006.17 Orientation: 0.095273 0.0360691 0.019868 0.994599 Time: 514954091634363
Position: -23.0467 63.27 -1011.95 Orientation: 0.0991368 0.0270343 0.0232675 0.994434 Time: 514954372740474
Position: -25.42 53.5633 -999.83 Orientation: 0.0809048 0.0412358 0.0261016 0.995526 Time: 514954614684294
Position: -35.3033 41.8867 -984.22 Orientation: 0.0608359 0.0492354 0.0211675 0.996708 Time: 514954892310213
Position: -42.71 28.9867 -973.717 Orientation: 0.0482025 0.0546029 0.0177676 0.997186 Time: 514955131801721
Position: -47.4 13.39 -966.357 Orientation: 0.0397363 0.0508372 0.0146678 0.997808 Time: 514955407673190
Position: -49.95 -2.86667 -961.44 Orientation: 0.0330689 0.0578372 0.0148677 0.997667 Time: 514955654076607
Position: -52.1667 -21.89 -961.543 Orientation: 0.0279674 0.0529014 0.0151004 0.998094 Time: 514955934298175
Position: -49.3367 -39.9333 -966.89 Orientation: 0.0290341 0.049268 0.0201672 0.99816 Time: 514956177901964
Position: -43.48 -56.5967 -975.407 Orientation: 0.0330339 0.0473008 0.0289005 0.997916 Time: 514956414033614
Position: -38.7933 -70.7433 -982.813 Orientation: 0.0349344 0.0459348 0.0374345 0.997631 Time: 514956660554514
Position: -30.7933 -82.1133 -995.91 Orientation: 0.0429023 0.0438691 0.0467359 0.997021 Time: 514956934173658
Position: -21.7067 -84.49 -1009.36 Orientation: 0.0531381 0.0440706 0.0580719 0.995923 Time: 514957175820730
Position: -21.76 -75.41 -1014.37 Orientation: 0.0565037 0.0392693 0.0587372 0.995899 Time: 514957411785281
Position: -25.0767 -58.6133 -1017.16 Orientation: 0.0610691 0.0348681 0.0556022 0.995973 Time: 514957657272978
Position: -27.9433 -32.5333 -1023.04 Orientation: 0.0724043 0.022868 0.0519364 0.99576 Time: 514957934324029
Position: -30.8667 -8.6 -1030.02 Orientation: 0.0819055 0.0180679 0.0484032 0.9953 Time: 514958179675233
Position: -33.4133 13.06 -1036.06 Orientation: 0.0930353 0.0212671 0.0491677 0.994221 Time: 514958412722863
Position: -33.52 37.8767 -1045.26 Orientation: 0.107409 0.0233353 0.0525711 0.99255 Time: 514958696927252
Position: -33.7867 59.2833 -1056.29 Orientation: 0.124476 0.0042003 0.0447366 0.991205 Time: 514958924240082
Position: -21.0933 74.3733 -1078.55 Orientation: 0.149042 0.00673375 0.0598703 0.986994 Time: 514959206980117
Position: -11.51 80.7267 -1096.5 Orientation: 0.163378 0.0183013 0.075472 0.983502 Time: 514959437660789
Position: 2.77333 75.29 -1113.25 Orientation: 0.179849 0.0158681 0.0887413 0.979555 Time: 514959725338718
Position: 7.75667 61.7167 -1116.94 Orientation: 0.177112 0.0234683 0.09684 0.979134 Time: 514959955147204
Position: 16.1967 35.63 -1114.18 Orientation: 0.171012 0.023935 0.105607 0.9793 Time: 514960230317007
Position: 19.2733 11.0733 -1113.77 Orientation: 0.165645 0.029602 0.111341 0.979433 Time: 514960469876762
Position: 19.1433 -13.9967 -1113.76 Orientation: 0.15688 0.0355697 0.11331 0.980451 Time: 514960750039778
Position: 16.9667 -36.4267 -1113.86 Orientation: 0.148608 0.0389354 0.112373 0.981719 Time: 514960992002419
Position: 14.3767 -60.78 -1115.4 Orientation: 0.137942 0.0338687 0.10824 0.983925 Time: 514961277449883
Position: 18.12 -81.4867 -1114.91 Orientation: 0.127441 0.0360022 0.11274 0.98476 Time: 514961516518985
Position: 21.8333 -102.55 -1115.09 Orientation: 0.117877 0.0390366 0.114643 0.985616 Time: 514961800116379
Position: 24.3667 -115.64 -1119.63 Orientation: 0.115472 0.0354016 0.114572 0.986046 Time: 514962036264949
Position: 35.1433 -127.013 -1130.81 Orientation: 0.11881 0.0313361 0.123677 0.984686 Time: 514962313597730
Position: 41.5567 -129.307 -1140.44 Orientation: 0.126039 0.028968 0.128973 0.983179 Time: 514962552497451
Position: 48.1967 -126.58 -1151.13 Orientation: 0.136572 0.0311013 0.136606 0.980673 Time: 514962794215241
Position: 47.7 -116.91 -1160.48 Orientation: 0.148273 0.0300013 0.137539 0.978876 Time: 514963036182064
Position: 46.1133 -98.5667 -1174.09 Orientation: 0.163816 0.0256025 0.13888 0.97633 Time: 514963324474781
Position: 48.7833 -79.9133 -1182.9 Orientation: 0.17838 0.0160345 0.13941 0.973904 Time: 514963590093113
Position: 46.3233 -57.9533 -1195.63 Orientation: 0.197981 0.00943402 0.13701 0.970537 Time: 514963839926156
Position: 46.34 -36.14 -1207.72 Orientation: 0.218979 -0.00226679 0.134207 0.966453 Time: 514964102115623
Position: 48.08 -11.0033 -1220.96 Orientation: 0.244323 -0.00900084 0.137013 0.959923 Time: 514964378745217
Position: 46.16 12.1167 -1232.47 Orientation: 0.265858 -0.011301 0.137513 0.954087 Time: 514964619452426
Position: 42.8 32.0567 -1237.17 Orientation: 0.28173 -0.0105011 0.137015 0.949602 Time: 514964863705413
Position: 30.8933 46.4167 -1228.75 Orientation: 0.286359 -0.0064339 0.127711 0.949551 Time: 514965108141848
Position: 19.0267 46.7867 -1205.04 Orientation: 0.27098 0.00616697 0.119006 0.95518 Time: 514965389457261
Position: 14.9533 38.6933 -1182.57 Orientation: 0.254513 0.0148341 0.113673 0.960251 Time: 514965632771335
Position: 22.7167 24.6267 -1162.65 Orientation: 0.23835 0.0204681 0.117175 0.963867 Time: 514965877332286
Position: 36.5867 7.87 -1142.99 Orientation: 0.224012 0.024768 0.123707 0.966386 Time: 514966125386927
Position: 56.4767 -9.78333 -1125.22 Orientation: 0.210777 0.028368 0.13504 0.967746 Time: 514966363233485
Position: 79.9467 -27.5133 -1107.24 Orientation: 0.198581 0.032069 0.147644 0.968369 Time: 514966610702233
Position: 95.0133 -42.5933 -1085.42 Orientation: 0.178014 0.0448367 0.160346 0.96984 Time: 514966887793015
Position: 98.35 -53.0033 -1067.43 Orientation: 0.164543 0.049903 0.16021 0.971992 Time: 514967128667323
Position: 93.3467 -59.13 -1048.46 Orientation: 0.151779 0.0545045 0.152779 0.975013 Time: 514967383960278
Position: 74.56 -57.8033 -1029.63 Orientation: 0.141575 0.0580369 0.135242 0.978927 Time: 514967669590621
Position: 50.6367 -48.5433 -1016.22 Orientation: 0.135347 0.0517385 0.114511 0.982798 Time: 514967907584317
Position: 22.1433 -35.4367 -1000.95 Orientation: 0.126543 0.0459369 0.089907 0.98681 Time: 514968153900098
Position: -3.47333 -24.9167 -981.11 Orientation: 0.11511 0.0417368 0.0674389 0.990182 Time: 514968395623781
Position: -27.84 -18.5633 -952.22 Orientation: 0.0985698 0.0490682 0.0492682 0.992698 Time: 514968678572738
Position: -40.43 -14.9867 -928.66 Orientation: 0.0815069 0.0643388 0.0448038 0.993584 Time: 514968911131996
Position: -51.2267 -13.81 -911.18 Orientation: 0.0576026 0.0827704 0.0500023 0.993645 Time: 514969204587306
Position: -57.82 -31.9533 -915.363 Orientation: 0.0641766 0.0440068 0.0394394 0.996187 Time: 514969440689300
Position: -49.5633 -60.3867 -935.987 Orientation: 0.053836 0.0299682 0.0717702 0.995516 Time: 514969727459303
Position: -47.1767 -86.7667 -958.413 Orientation: 0.0514813 -0.00230065 0.0924596 0.994382 Time: 514969979677552
Position: -51.4767 -104.323 -981.997 Orientation: 0.0410717 -0.0283035 0.124049 0.991022 Time: 514970271182228
Position: -56.0633 -117.383 -1000.01 Orientation: 0.0516688 0.000766699 0.114238 0.992109 Time: 514970512420962
Position: -60.7967 -123.51 -1010.69 Orientation: 0.0609052 0.0284024 0.102909 0.992418 Time: 514970796821536
Position: -64.2533 -134.033 -1015.25 Orientation: 0.0947689 0.0388676 0.068335 0.99239 Time: 514971036106594
Position: -63.7533 -134.117 -1015.91 Orientation: 0.103941 0.0407698 0.0732723 0.991042 Time: 514971316450397
Position: -63.77 -134.26 -1016.11 Orientation: 0.104741 0.0419032 0.0719388 0.991009 Time: 514971553811435
Position: -63.82 -134.307 -1016.24 Orientation: 0.105239 0.0434689 0.071537 0.990918 Time: 514971801921205
Position: -63.8133 -134.303 -1016.21 Orientation: 0.105239 0.0428689 0.071437 0.990951 Time: 514972044530002
Position: -63.7967 -134.283 -1016.19 Orientation: 0.105374 0.0417697 0.0711385 0.991005 Time: 514972325922216
Position: -63.8033 -134.26 -1016.15 Orientation: 0.105474 0.041503 0.0711385 0.991006 Time: 514972567327098
Position: -63.7967 -134.267 -1016.18 Orientation: 0.105344 0.0418376 0.0712072 0.991 Time: 514972849190384
Position: -63.8133 -134.283 -1016.21 Orientation: 0.105374 0.0423695 0.071338 0.990965 Time: 514973095972865
Position: -63.81 -134.28 -1016.2 Orientation: 0.105203 0.0426681 0.0714023 0.990966 Time: 514973342137514
Position: -63.8267 -134.273 -1016.21 Orientation: 0.105503 0.0428678 0.0714018 0.990925 Time: 514973591927595
Position: -63.8133 -134.28 -1016.21 Orientation: 0.105376 0.0425039 0.0713731 0.990957 Time: 514973872824594
Position: -63.82 -134.273 -1016.19 Orientation: 0.105176 0.0428704 0.0715062 0.990953 Time: 514974113790341
Position: -63.8167 -134.283 -1016.21 Orientation: 0.105411 0.0423376 0.0712739 0.990967 Time: 514974360943519
Position: -63.8 -134.287 -1016.17 Orientation: 0.105139 0.0418356 0.0712372 0.99102 Time: 514974639397141
Position: -63.8133 -134.27 -1016.17 Orientation: 0.10524 0.0421358 0.0713042 0.990992 Time: 514974883457174
Position: -63.81 -134.28 -1016.17 Orientation: 0.105306 0.0415024 0.0711374 0.991024 Time: 514975127548384
Position: -63.8167 -134.277 -1016.21 Orientation: 0.105204 0.0425017 0.0714029 0.990973 Time: 514975403330696
Position: -63.8133 -134.273 -1016.21 Orientation: 0.105271 0.0423352 0.0713365 0.990978 Time: 514975649036630
Position: -63.8167 -134.273 -1016.2 Orientation: 0.105141 0.0420032 0.0713054 0.991008 Time: 514975881077861
Position: -63.8067 -134.287 -1016.18 Orientation: 0.104909 0.0417701 0.0712391 0.991047 Time: 514976131502691
Position: -63.8167 -134.277 -1016.2 Orientation: 0.105006 0.0425689 0.0714705 0.990986 Time: 514976368089064
Position: -63.8133 -134.277 -1016.2 Orientation: 0.105175 0.0419698 0.071272 0.991008 Time: 514976655704259
Position: -63.82 -134.267 -1016.22 Orientation: 0.105236 0.0427344 0.0714351 0.990957 Time: 514976897471665
Position: -63.8067 -134.28 -1016.21 Orientation: 0.105439 0.0413688 0.0711036 0.991017 Time: 514977191360787
Position: -63.8267 -134.267 -1016.24 Orientation: 0.10524 0.0431029 0.0715381 0.990933 Time: 514977466682292
Position: -63.8167 -134.27 -1016.21 Orientation: 0.10514 0.0427362 0.0714382 0.990967 Time: 514977712271884
Position: -63.8067 -134.277 -1016.2 Orientation: 0.105204 0.0420015 0.0713025 0.991002 Time: 514977986281877
Position: -63.8267 -134.263 -1016.21 Orientation: 0.104943 0.0431705 0.0716397 0.990955 Time: 514978271014369
Position: -63.8167 -134.267 -1016.2 Orientation: 0.105504 0.042035 0.0712362 0.990973 Time: 514978515621325
Position: -63.8133 -134.273 -1016.2 Orientation: 0.105041 0.0422696 0.0713716 0.991002 Time: 514978767487696
Position: -63.8167 -134.263 -1016.19 Orientation: 0.105371 0.0422018 0.071303 0.990975 Time: 514979004880291
Position: -63.8233 -134.27 -1016.21 Orientation: 0.104941 0.0429696 0.0715716 0.990969 Time: 514979287934375
Position: -63.84 -134.253 -1016.26 Orientation: 0.105339 0.0437023 0.0717037 0.990885 Time: 514979535072916
Position: -63.82 -134.267 -1016.21 Orientation: 0.105141 0.042603 0.0714717 0.99097 Time: 514979822449912
Position: -63.81 -134.267 -1016.2 Orientation: 0.105441 0.0415365 0.0711055 0.99101 Time: 514980078871122
Position: -63.8167 -134.267 -1016.2 Orientation: 0.105272 0.0422354 0.0713368 0.990982 Time: 514980318687134
Position: -63.8167 -134.27 -1016.2 Orientation: 0.105239 0.0422022 0.0713703 0.990984 Time: 514980602649333
