Position: -9.16333 -72.9567 -1146.1 Orientation: 0.111271 0.0824701 0.0806367 0.987074 Time: 514310179096944
Position: -9.15 -72.96 -1146.07 Orientation: 0.111642 0.0814395 0.0803395 0.987142 Time: 514310406949853
Position: -9.15667 -72.95 -1146.07 Orientation: 0.111676 0.08194 0.0805399 0.98708 Time: 514310728543833
Position: -9.15333 -72.9533 -1146.09 Orientation: 0.111708 0.0817392 0.0804058 0.987104 Time: 514310960467771
Position: -9.15 -72.9567 -1146.06 Orientation: 0.111773 0.0814712 0.0803712 0.987122 Time: 514311190779266
Position: -9.15667 -72.9533 -1146.06 Orientation: 0.111507 0.0820053 0.0805052 0.987097 Time: 514311514633366
Position: -9.16 -72.9533 -1146.1 Orientation: 0.111707 0.0824055 0.0806054 0.987033 Time: 514311746386593
Position: -9.16 -72.95 -1146.07 Orientation: 0.111542 0.0821397 0.0805729 0.987076 Time: 514311979584212
Position: -9.16 -72.9533 -1146.07 Orientation: 0.111508 0.0822722 0.0806054 0.987066 Time: 514312216539003
Position: -9.15667 -72.9533 -1146.07 Orientation: 0.111572 0.0820709 0.0805041 0.987084 Time: 514312454828308
Position: -9.16 -72.95 -1146.08 Orientation: 0.111573 0.0823711 0.080571 0.987054 Time: 514312690281294
Position: -9.16 -72.9533 -1146.12 Orientation: 0.111641 0.0821392 0.0805058 0.987071 Time: 514312986746866
Position: -9.16 -72.9533 -1146.09 Orientation: 0.111839 0.0818044 0.080371 0.987087 Time: 514313238990589
Position: -9.15 -72.9533 -1146.1 Orientation: 0.111806 0.0814378 0.0803711 0.987121 Time: 514313547444927
Position: -9.15667 -72.9533 -1146.11 Orientation: 0.11167 0.0819022 0.0804355 0.987093 Time: 514313788664460
Position: -9.15 -72.9533 -1146.11 Orientation: 0.111973 0.0813045 0.0802711 0.987121 Time: 514314082256264
Position: -9.17333 -72.95 -1146.09 Orientation: 0.111406 0.0828047 0.0807379 0.987022 Time: 514314330069856
Position: -9.16667 -72.9467 -1146.08 Orientation: 0.111473 0.0827381 0.0807046 0.987023 Time: 514314622021081
Position: -9.14667 -72.9633 -1146.05 Orientation: 0.111436 0.0812022 0.0802355 0.987193 Time: 514314858617530
Position: -9.16333 -72.9567 -1146.13 Orientation: 0.111609 0.0821064 0.0805063 0.987077 Time: 514315146163527
Position: -9.15333 -72.9533 -1146.07 Orientation: 0.111809 0.0815401 0.08034 0.987115 Time: 514315394716615
Position: -9.15667 -72.96 -1146.07 Orientation: 0.111204 0.0819366 0.0804699 0.98714 Time: 514315655015520
Position: -9.15333 -72.9567 -1146.06 Orientation: 0.111539 0.0818043 0.0804042 0.987118 Time: 514315933541760
Position: -9.18 -72.9433 -1146.08 Orientation: 0.111408 0.0835396 0.0809728 0.986941 Time: 514316178675868
Position: -9.16667 -72.9567 -1146.12 Orientation: 0.111443 0.082474 0.0806405 0.987054 Time: 514316462068523
Position: -9.15667 -72.95 -1146.06 Orientation: 0.111771 0.0816368 0.0803701 0.987109 Time: 514316718096792
Position: -9.15667 -72.95 -1146.07 Orientation: 0.111671 0.081803 0.080403 0.987103 Time: 514316975130129
Position: -9.14667 -72.96 -1146.06 Orientation: 0.11194 0.0806051 0.0801051 0.987196 Time: 514317275844664
Position: -9.16333 -72.9567 -1146.08 Orientation: 0.11127 0.0822692 0.0805691 0.987096 Time: 514317514417981
Position: -9.15333 -72.9533 -1146.08 Orientation: 0.111577 0.0816744 0.0803743 0.987127 Time: 514317758626103
Position: -9.15333 -72.9567 -1146.07 Orientation: 0.111604 0.0812365 0.0802364 0.987171 Time: 514317998033777
Position: -9.16333 -72.9533 -1146.07 Orientation: 0.111441 0.0823393 0.0805725 0.987071 Time: 514318279729393
Position: -9.15333 -72.95 -1146.07 Orientation: 0.111672 0.0817037 0.0804037 0.987112 Time: 514318522096951
Position: -9.16333 -72.9533 -1146.07 Orientation: 0.111405 0.0822706 0.0805706 0.987081 Time: 514318762257997
Position: -9.16667 -72.9533 -1146.11 Orientation: 0.111504 0.0823028 0.0805694 0.987067 Time: 514319000038590
Position: -9.16333 -72.95 -1146.1 Orientation: 0.111573 0.0823378 0.0806044 0.987054 Time: 514319240828873
Position: -9.17333 -72.9433 -1146.13 Orientation: 0.111642 0.0830395 0.0807727 0.986973 Time: 514319491570222
Position: -9.16333 -72.95 -1146.11 Orientation: 0.111373 0.0825047 0.0806713 0.987057 Time: 514319730548266
Position: -9.15333 -72.9567 -1146.09 Orientation: 0.111808 0.0813725 0.080239 0.987137 Time: 514319967614076
Position: -9.15667 -72.95 -1146.07 Orientation: 0.111572 0.0817373 0.0804706 0.987115 Time: 514320240089567
Position: -9.17667 -72.9433 -1146.11 Orientation: 0.111372 0.083171 0.0808709 0.986985 Time: 514320478552245
Position: -9.17667 -72.9433 -1146.12 Orientation: 0.111276 0.0832404 0.0809402 0.986984 Time: 514320716200717
Position: -9.16667 -72.9467 -1146.11 Orientation: 0.111878 0.0819413 0.0804745 0.987063 Time: 514320954990559
Position: -9.17667 -72.9367 -1146.11 Orientation: 0.111707 0.0830718 0.080805 0.986961 Time: 514321268135848
Position: -9.15 -72.95 -1146.07 Orientation: 0.112074 0.081072 0.0802386 0.987131 Time: 514321561057162
Position: -9.17 -72.95 -1146.1 Orientation: 0.111671 0.0823369 0.0806035 0.987043 Time: 514321849257490
Position: -9.17333 -72.9467 -1146.1 Orientation: 0.111438 0.0826035 0.08067 0.987041 Time: 514322044431529
Position: -9.17 -72.9467 -1146.1 Orientation: 0.111742 0.0825066 0.0807064 0.987012 Time: 514322347589442
Position: -9.16667 -72.9533 -1146.1 Orientation: 0.111509 0.0821402 0.0805401 0.987083 Time: 514322697589376
Position: -9.16333 -72.9533 -1146.09 Orientation: 0.111409 0.08224 0.0806065 0.98708 Time: 514323003084210
Position: -9.16333 -72.9533 -1146.08 Orientation: 0.111608 0.0818395 0.080406 0.987107 Time: 514323242301401
Position: -9.17333 -72.9433 -1146.1 Orientation: 0.111507 0.0826387 0.0806719 0.98703 Time: 514323532763560
Position: -9.17333 -72.9433 -1146.11 Orientation: 0.111805 0.0825368 0.0806367 0.987008 Time: 514323772919473
Position: -9.16667 -72.9467 -1146.09 Orientation: 0.111543 0.0824073 0.0805738 0.987054 Time: 514324053463834
Position: -9.17333 -72.9467 -1146.11 Orientation: 0.111575 0.0828059 0.0807391 0.987003 Time: 514324328327383
Position: -9.18333 -72.9433 -1146.12 Orientation: 0.111344 0.0833747 0.0809745 0.986962 Time: 514324572068236
Position: -9.18 -72.9433 -1146.12 Orientation: 0.111843 0.0827401 0.0807066 0.986981 Time: 514324867616186
Position: -9.16333 -72.9467 -1146.1 Orientation: 0.112073 0.0817714 0.080438 0.987058 Time: 514325147324098
Position: -9.16333 -72.95 -1146.09 Orientation: 0.111743 0.0819069 0.0804402 0.987084 Time: 514325421203111
Position: -9.15667 -72.96 -1146.07 Orientation: 0.111772 0.0812707 0.0802374 0.987149 Time: 514325663485503
Position: -9.15667 -72.9533 -1146.09 Orientation: 0.11174 0.0814715 0.0803715 0.987126 Time: 514325903035563
Position: -9.16 -72.9533 -1146.07 Orientation: 0.111675 0.0817395 0.0804061 0.987108 Time: 514326181074382
Position: -9.19 -72.9433 -1146.16 Orientation: 0.111475 0.0838061 0.0810393 0.986906 Time: 514326451965185
Position: -9.17 -72.9533 -1146.1 Orientation: 0.111608 0.0821726 0.0805058 0.987071 Time: 514326688559543
Position: -9.16667 -72.95 -1146.13 Orientation: 0.111841 0.082239 0.0805722 0.987034 Time: 514326930959228
Position: -9.14667 -72.96 -1146.08 Orientation: 0.111738 0.0810701 0.0801701 0.987175 Time: 514327214708133
Position: -9.16333 -72.95 -1146.11 Orientation: 0.111641 0.0824059 0.0806391 0.987037 Time: 514327499339871
Position: -9.17333 -72.9467 -1146.11 Orientation: 0.111573 0.0826049 0.0806715 0.987026 Time: 514327776938604
Position: -9.15667 -72.95 -1146.08 Orientation: 0.111644 0.0818745 0.0804744 0.987095 Time: 514328018020884
Position: -9.14333 -72.9667 -1146.04 Orientation: 0.111639 0.0808041 0.0800707 0.987216 Time: 514328297060779
Position: -9.15 -72.9633 -1146.05 Orientation: 0.111609 0.080873 0.0801063 0.987211 Time: 514328577411806
Position: -9.16 -72.95 -1146.06 Orientation: 0.111475 0.0822065 0.080573 0.987078 Time: 514328983236067
Position: -9.17 -72.9367 -1146.13 Orientation: 0.111874 0.082872 0.0807386 0.986964 Time: 514329343490468
Position: -9.17 -72.9467 -1146.07 Orientation: 0.111543 0.082407 0.0806069 0.987051 Time: 514329585088304
Position: -9.15 -72.96 -1146.05 Orientation: 0.111875 0.0806061 0.0800394 0.987208 Time: 514329864186180
Position: -9.17333 -72.9467 -1146.08 Orientation: 0.11184 0.0823716 0.0805382 0.987026 Time: 514330116369071
Position: -9.16 -72.9533 -1146.1 Orientation: 0.111943 0.0813406 0.0802738 0.987121 Time: 514330396086298
Position: -9.17 -72.95 -1146.11 Orientation: 0.111407 0.0827387 0.0807052 0.987031 Time: 514330636651121
Position: -9.15667 -72.9567 -1146.06 Orientation: 0.111674 0.081872 0.0804052 0.987097 Time: 514330895150522
Position: -9.15333 -72.9567 -1146.07 Orientation: 0.111907 0.0810048 0.0802048 0.987159 Time: 514331151616596
Position: -9.17 -72.9433 -1146.09 Orientation: 0.111705 0.0826037 0.0806703 0.987011 Time: 514331438018181
Position: -9.17667 -72.9433 -1146.13 Orientation: 0.111672 0.082604 0.0806706 0.987015 Time: 514331747519409
Position: -9.15667 -72.9533 -1146.07 Orientation: 0.111972 0.0810704 0.0802037 0.987146 Time: 514332034112617
Position: -9.17333 -72.9533 -1146.13 Orientation: 0.111538 0.0824703 0.0806369 0.987044 Time: 514332273503371
Position: -9.16333 -72.9533 -1146.06 Orientation: 0.111676 0.0817066 0.0803732 0.987113 Time: 514332517443830
Position: -9.16667 -72.9567 -1146.08 Orientation: 0.111438 0.0822703 0.0805703 0.987077 Time: 514332796375938
Position: -9.16667 -72.9467 -1146.08 Orientation: 0.111908 0.0818725 0.0804058 0.987071 Time: 514333038670496
Position: -9.16 -72.9533 -1146.08 Orientation: 0.111807 0.0814054 0.0802719 0.987132 Time: 514333276605641
Position: -9.17667 -72.95 -1146.11 Orientation: 0.111508 0.0826056 0.0806721 0.987033 Time: 514333518170019
Position: -9.16 -72.9633 -1146.09 Orientation: 0.111574 0.0816057 0.080339 0.987136 Time: 514333753957585
Position: -9.15667 -72.95 -1146.09 Orientation: 0.111605 0.0817703 0.0804369 0.987111 Time: 514333993860854
Position: -9.17 -72.95 -1146.06 Orientation: 0.111571 0.0821702 0.0805035 0.987076 Time: 514334230373467
Position: -9.17667 -72.9433 -1146.11 Orientation: 0.111576 0.0829739 0.0807737 0.986986 Time: 514334473790577
Position: -9.16 -72.95 -1146.08 Orientation: 0.11161 0.0820071 0.0805069 0.987085 Time: 514334750127035
Position: -9.17333 -72.9467 -1146.09 Orientation: 0.111308 0.0827396 0.0807061 0.987042 Time: 514334984517353
Position: -9.16333 -72.9533 -1146.12 Orientation: 0.111841 0.081972 0.0804719 0.987065 Time: 514335226318027
Position: -9.17333 -72.9533 -1146.12 Orientation: 0.111439 0.0825041 0.0806707 0.987049 Time: 514335460709485
Position: -9.17667 -72.9467 -1146.12 Orientation: 0.111708 0.0826727 0.0806725 0.987005 Time: 514335705872679
Position: -9.16 -72.9567 -1146.11 Orientation: 0.111644 0.0816076 0.0803741 0.987125 Time: 514335981375921
Position: -9.16333 -72.9467 -1146.1 Orientation: 0.111909 0.0817732 0.0804064 0.987079 Time: 514336183677826
