Position: 72.8367 -357.143 -925.99 Orientation: -0.424169 0.0873407 -0.203417 0.878108 Time: 8212045933453
Position: 72.8167 -356.03 -926.377 Orientation: -0.424495 0.0868058 -0.202747 0.878159 Time: 8212120373254
Position: 72.81 -357.557 -925.623 Orientation: -0.424667 0.0861735 -0.203183 0.878037 Time: 8211997062457
Position: 73.0267 -355.52 -926.263 Orientation: -0.422361 0.0881725 -0.20358 0.878858 Time: 8212170169698
Position: 73.28 -355.083 -925.963 Orientation: -0.416688 0.0900046 -0.205011 0.881045 Time: 8212218410957
Position: 72.47 -347.467 -934.073 Orientation: -0.399697 0.0933738 -0.198248 0.890068 Time: 8212405834250
Position: 72.9967 -352.083 -926.883 Orientation: -0.409139 0.0900753 -0.203786 0.884852 Time: 8212288540850
Position: 72.8433 -349.753 -929.253 Orientation: -0.406445 0.0894433 -0.201122 0.886765 Time: 8212335373068
Position: 72.4267 -346.25 -936.877 Orientation: -0.399531 0.0960742 -0.197282 0.89007 Time: 8212453143629
Position: 73.18 -344.617 -941.863 Orientation: -0.399533 0.105009 -0.196616 0.889207 Time: 8212522934158
Position: 72.55 -339.667 -943.26 Orientation: -0.395784 0.105638 -0.195109 0.891139 Time: 8212595984488
Position: 70.7967 -334.483 -941.91 Orientation: -0.392465 0.104775 -0.191882 0.893406 Time: 8212642997061
Position: 66.53 -325.957 -939.47 Orientation: -0.389719 0.100371 -0.184275 0.896709 Time: 8212716363627
Position: 62.1033 -320.863 -936.467 Orientation: -0.3817 0.0931747 -0.182049 0.901378 Time: 8212763798488
Position: 58.57 -317.997 -933.227 Orientation: -0.368384 0.0870119 -0.182658 0.907391 Time: 8212810676274
Position: 58.1933 -313.543 -932.253 Orientation: -0.371149 0.098813 -0.177123 0.906152 Time: 8212883016952
Position: 58.03 -312.563 -932.207 Orientation: -0.365439 0.107245 -0.175319 0.907864 Time: 8212930973857
Position: 56.53 -311.99 -931.06 Orientation: -0.354821 0.104106 -0.17571 0.912354 Time: 8212979179948
Position: 52.8833 -310.35 -928.247 Orientation: -0.336488 0.0947392 -0.186845 0.91809 Time: 8213057868902
Position: 49.8 -310.01 -927.01 Orientation: -0.321037 0.0910105 -0.210824 0.918806 Time: 8213129208048
Position: 50.9467 -307.703 -927.69 Orientation: -0.329445 0.0926793 -0.212696 0.915225 Time: 8213176027266
Position: 55.5667 -303.31 -929.937 Orientation: -0.350404 0.100344 -0.222657 0.904197 Time: 8213248086875
Position: 56.6733 -301.517 -931.533 Orientation: -0.352375 0.0981451 -0.236528 0.900141 Time: 8213294302493
Position: 57.5133 -298.33 -934.533 Orientation: -0.349692 0.09274 -0.245718 0.899298 Time: 8213370889312
Position: 58.44 -294.89 -937.757 Orientation: -0.349799 0.0871748 -0.249457 0.898784 Time: 8213417181286
Position: 60.5933 -288.937 -943.377 Orientation: -0.346825 0.0799058 -0.250218 0.900399 Time: 8213486079209
Position: 61.58 -284.773 -946.92 Orientation: -0.345392 0.0756389 -0.254685 0.900066 Time: 8213533346716
Position: 63.5867 -278.68 -952.24 Orientation: -0.347999 0.0753737 -0.256091 0.898684 Time: 8213611362417
Position: 65.2167 -274.377 -956.03 Orientation: -0.350267 0.073907 -0.259591 0.896919 Time: 8213658161383
Position: 68.85 -270.31 -960.3 Orientation: -0.353139 0.0734082 -0.263129 0.8948 Time: 8213728698511
Position: 70.3633 -268.77 -962.167 Orientation: -0.352723 0.071138 -0.267584 0.893826 Time: 8213775079294
Position: 74.7767 -264.96 -967.407 Orientation: -0.351707 0.067741 -0.277165 0.891568 Time: 8213849664694
Position: 77.3033 -262.487 -970.933 Orientation: -0.35134 0.0670742 -0.281932 0.890267 Time: 8213896046572
Position: 80.2567 -259.053 -976.153 Orientation: -0.353997 0.0636721 -0.286791 0.887909 Time: 8213965543717
Position: 82.7233 -254.003 -983.993 Orientation: -0.357261 0.060438 -0.290556 0.885601 Time: 8214035757218
Position: 83.2 -250.36 -989.333 Orientation: -0.358366 0.055605 -0.29336 0.884546 Time: 8214082362419
Position: 83.6333 -245.48 -996.66 Orientation: -0.359021 0.0517364 -0.295151 0.883919 Time: 8214154416280
Position: 83.74 -241.663 -1002.16 Orientation: -0.358852 0.0486359 -0.297982 0.883213 Time: 8214203858309
Position: 84.66 -235.87 -1009.94 Orientation: -0.361727 0.0430032 -0.304323 0.880166 Time: 8214277055605
Position: 85.6733 -232.857 -1014.3 Orientation: -0.361798 0.0428037 -0.309394 0.878377 Time: 8214323617290
Position: 87.4333 -228.203 -1020.85 Orientation: -0.361368 0.0393705 -0.317131 0.875951 Time: 8214372494170
Position: 92.1967 -219.583 -1032.4 Orientation: -0.362156 0.0369023 -0.32182 0.874021 Time: 8214444876995
Position: 95.07 -214.193 -1039.06 Orientation: -0.361937 0.0340035 -0.3249 0.87309 Time: 8214491294588
Position: 98.59 -206.92 -1047.66 Orientation: -0.358865 0.0268691 -0.327563 0.873611 Time: 8214562097322
Position: 102.567 -197.343 -1058.34 Orientation: -0.356336 0.0175351 -0.328434 0.874556 Time: 8214633898851
Position: 104.963 -191.993 -1064.39 Orientation: -0.355468 0.0113678 -0.329832 0.874485 Time: 8214680666617
Position: 107.913 -186.88 -1070 Orientation: -0.356094 0.00936738 -0.329092 0.874533 Time: 8214751154620
Position: 111.827 -179.9 -1077.27 Orientation: -0.35617 0.00723407 -0.332701 0.873156 Time: 8214820273950
Position: 114.94 -174.49 -1082.62 Orientation: -0.355961 0.00470037 -0.336759 0.871701 Time: 8214866768037
Position: 118.21 -169.23 -1088.08 Orientation: -0.3529 -0.00100009 -0.343866 0.870182 Time: 8214913609013
Position: 125.313 -160.26 -1097.85 Orientation: -0.352434 -0.00723402 -0.348533 0.868483 Time: 8214986075720
Position: 130.333 -153.22 -1106.01 Orientation: -0.351616 -0.0118339 -0.351982 0.867372 Time: 8215057067567
Position: 133.827 -147.993 -1112.07 Orientation: -0.351262 -0.0142345 -0.349695 0.868404 Time: 8215103407709
Position: 136.007 -144.433 -1116.23 Orientation: -0.351207 -0.0153018 -0.347306 0.869366 Time: 8215150224875
Position: 139.427 -137.06 -1124.79 Orientation: -0.351392 -0.0164345 -0.341425 0.871597 Time: 8215223930120
Position: 141.647 -131.647 -1130.93 Orientation: -0.352039 -0.0130348 -0.331203 0.87533 Time: 8215271026302
Position: 144.25 -122.147 -1140.6 Orientation: -0.35664 -0.00750085 -0.307368 0.8822 Time: 8215340617183
Position: 145.523 -115.833 -1146.63 Orientation: -0.351633 -0.003567 -0.28576 0.89145 Time: 8215411242572
Position: 148.353 -109.793 -1151.6 Orientation: -0.341008 0.00696751 -0.251464 0.905776 Time: 8215482373586
Position: 150.183 -106.46 -1153.68 Orientation: -0.333652 0.0116685 -0.229836 0.914175 Time: 8215529174057
Position: 151.753 -103.907 -1154.97 Orientation: -0.319856 0.0143359 -0.20997 0.923796 Time: 8215602001748
Position: 153.917 -101.49 -1155.72 Orientation: -0.306147 0.0195364 -0.19203 0.932211 Time: 8215649459051
Position: 156.917 -97.55 -1155.93 Orientation: -0.292339 0.0304707 -0.170356 0.940526 Time: 8215719066899
Position: 158.62 -94.1233 -1155.42 Orientation: -0.282878 0.0386727 -0.152191 0.946215 Time: 8215765656090
Position: 159.187 -87.9433 -1152.84 Orientation: -0.269635 0.0427388 -0.126283 0.953689 Time: 8215837962557
Position: 158.557 -85.1467 -1150.43 Orientation: -0.256729 0.0480387 -0.111679 0.958807 Time: 8215886736533
Position: 157.89 -81.9267 -1147.25 Orientation: -0.241191 0.0547056 -0.0950097 0.964265 Time: 8215959316270
Position: 156.653 -79.8467 -1145.09 Orientation: -0.229052 0.0630718 -0.0802733 0.968046 Time: 8216008113099
Position: 152.66 -76.9967 -1141.06 Orientation: -0.216651 0.0654054 -0.0598716 0.972214 Time: 8216078490124
Position: 150.6 -76.35 -1139.45 Orientation: -0.211906 0.0660019 -0.0528015 0.973628 Time: 8216125066452
Position: 145.383 -76.08 -1135.61 Orientation: -0.209077 0.0686033 -0.0465023 0.974381 Time: 8216195096999
Position: 138.95 -77.6267 -1129.73 Orientation: -0.204016 0.0688052 -0.0362361 0.975874 Time: 8216264360421
Position: 134.69 -79.4367 -1124.27 Orientation: -0.203047 0.072105 -0.0217682 0.976268 Time: 8216310627217
Position: 129.6 -83.46 -1114.92 Orientation: -0.199298 0.0830132 0.00740118 0.976388 Time: 8216385677598
Position: 127.003 -85.42 -1109.45 Orientation: -0.203191 0.0903106 0.0273699 0.974581 Time: 8216432915820
Position: 122.623 -88.5067 -1101.91 Orientation: -0.207651 0.0958417 0.0443705 0.972485 Time: 8216504755390
Position: 120.037 -90.5967 -1096.58 Orientation: -0.211531 0.108116 0.0573752 0.969677 Time: 8216552340091
Position: 115.03 -94.6133 -1087.16 Orientation: -0.217586 0.120144 0.0690728 0.966153 Time: 8216627957126
Position: 112.97 -96.18 -1083.59 Orientation: -0.220322 0.128213 0.071807 0.964294 Time: 8216675224769
Position: 110.197 -98.22 -1079.85 Orientation: -0.219725 0.132482 0.0754087 0.963578 Time: 8216722784018
Position: 101.773 -103.11 -1070.84 Orientation: -0.22826 0.14165 0.0820094 0.959743 Time: 8216793854274
Position: 95.8233 -105.65 -1066.29 Orientation: -0.23566 0.14445 0.0921772 0.95661 Time: 8216840465633
Position: 87.2367 -109.123 -1060.64 Orientation: -0.250194 0.142515 0.104445 0.951937 Time: 8216909054571
Position: 76.84 -114.663 -1053.19 Orientation: -0.272883 0.142675 0.120674 0.943725 Time: 8216982884751
Position: 69.2933 -121.397 -1047.04 Orientation: -0.283159 0.143346 0.122011 0.940418 Time: 8217055742409
Position: 64.0233 -127.29 -1042.07 Orientation: -0.288263 0.141615 0.116745 0.939798 Time: 8217103132250
Position: 59.26 -134.66 -1035.37 Orientation: -0.29323 0.142615 0.108511 0.939097 Time: 8217174596195
Position: 57.7467 -137.82 -1031.38 Orientation: -0.299492 0.139945 0.103575 0.938079 Time: 8217221215080
Position: 57.18 -144.883 -1021.41 Orientation: -0.316556 0.149677 0.101274 0.9312 Time: 8217291386572
Position: 57.9067 -148.543 -1014.82 Orientation: -0.3263 0.156983 0.105411 0.926161 Time: 8217337312910
Position: 59.2933 -152.083 -1007.29 Orientation: -0.338995 0.173065 0.125089 0.916233 Time: 8217407857701
Position: 58.55 -154.92 -999.787 Orientation: -0.354213 0.185042 0.16317 0.902036 Time: 8217478870484
Position: 56.1233 -155.92 -995.78 Orientation: -0.362791 0.185196 0.193064 0.892643 Time: 8217526354197
Position: 52.6967 -157.59 -991.56 Orientation: -0.369207 0.180586 0.21849 0.885063 Time: 8217599806152
Position: 49.21 -160.15 -987.03 Orientation: -0.373724 0.174011 0.235448 0.880122 Time: 8217647407958
Position: 44.69 -163.497 -981.23 Orientation: -0.38208 0.16842 0.254197 0.872372 Time: 8217718365457
Position: 41.4833 -165.483 -977.3 Orientation: -0.390292 0.167111 0.266384 0.865324 Time: 8217764212702
Position: 34.6067 -166.77 -971.807 Orientation: -0.410708 0.167264 0.288319 0.848654 Time: 8217835874518
Position: 29.99 -166.647 -969.08 Orientation: -0.422777 0.170097 0.306889 0.835551 Time: 8217882571127
Position: 23.5633 -165.793 -965.807 Orientation: -0.440634 0.174427 0.331351 0.815858 Time: 8217953342252
Position: 18.4733 -165.13 -963.457 Orientation: -0.452031 0.181159 0.347483 0.801314 Time: 8217999730972
Position: 13.8933 -164.157 -961.653 Orientation: -0.459504 0.195311 0.363683 0.786412 Time: 8218071461207
Position: 10.05 -163.103 -958.93 Orientation: -0.4633 0.205478 0.381782 0.7729 Time: 8218118316962
Position: 7.33667 -161.047 -954.293 Orientation: -0.466635 0.2227 0.40636 0.753344 Time: 8218189485742
Position: 6.48 -159.753 -951.673 Orientation: -0.466207 0.233437 0.424601 0.740184 Time: 8218236013766
Position: 5.2 -158.713 -946.94 Orientation: -0.46693 0.246367 0.448661 0.721098 Time: 8218309244176
Position: 4.68333 -157.68 -941.16 Orientation: -0.466692 0.261585 0.478128 0.696538 Time: 8218381338132
Position: 4.56 -155.877 -939.55 Orientation: -0.462701 0.272993 0.500909 0.678581 Time: 8218427237649
Position: 3.26667 -150.197 -939.417 Orientation: -0.458153 0.28232 0.534501 0.65169 Time: 8218500112002
Position: 1.96667 -146.377 -939.637 Orientation: -0.457766 0.285208 0.549146 0.638392 Time: 8218546374693
Position: -1.32667 -137.863 -939.763 Orientation: -0.459132 0.292096 0.577658 0.608431 Time: 8218616569722
Position: -1.86333 -132.223 -938.383 Orientation: -0.455023 0.299092 0.597585 0.588549 Time: 8218662540943
Position: 0.626667 -124.453 -936.233 Orientation: -0.452144 0.317021 0.623907 0.552995 Time: 8218736381249
Position: 4.49667 -120.17 -935.643 Orientation: -0.446768 0.329117 0.637531 0.534448 Time: 8218783119048
Position: 10.9233 -114.897 -936.97 Orientation: -0.446513 0.344728 0.65235 0.50619 Time: 8218857778204
Position: 14.16 -111.837 -937.85 Orientation: -0.448073 0.353691 0.663442 0.483712 Time: 8218905136982
Position: 18.2967 -105.023 -939.72 Orientation: -0.452076 0.368529 0.679348 0.445309 Time: 8218976965878
Position: 21.0467 -99.2533 -941.627 Orientation: -0.456709 0.37883 0.685247 0.422304 Time: 8219024838901
Position: 23.12 -95.3 -942.8 Orientation: -0.46075 0.385142 0.688074 0.407344 Time: 8219072713702
Position: 28.1067 -86.6167 -945.45 Orientation: -0.471845 0.397366 0.686581 0.384797 Time: 8219144730753
Position: 30.3667 -80.1733 -947.913 Orientation: -0.483317 0.402736 0.685485 0.366496 Time: 8219193802904
Position: -2.46488e+028 -2.46488e+028 -2.46488e+028 Orientation: -0.5 -0.5 -0.5 -0.5 Time: 8219269728102
Position: -3.69731e+028 -3.69731e+028 -3.69731e+028 Orientation: -0.5 -0.5 -0.5 -0.5 Time: 8219343666112
Position: -3.69731e+028 -3.69731e+028 -3.69731e+028 Orientation: -0.5 -0.5 -0.5 -0.5 Time: 8219391139836
Position: -3.69731e+028 -3.69731e+028 -3.69731e+028 Orientation: -0.5 -0.5 -0.5 -0.5 Time: 8219463955895
Position: -3.69731e+028 -3.69731e+028 -3.69731e+028 Orientation: -0.5 -0.5 -0.5 -0.5 Time: 8219534569243
Position: -3.69731e+028 -3.69731e+028 -3.69731e+028 Orientation: -0.5 -0.5 -0.5 -0.5 Time: 8219581627658
Position: -3.69731e+028 -3.69731e+028 -3.69731e+028 Orientation: -0.5 -0.5 -0.5 -0.5 Time: 8219656265330
Position: -3.69731e+028 -3.69731e+028 -3.69731e+028 Orientation: -0.5 -0.5 -0.5 -0.5 Time: 8219730562544
Position: -3.69731e+028 -3.69731e+028 -3.69731e+028 Orientation: -0.5 -0.5 -0.5 -0.5 Time: 8219777336468
Position: -3.69731e+028 -3.69731e+028 -3.69731e+028 Orientation: -0.5 -0.5 -0.5 -0.5 Time: 8219852360439
Position: -3.69731e+028 -3.69731e+028 -3.69731e+028 Orientation: -0.5 -0.5 -0.5 -0.5 Time: 8219901677670
Position: -3.69731e+028 -3.69731e+028 -3.69731e+028 Orientation: -0.5 -0.5 -0.5 -0.5 Time: 8219974341837
Position: -3.69731e+028 -3.69731e+028 -3.69731e+028 Orientation: -0.5 -0.5 -0.5 -0.5 Time: 8220049322156
Position: -3.69731e+028 -3.69731e+028 -3.69731e+028 Orientation: -0.5 -0.5 -0.5 -0.5 Time: 8220097907840
Position: -3.69731e+028 -3.69731e+028 -3.69731e+028 Orientation: -0.5 -0.5 -0.5 -0.5 Time: 8220173998752
Position: -3.69731e+028 -3.69731e+028 -3.69731e+028 Orientation: -0.5 -0.5 -0.5 -0.5 Time: 8220250489373
Position: -1.23244e+028 -1.23244e+028 -1.23244e+028 Orientation: -0.5 -0.5 -0.5 -0.5 Time: 8220300884218
Position: 47.33 32.5433 -1040.71 Orientation: 0.659226 -0.0359717 -0.607819 -0.441229 Time: 8220375180474
Position: 50.24 42.26 -1043.12 Orientation: 0.647621 -0.0281372 -0.606516 -0.460363 Time: 8220422176489
Position: 52.8933 52.53 -1046.1 Orientation: 0.637409 -0.0280048 -0.602169 -0.479915 Time: 8220494133468
Position: 55.0867 62.9567 -1048.01 Orientation: 0.626867 -0.0213379 -0.59266 -0.505308 Time: 8220540252888
Position: 57.5333 75.43 -1049.03 Orientation: 0.607974 -0.00880155 -0.581636 -0.540362 Time: 8220608956224
Position: 59.0767 83.52 -1049.5 Orientation: 0.593395 0.000200043 -0.57049 -0.567823 Time: 8220657959270
Position: 58.9133 90.4833 -1049.99 Orientation: -0.562502 -0.0304785 0.548212 0.618163 Time: 8220705834208
Position: 56.28 98.9367 -1049.7 Orientation: -0.556423 -0.0354745 0.537652 0.632507 Time: 8220776423062
Position: 53.48 102.713 -1049.29 Orientation: -0.540401 -0.0511429 0.527999 0.653122 Time: 8220822868981
Position: 50.91 106.18 -1049.11 Orientation: -0.524371 -0.0647129 0.518603 0.672234 Time: 8220892578502
Position: 49.5633 108.717 -1048.77 Orientation: -0.509564 -0.067913 0.501963 0.695533 Time: 8220938516608
Position: 47.97 110.73 -1048.93 Orientation: -0.486453 -0.0727179 0.480051 0.726379 Time: 8221010991115
Position: 46.7667 112.073 -1049.62 Orientation: -0.468128 -0.084317 0.465894 0.746117 Time: 8221056321379
Position: 45.1667 114.593 -1052.88 Orientation: -0.443785 -0.0924246 0.437783 0.77644 Time: 8221128143981
Position: 44.3733 114.847 -1053.96 Orientation: -0.425965 -0.0996562 0.414028 0.79825 Time: 8221174364251
Position: 42.7467 114.9 -1056.13 Orientation: -0.409007 -0.107204 0.369594 0.827418 Time: 8221245115397
Position: 42.3567 114.81 -1056.95 Orientation: -0.400068 -0.107427 0.344021 0.842647 Time: 8221292212127
Position: 42.8967 115.657 -1058.5 Orientation: -0.387058 -0.0941717 0.289585 0.870321 Time: 8221362754591
Position: 43.8567 118.29 -1059.64 Orientation: -0.387404 -0.0788878 0.251934 0.883303 Time: 8221411442906
Position: 44.8933 119.657 -1059.61 Orientation: -0.380934 -0.0677572 0.211008 0.897649 Time: 8221462983784
Position: 45.7767 117.877 -1057.6 Orientation: -0.361896 -0.0542528 0.133381 0.92103 Time: 8221539204694
Position: 44.3633 112.187 -1055.1 Orientation: -0.33414 -0.056474 0.0828596 0.937174 Time: 8221587242746
Position: 41.2767 103.5 -1052.07 Orientation: -0.298831 -0.0570455 0.0176038 0.952437 Time: 8221658533450
Position: 39.1467 100.107 -1049.84 Orientation: -0.290233 -0.0535394 -0.00966776 0.955408 Time: 8221704972802
Position: 36.9 96.2667 -1045.43 Orientation: -0.285961 -0.0466712 -0.0555054 0.955493 Time: 8221777722630
Position: 37.0733 93.0067 -1041.86 Orientation: -0.281234 -0.0273367 -0.0860438 0.955383 Time: 8221848248675
Position: 36.2733 89.9833 -1039.43 Orientation: -0.273311 -0.0169361 -0.111251 0.955321 Time: 8221895096903
Position: 34.85 86.5633 -1036.05 Orientation: -0.266308 -0.00416783 -0.14174 0.953401 Time: 8221970359386
Position: 34.22 84.28 -1033.28 Orientation: -0.262919 0.00560041 -0.161612 0.95117 Time: 8222018306165
Position: 32.7433 81.0233 -1029.09 Orientation: -0.257286 0.0145678 -0.17738 0.949804 Time: 8222088359427
Position: 31.2067 78.56 -1025.65 Orientation: -0.257079 0.0192009 -0.189942 0.947346 Time: 8222134884029
Position: 28.28 75.2133 -1021.08 Orientation: -0.258942 0.0205341 -0.202207 0.944267 Time: 8222208588453
Position: 26.2533 72.8367 -1017.64 Orientation: -0.259026 0.0234357 -0.216388 0.941027 Time: 8222255293410
Position: 23.6133 68.8233 -1011.45 Orientation: -0.255622 0.0234021 -0.247188 0.934349 Time: 8222325491039
Position: 22.7 67.1533 -1007.64 Orientation: -0.256626 0.0259026 -0.26576 0.928894 Time: 8222371801897
Position: 21.3967 65.6333 -1003.65 Orientation: -0.256837 0.0279707 -0.283007 0.923666 Time: 8222442373509
Position: 19.61 64.0933 -999.277 Orientation: -0.255965 0.0268367 -0.300971 0.918247 Time: 8222487821592
Position: 17.45 62.1667 -993.003 Orientation: -0.256487 0.0255687 -0.324359 0.910138 Time: 8222555907781
Position: 14.5467 58.1867 -984.04 Orientation: -0.254449 0.028335 -0.354421 0.899354 Time: 8222628581800
Position: 12.6267 54.92 -978.16 Orientation: -0.25472 0.0293356 -0.365495 0.894802 Time: 8222676557453
Position: 7.9 49.5 -970.847 Orientation: -0.249794 0.0313368 -0.381176 0.889565 Time: 8222746170911
Position: 3.70333 45.39 -965.997 Orientation: -0.248196 0.0328705 -0.393813 0.884437 Time: 8222793120675
Position: -0.333333 41.2433 -961.453 Orientation: -0.246389 0.0355032 -0.405137 0.879714 Time: 8222861538564
Position: -3.79667 37.3467 -956.953 Orientation: -0.245451 0.0361359 -0.413196 0.876195 Time: 8222907486796
Position: -9.81667 30.1933 -949.22 Orientation: -0.237428 0.0371378 -0.428351 0.871071 Time: 8222976554538
Position: -13.6767 25.6633 -944.007 Orientation: -0.229692 0.0333369 -0.436747 0.869127 Time: 8223022727188
Position: -18.6633 20.05 -935.6 Orientation: -0.220886 0.0243355 -0.445672 0.867176 Time: 8223093326441
Position: -21.1167 17.3067 -930.803 Orientation: -0.21755 0.0206015 -0.449 0.866398 Time: 8223139312578
Position: -26.8433 11.5067 -920.57 Orientation: -0.210354 0.0106677 -0.456278 0.864551 Time: 8223208423698
Position: -34.0567 4.60667 -908.597 Orientation: -0.204045 0.0039669 -0.46336 0.86235 Time: 8223282046018
Position: -37.7833 1.02667 -902.393 Orientation: -0.20208 0.00406694 -0.465565 0.861624 Time: 8223328151343
Position: -42.83 -3.88667 -895.44 Orientation: -0.197354 0.0048005 -0.469116 0.86079 Time: 8223399424259
Position: -46.46 -8.04333 -890.667 Orientation: -0.196024 0.00533398 -0.46909 0.861104 Time: 8223445434480
Position: -51.88 -14.18 -884.7 Orientation: -0.194004 0.00310006 -0.469009 0.861617 Time: 8223517318386
Position: -54.6067 -17.0133 -882.053 Orientation: -0.193276 0.00156674 -0.46829 0.862176 Time: 8223564096279
Position: -59.63 -23.37 -876.11 Orientation: -0.194784 -0.00143346 -0.467174 0.862442 Time: 8223634431432
Position: -61.4433 -27.0467 -872.553 Orientation: -0.200189 -0.00276698 -0.462352 0.863798 Time: 8223681045390
Position: -64.39 -32.9533 -867.527 Orientation: -0.202251 -0.00356698 -0.457474 0.86591 Time: 8223750491904
Position: -66.3967 -37.15 -863.15 Orientation: -0.204752 -0.00430039 -0.452407 0.867978 Time: 8223798163498
Position: -69.0067 -42.1133 -855.307 Orientation: -0.21362 -0.00406705 -0.443408 0.870482 Time: 8223871738198
Position: -69.9067 -44.43 -850.347 Orientation: -0.220557 -0.000833423 -0.43688 0.87206 Time: 8223918903759
Position: -70.8 -47.5433 -843.307 Orientation: -0.230828 0.00216693 -0.426084 0.874738 Time: 8223995000417
Position: -71.5933 -50.0033 -837.86 Orientation: -0.239888 0.00490044 -0.415004 0.877611 Time: 8224043561607
Position: -73.2067 -52.67 -832.567 Orientation: -0.246394 0.00463385 -0.405612 0.880198 Time: 8224113926180
Position: -75.2533 -54.8133 -827.753 Orientation: -0.253768 0.00313376 -0.397254 0.881919 Time: 8224160924659
Position: -77.45 -56.1567 -823.423 Orientation: -0.264096 -0.000400044 -0.388943 0.882597 Time: 8224209304536
Position: -79.6767 -56.81 -816.257 Orientation: -0.290713 -0.00476742 -0.366858 0.883673 Time: 8224282265235
Position: -80.7767 -56.0967 -810.943 Orientation: -0.315254 -0.00923492 -0.345193 0.883952 Time: 8224353549783
Position: -81.9933 -55.2633 -807.58 Orientation: -0.329803 -0.0144016 -0.331903 0.883664 Time: 8224399647308
Position: -84.5633 -52.8733 -802.55 Orientation: -0.355957 -0.0261375 -0.306349 0.882475 Time: 8224469604372
Position: -85.65 -51.48 -800.67 Orientation: -0.368314 -0.0322012 -0.294511 0.881233 Time: 8224516609419
Position: -86.2133 -48.6933 -797.03 Orientation: -0.389819 -0.034838 -0.270803 0.879485 Time: 8224587488920
Position: -86.77 -46.78 -794.19 Orientation: -0.403568 -0.0396734 -0.25541 0.877681 Time: 8224637507455
Position: -86.75 -43.6267 -791.123 Orientation: -0.425954 -0.0410719 -0.229796 0.874111 Time: 8224710475270
Position: -87.1633 -40.9833 -789.243 Orientation: -0.440895 -0.0443396 -0.208596 0.871856 Time: 8224756673783
Position: -88.4633 -34.9267 -787.517 Orientation: -0.464164 -0.053874 -0.16739 0.868119 Time: 8224829617924
Position: -88.3767 -29.6467 -787.103 Orientation: -0.477084 -0.0548725 -0.140448 0.865826 Time: 8224900519457
Position: -87.9133 -25.97 -786.5 Orientation: -0.479998 -0.0536072 -0.12085 0.86725 Time: 8224946625192
Position: -87.1933 -19.7433 -785.107 Orientation: -0.481752 -0.0493087 -0.086282 0.870654 Time: 8225019745036
Position: -86.8367 -15.79 -784.187 Orientation: -0.480976 -0.0471107 -0.0545458 0.873766 Time: 8225067361484
Position: -86.4833 -12.1667 -783.057 Orientation: -0.475139 -0.0462802 -0.0189055 0.87849 Time: 8225138671210
Position: -86.5533 -8.69667 -782.287 Orientation: -0.463638 -0.0438527 0.0270786 0.884524 Time: 8225185030510
Position: -86.41 -5.21667 -782.357 Orientation: -0.450161 -0.0391415 0.0743489 0.888986 Time: 8225232412961
Position: -85.3433 0.67 -784.003 Orientation: -0.441684 -0.0331397 0.118423 0.888703 Time: 8225306318539
Position: -83.66 5.80667 -785.67 Orientation: -0.433819 -0.0262385 0.15233 0.887642 Time: 8225353427722
Position: -80.7 14.84 -788.843 Orientation: -0.416065 -0.0195697 0.19113 0.888806 Time: 8225425019064
Position: -77.9767 19.9233 -791.46 Orientation: -0.400544 -0.0101678 0.207856 0.892332 Time: 8225471541477
Position: -74.17 27.4833 -796.22 Orientation: -0.381631 0.00356727 0.229672 0.895319 Time: 8225542497472
Position: -71.6367 33.0533 -799.557 Orientation: -0.365767 0.00943421 0.243089 0.89835 Time: 8225612984380
Position: -68.7767 39.0467 -802.98 Orientation: -0.348367 0.0164031 0.261917 0.899873 Time: 8225659519519
Position: -63.0533 48.63 -808.31 Orientation: -0.321535 0.03067 0.284798 0.902532 Time: 8225730560354
Position: -59.9033 53.73 -811.13 Orientation: -0.308266 0.0362038 0.294131 0.903963 Time: 8225778238927
Position: -56.41 59.6167 -814.95 Orientation: -0.291407 0.0419392 0.301142 0.906993 Time: 8225851647230
Position: -53.8733 64.4133 -818.333 Orientation: -0.279308 0.0480738 0.312846 0.906534 Time: 8225898486016
Position: -49.0433 73.7633 -825.88 Orientation: -0.2554 0.0687757 0.339145 0.902785 Time: 8225969332266
Position: -46.37 78.7333 -830.863 Orientation: -0.237426 0.0806754 0.349738 0.902665 Time: 8226016784916
Position: -44.01 82.8433 -836.04 Orientation: -0.217065 0.0932803 0.349484 0.906666 Time: 8226066321638
Position: -42.1633 87.6367 -841.657 Orientation: -0.200344 0.103839 0.347085 0.910281 Time: 8226142503822
Position: -40.7433 96.11 -849.45 Orientation: -0.191421 0.105312 0.344171 0.913134 Time: 8226189943335
Position: -39.66 102.673 -856.037 Orientation: -0.183712 0.108141 0.341656 0.915328 Time: 8226262663470
Position: -37.9367 109.223 -863.353 Orientation: -0.171389 0.115748 0.342111 0.916618 Time: 8226310202329
Position: -34.5533 118.067 -876.773 Orientation: -0.144083 0.141616 0.331871 0.921437 Time: 8226386041045
Position: -34.02 122.943 -883.963 Orientation: -0.133046 0.146681 0.329965 0.922988 Time: 8226433711134
Position: -34.2533 128.21 -890.86 Orientation: -0.128475 0.148077 0.326822 0.924529 Time: 8226480957977
Position: -35.2467 135.863 -899.747 Orientation: -0.129813 0.150482 0.316633 0.927495 Time: 8226552514015
Position: -34.63 143.563 -910.71 Orientation: -0.119745 0.165816 0.288361 0.935422 Time: 8226623177720
Position: -34.1733 148.357 -916.5 Orientation: -0.118549 0.172889 0.271069 0.939456 Time: 8226671518872
Position: -33.7533 153.077 -923.52 Orientation: -0.112621 0.180167 0.241811 0.946775 Time: 8226743899780
Position: -33.46 155.51 -929.027 Orientation: -0.10479 0.187074 0.214147 0.952976 Time: 8226791233653
Position: -33.11 158.033 -934.503 Orientation: -0.0976104 0.194387 0.19192 0.957002 Time: 8226840921446
Position: -32.9767 160.973 -942.593 Orientation: -0.0780763 0.198991 0.161453 0.963452 Time: 8226915623296
Position: -32.67 161.9 -945.98 Orientation: -0.0706044 0.203713 0.148909 0.965061 Time: 8226963676673
Position: -31.5233 163.66 -952.003 Orientation: -0.0522085 0.2048 0.130755 0.968625 Time: 8227035420729
Position: -30.35 164.197 -957.44 Orientation: -0.0324354 0.20958 0.11304 0.970694 Time: 8227082875432
Position: -29.17 166.037 -964.327 Orientation: -0.016035 0.210255 0.0985767 0.972532 Time: 8227153579641
Position: -28.8 167.007 -969.093 Orientation: -0.00346705 0.208057 0.0857763 0.974342 Time: 8227200685676
Position: -26.66 169.173 -977.23 Orientation: 0.00953476 0.215432 0.0551749 0.974912 Time: 8227274292944
Position: -25.11 170.31 -982.37 Orientation: 0.0208035 0.218837 0.0335389 0.974963 Time: 8227323715267
Position: -23.42 171.827 -987.497 Orientation: 0.023804 0.226405 0.00466746 0.973731 Time: 8227372541927
Position: -21.8067 172.693 -993.737 Orientation: 0.0308057 0.23601 -0.0355399 0.970612 Time: 8227443556490
Position: -22.44 172.19 -998.31 Orientation: 0.0352013 0.232409 -0.0743028 0.969137 Time: 8227512733977
Position: -22.9533 171.637 -1000.37 Orientation: 0.0393361 0.23135 -0.0855727 0.968301 Time: 8227558675230
Position: -25.97 168.71 -1005.93 Orientation: 0.0514431 0.233478 -0.127324 0.962616 Time: 8227629486312
Position: -28.1767 165.97 -1008.84 Orientation: 0.061844 0.232674 -0.15416 0.958266 Time: 8227675715477
Position: -31.2967 162.53 -1012.12 Orientation: 0.0801806 0.226939 -0.187099 0.952399 Time: 8227748237467
Position: -33.7833 160.363 -1014.19 Orientation: 0.0916773 0.226126 -0.206457 0.947543 Time: 8227796724216
Position: -37.71 157.477 -1016.98 Orientation: 0.109114 0.222061 -0.242063 0.938184 Time: 8227867486309
Position: -38.5167 157.273 -1018.5 Orientation: 0.114325 0.225083 -0.258624 0.932406 Time: 8227914521461
Position: -39.74 157.407 -1019.68 Orientation: 0.120585 0.2224 -0.282942 0.925171 Time: 8227991277962
Position: -38.22 158.96 -1020.49 Orientation: 0.117911 0.227921 -0.301195 0.918385 Time: 8228039139489
Position: -37.3367 159.61 -1021.32 Orientation: 0.12218 0.231225 -0.317934 0.911331 Time: 8228111536409
Position: -36.68 159.99 -1022.01 Orientation: 0.126981 0.23176 -0.335438 0.904237 Time: 8228157727122
Position: -36.87 159.7 -1023.09 Orientation: 0.141031 0.229451 -0.366548 0.890564 Time: 8228229603365
Position: -38.5533 158.707 -1023.67 Orientation: 0.153657 0.226167 -0.389059 0.8797 Time: 8228276348963
Position: -40.6533 156.993 -1023.85 Orientation: 0.170062 0.223105 -0.413004 0.866447 Time: 8228350164364
Position: -42.7733 155.857 -1023.92 Orientation: 0.181553 0.218224 -0.431747 0.856161 Time: 8228396572105
Position: -46.3067 155.077 -1024.64 Orientation: 0.193926 0.206761 -0.465762 0.838277 Time: 8228468564525
Position: -47.6933 155.327 -1025.13 Orientation: 0.191962 0.201664 -0.483373 0.829959 Time: 8228514749765
Position: -48.46 155.71 -1025.91 Orientation: 0.187629 0.197197 -0.498976 0.822759 Time: 8228585996407
Position: -49.3767 155.743 -1026.77 Orientation: 0.187721 0.196789 -0.519358 0.810125 Time: 8228633054685
Position: -50.8767 155.31 -1028.29 Orientation: 0.195661 0.193128 -0.542377 0.79388 Time: 8228703708127
Position: -51.1433 154.967 -1028.97 Orientation: 0.192458 0.194425 -0.554872 0.785669 Time: 8228750796920
Position: -53.0833 155.92 -1032.29 Orientation: 0.202877 0.187174 -0.578091 0.767865 Time: 8228820523683
Position: -55.3467 157.903 -1034.78 Orientation: 0.214675 0.172033 -0.595082 0.755113 Time: 8228866629555
Position: -56.7733 160.51 -1036.81 Orientation: 0.225064 0.14742 -0.61565 0.740667 Time: 8228937541214
Position: -57.59 162.843 -1037.67 Orientation: 0.237757 0.122396 -0.633486 0.726075 Time: 8229010165971
Position: -57.5733 164.97 -1037.5 Orientation: 0.246406 0.100416 -0.649138 0.712615 Time: 8229060504848
Position: -58.02 167.98 -1036.13 Orientation: 0.255336 0.11539 -0.636144 0.718894 Time: 8229111959244
Position: -58.2867 171.303 -1033.56 Orientation: -0.253376 -0.0405401 0.691682 -0.67508 Time: 8229185802971
Position: -58.8733 175.577 -1031.27 Orientation: -0.248254 -0.0107357 0.710055 -0.658844 Time: 8229261706959
Position: -59.6833 178.453 -1029.86 Orientation: -0.247578 0.0122355 0.721596 -0.646416 Time: 8229310537177
Position: -60.3867 180.547 -1028.39 Orientation: -0.252038 0.0285376 0.731077 -0.633395 Time: 8229356685880
Position: -61.8067 185.157 -1023.16 Orientation: -0.24872 0.0565788 0.751661 -0.60823 Time: 8229426516777
Position: -62.0667 189.393 -1018.44 Orientation: -0.237749 0.0740819 0.765891 -0.592789 Time: 8229473383068
Position: -62.48 195.08 -1013.64 Orientation: -0.235857 0.0994766 0.77381 -0.579391 Time: 8229543686337
Position: -65.2433 202.393 -1008.09 Orientation: -0.229136 0.131021 0.782125 -0.564457 Time: 8229613644222
Position: -67.01 205.24 -1005.82 Orientation: -0.224515 0.14401 0.784853 -0.559338 Time: 8229660521597
Position: -71.5133 212.627 -1001.62 Orientation: -0.212417 0.167373 0.796224 -0.541196 Time: 8229731310511
Position: -74.6167 219.287 -997.18 Orientation: -0.192138 0.191871 0.805927 -0.526071 Time: 8229778231812
Position: -78.3167 224.707 -990.5 Orientation: -0.181585 0.208388 0.813917 -0.511019 Time: 8229850658288
Position: -81.5367 225.45 -984.607 Orientation: -0.186252 0.211955 0.814816 -0.506418 Time: 8229899742070
Position: -87.5567 223.28 -971.527 Orientation: -0.185215 0.214617 0.817165 -0.501873 Time: 8229969594724
Position: -91.48 221.107 -963.097 Orientation: -0.184753 0.216023 0.819619 -0.497419 Time: 8230016233588
Position: -97.0067 217.267 -951.91 Orientation: -0.184881 0.216417 0.818196 -0.499538 Time: 8230089277896
Position: -100.973 213.727 -943.593 Orientation: -0.188613 0.217348 0.81779 -0.498401 Time: 8230136765578
Position: -104.493 209.017 -934.66 Orientation: -0.191646 0.216148 0.817789 -0.497767 Time: 8230209343125
Position: -107.573 204.51 -925.643 Orientation: -0.191512 0.217247 0.81822 -0.496632 Time: 8230255705983
Position: -111.817 197.297 -911.747 Orientation: -0.188156 0.221593 0.820832 -0.491659 Time: 8230328732912
Position: -114.61 192.743 -904.447 Orientation: -0.18462 0.223858 0.820724 -0.492154 Time: 8230374836048
Position: -118.53 186.537 -895.96 Orientation: -0.179747 0.228317 0.821027 -0.491403 Time: 8230447365154
Position: -120.91 181.893 -890.037 Orientation: -0.175712 0.230683 0.821957 -0.490201 Time: 8230495125694
Position: -124.237 175.22 -880.783 Orientation: -0.165292 0.231002 0.82766 -0.484041 Time: 8230568594617
Position: -125.44 171.063 -875.507 Orientation: -0.158753 0.230295 0.834201 -0.475258 Time: 8230615868007
Position: -127.14 163.87 -869.767 Orientation: -0.159347 0.227286 0.838571 -0.468773 Time: 8230686804023
Position: -128.013 160.027 -867.33 Orientation: -0.160549 0.224956 0.840284 -0.466413 Time: 8230732666183
Position: -130.007 152.227 -862.937 Orientation: -0.164016 0.219822 0.844018 -0.46088 Time: 8230802217380
Position: -131.53 145.723 -859.437 Orientation: -0.166381 0.217652 0.845608 -0.45814 Time: 8230849252395
Position: -133.73 133.333 -853.57 Orientation: -0.173987 0.213691 0.846664 -0.455219 Time: 8230920802822
Position: -134.573 125.413 -850.137 Orientation: -0.17645 0.211753 0.847844 -0.452975 Time: 8230967855900
Position: -135.213 114.52 -845.63 Orientation: -0.175708 0.210477 0.850274 -0.449288 Time: 8231038124001
Position: -135.41 106.4 -842.377 Orientation: -0.172948 0.211051 0.851603 -0.44757 Time: 8231085335677
Position: -135.11 98.7367 -839.34 Orientation: -0.168946 0.213617 0.854566 -0.442201 Time: 8231156414143
Position: -133.353 86.7433 -834.957 Orientation: -0.163917 0.216555 0.86072 -0.430577 Time: 8231232972910
Position: -132.463 80.26 -832.94 Orientation: -0.159082 0.219721 0.864716 -0.422707 Time: 8231282637440
Position: -132.003 74.3833 -831.45 Orientation: -0.151046 0.224952 0.870437 -0.411 Time: 8231330706007
Position: -132.563 65.8367 -830.97 Orientation: -0.148044 0.23155 0.875828 -0.396728 Time: 8231403772757
Position: -134.587 52.3167 -831.36 Orientation: -0.149811 0.236051 0.875664 -0.393762 Time: 8231473761020
Position: -135.293 43.94 -831.873 Orientation: -0.149182 0.238824 0.876656 -0.390106 Time: 8231520225960
Position: -135.667 36.0667 -832.86 Orientation: -0.148146 0.242488 0.877643 -0.386 Time: 8231568166171
Position: -136.047 24.92 -834.04 Orientation: -0.146407 0.245812 0.873541 -0.393785 Time: 8231637530581
Position: -136.383 16.0533 -834.723 Orientation: -0.144579 0.245954 0.867541 -0.407402 Time: 8231684086656
Position: -137.077 7.16 -836.157 Orientation: -0.145477 0.246451 0.862063 -0.418264 Time: 8231757127270
Position: -137.51 -0.403333 -837.733 Orientation: -0.13738 0.255125 0.858085 -0.423942 Time: 8231803975088
Position: -137.22 -10.39 -840.66 Orientation: -0.128513 0.257492 0.863953 -0.413241 Time: 8231875526473
Position: -136.187 -15.8167 -842.22 Orientation: -0.131308 0.255016 0.868721 -0.403792 Time: 8231922670687
Position: -134.22 -23.6433 -843.707 Orientation: -0.136713 0.253824 0.868881 -0.402404 Time: 8231996226639
Position: -131.857 -29.51 -844.443 Orientation: -0.135683 0.252164 0.871239 -0.398681 Time: 8232044164250
Position: -128.137 -40.4833 -846.213 Orientation: -0.134447 0.25096 0.869925 -0.402709 Time: 8232120199194
Position: -126.943 -47.08 -848.797 Orientation: -0.13981 0.248685 0.868063 -0.406296 Time: 8232170323780
Position: -126.517 -53.6133 -852.4 Orientation: -0.144272 0.248776 0.866467 -0.408082 Time: 8232218604585
Position: -126.03 -64.1933 -856.947 Orientation: -0.141949 0.258061 0.859259 -0.418245 Time: 8232291028736
Position: -124.947 -73.23 -859.51 Orientation: -0.136655 0.27001 0.851237 -0.428736 Time: 8232338340304
Position: -122.647 -88.53 -863.56 Orientation: -0.130951 0.287973 0.838715 -0.443261 Time: 8232417034047
Position: -120.86 -96.4433 -866.083 Orientation: -0.128411 0.300994 0.831574 -0.448773 Time: 8232465199222
Position: -118.24 -103.657 -870.563 Orientation: -0.139881 0.309732 0.832586 -0.437378 Time: 8232536843522
Position: -116.41 -107.663 -874.08 Orientation: -0.145486 0.315741 0.834809 -0.426889 Time: 8232583922736
Position: -114.847 -112.103 -877.56 Orientation: -0.151949 0.3195 0.836653 -0.418143 Time: 8232655242588
Position: -113.51 -117.457 -880.963 Orientation: -0.156449 0.327066 0.835317 -0.413275 Time: 8232701888431
Position: -112.32 -126.867 -887.457 Orientation: -0.168689 0.32791 0.839177 -0.399752 Time: 8232776281707
Position: -111.707 -134.113 -890.967 Orientation: -0.173321 0.322472 0.841966 -0.396314 Time: 8232822824508
Position: -111.113 -144.633 -896.367 Orientation: -0.173847 0.333259 0.832263 -0.407498 Time: 8232893742873
Position: -110.357 -152.673 -899.65 Orientation: -0.174284 0.337968 0.824317 -0.419409 Time: 8232940335347
Position: -108.063 -162.65 -904.2 Orientation: -0.170986 0.349073 0.814526 -0.430649 Time: 8233015297056
Position: -106.05 -169.983 -908 Orientation: -0.169789 0.359948 0.80554 -0.438992 Time: 8233086808073
Position: -103.61 -177.083 -910.137 Orientation: -0.169418 0.359838 0.801151 -0.447181 Time: 8233132996871
Position: -100.43 -186.863 -914.803 Orientation: -0.172854 0.362644 0.796062 -0.452654 Time: 8233210139807
Position: -98.14 -194.31 -919.09 Orientation: -0.177816 0.365432 0.79267 -0.45444 Time: 8233257226684
Position: -94.8933 -205.72 -924.653 Orientation: -0.182225 0.374418 0.780574 -0.466164 Time: 8233328873721
Position: -92.8867 -213.323 -927.637 Orientation: -0.177359 0.383256 0.772747 -0.473836 Time: 8233375609604
Position: -91.0533 -221.07 -931.47 Orientation: -0.165696 0.401337 0.761366 -0.481451 Time: 8233451702431
Position: -89.5033 -228.21 -937.23 Orientation: -0.153813 0.423035 0.749962 -0.484707 Time: 8233525745807
Position: -88.7 -232.23 -941.22 Orientation: -0.152757 0.425066 0.750017 -0.483175 Time: 8233573009071
Position: -88 -236.637 -947.493 Orientation: -0.148616 0.432781 0.749316 -0.478686 Time: 8233644345344
Position: -87.5133 -240.913 -952.88 Orientation: -0.151278 0.432766 0.749823 -0.477069 Time: 8233690882262
Position: -86.4933 -245.773 -962.01 Orientation: -0.149786 0.437256 0.753063 -0.46826 Time: 8233762555298
Position: -85.6633 -246.47 -966.377 Orientation: -0.140518 0.441389 0.758329 -0.458658 Time: 8233811398105
Position: -83.9767 -247.53 -972.483 Orientation: -0.13111 0.441835 0.766494 -0.447302 Time: 8233884028472
Position: -82.6233 -248.977 -978.01 Orientation: -0.128944 0.440069 0.770729 -0.442369 Time: 8233931585531
Position: -81.7533 -250.95 -984.693 Orientation: -0.13381 0.4358 0.77496 -0.437734 Time: 8234003108728
Position: -81.1633 -253.237 -991.06 Orientation: -0.137407 0.431788 0.778971 -0.433454 Time: 8234050419885
Position: -80.01 -255.81 -997.073 Orientation: -0.142509 0.426093 0.783883 -0.42856 Time: 8234102829424
Position: -75.72 -258.813 -1008 Orientation: -0.146253 0.415357 0.799277 -0.408956 Time: 8234190900530
Position: -73.2933 -258.207 -1013.17 Orientation: -0.146751 0.406783 0.812866 -0.390181 Time: 8234238170773
Position: -69.25 -255.43 -1023.99 Orientation: -0.150256 0.403228 0.826758 -0.362355 Time: 8234312471682
Position: -67.2967 -253.59 -1032.11 Orientation: -0.153881 0.40457 0.832576 -0.345631 Time: 8234359801860
Position: -65.77 -252.64 -1040.42 Orientation: -0.158252 0.40628 0.835863 -0.333505 Time: 8234428926254
Position: -64.52 -252.02 -1047.38 Orientation: -0.16075 0.398873 0.842985 -0.323166 Time: 8234474771719
Position: -63 -251.313 -1054.83 Orientation: -0.16082 0.381681 0.85494 -0.312306 Time: 8234546692846
Position: -61.5 -250.483 -1062.95 Orientation: -0.159857 0.354553 0.871396 -0.299011 Time: 8234616332168
Position: -60.44 -249.08 -1068.31 Orientation: -0.161021 0.33741 0.881613 -0.28807 Time: 8234662587469
Position: -59.1133 -247.323 -1073.82 Orientation: -0.162618 0.320736 0.890834 -0.277665 Time: 8234709410245
Position: -57.1067 -244.023 -1080.71 Orientation: -0.16704 0.291103 0.905683 -0.259028 Time: 8234785513472
Position: -55.8367 -241.617 -1085.06 Orientation: -0.173577 0.258732 0.918498 -0.243495 Time: 8234833677279
Position: -53.7233 -237.173 -1091.4 Orientation: -0.19166 0.181792 0.942931 -0.202728 Time: 8234907755413
Position: -52.61 -233.617 -1096.81 Orientation: -0.194784 0.166282 0.948385 -0.187017 Time: 8234956570578
Position: -51.3 -229.75 -1102.06 Orientation: -0.193103 0.152595 0.953911 -0.171699 Time: 8235012291505
Position: -49.8633 -225.96 -1107.17 Orientation: -0.193425 0.135418 0.959258 -0.155154 Time: 8235071739128
Position: -48.03 -220.84 -1114.14 Orientation: -0.193285 0.118211 0.964225 -0.137613 Time: 8235143236325
Position: -46.98 -214.233 -1125.46 Orientation: -0.200153 0.105044 0.967128 -0.116478 Time: 8235216048143
Position: -46.77 -210.177 -1133.3 Orientation: -0.209157 0.104445 0.966311 -0.107646 Time: 8235263572361
Position: -46.79 -204.617 -1143.98 Orientation: -0.223559 0.101512 0.964446 -0.0977781 Time: 8235335131272
Position: -47.1633 -200.447 -1151.82 Orientation: -0.233764 0.0972461 0.963026 -0.0920787 Time: 8235381762335
Position: -47.1133 -195.417 -1158.98 Orientation: -0.245229 0.0912442 0.961781 -0.0807096 Time: 8235451268375
Position: -46.88 -189.773 -1165.19 Orientation: -0.259591 0.0796075 0.959957 -0.0689732 Time: 8235498608817
Position: -45.7567 -179.337 -1172.77 Orientation: -0.283238 0.0552473 0.956641 -0.03951 Time: 8235569935237
Position: -45.89 -174.377 -1176.6 Orientation: -0.303549 0.0290714 0.952087 -0.0233038 Time: 8235616559595
Position: -45.9167 -167.323 -1182.08 Orientation: -0.324068 0.0127347 0.945902 -0.00936767 Time: 8235689084186
Position: -44.7633 -158.86 -1187.43 Orientation: -0.339353 -0.00140008 0.940656 0.00206679 Time: 8235761611787
Position: -43.5167 -153.497 -1190.44 Orientation: -0.344238 -0.00436714 0.938836 0.00826757 Time: 8235812079020
Position: -42.1433 -147.77 -1193.8 Orientation: -0.352012 -0.00900116 0.935787 0.0175689 Time: 8235862354266
Position: -40.1433 -139.537 -1198.84 Orientation: -0.371758 -0.0140022 0.927545 0.0355055 Time: 8235937751673
Position: -39.0033 -134.02 -1201.95 Orientation: -0.383968 -0.0174683 0.921951 0.0476377 Time: 8235984064858
Position: -33.8567 -121.767 -1205.23 Orientation: -0.381235 0.00216687 0.921252 0.0771404 Time: 8236056138424
Position: -31.29 -116.84 -1205.69 Orientation: -0.378442 0.00570063 0.921603 0.0860096 Time: 8236102949159
Position: -25.9133 -109.307 -1204.65 Orientation: -0.366578 0.013635 0.923712 0.110413 Time: 8236172715878
Position: -19.8733 -102.333 -1202.03 Orientation: -0.351378 0.0144351 0.926383 0.134684 Time: 8236245468991
Position: -14.5067 -96.1233 -1200.55 Orientation: -0.341775 0.0198024 0.926613 0.155519 Time: 8236291903553
Position: -7.12333 -86.7333 -1199 Orientation: -0.333442 0.024203 0.923616 0.187523 Time: 8236361660556
Position: -3.36667 -81.51 -1198.34 Orientation: -0.33314 0.0263032 0.919545 0.206792 Time: 8236407503833
Position: 0.356667 -76.3633 -1197.45 Orientation: -0.326398 0.0335032 0.918322 0.221421 Time: 8236476785455
Position: 3.08 -71.93 -1196.5 Orientation: -0.319965 0.0376037 0.917725 0.232356 Time: 8236523165281
Position: 5.38 -66.9567 -1194.5 Orientation: -0.309639 0.0317373 0.918281 0.244697 Time: 8236594311757
Position: 6.6 -62.83 -1193.42 Orientation: -0.299895 0.0306362 0.919652 0.251723 Time: 8236640912168
Position: 9.06667 -54.97 -1191.58 Orientation: -0.289667 0.0345707 0.91934 0.264031 Time: 8236711746376
Position: 12.13 -48.9833 -1190.59 Orientation: -0.28357 0.043139 0.91632 0.279437 Time: 8236757815849
Position: 15.9433 -41.3433 -1189.37 Orientation: -0.282828 0.0487382 0.909425 0.300964 Time: 8236828652930
Position: 17.09 -38.02 -1188.3 Orientation: -0.284824 0.0440038 0.906311 0.309093 Time: 8236875842026
Position: 18.73 -31.5533 -1185.34 Orientation: -0.272847 0.0393401 0.906123 0.320855 Time: 8236945347655
Position: 20.18 -23.2833 -1183.24 Orientation: -0.262663 0.043605 0.903504 0.335839 Time: 8237014917599
Position: 22.1133 -18.1167 -1182.28 Orientation: -0.253358 0.0515716 0.900387 0.349934 Time: 8237061148543
Position: 23.79 -13.28 -1181.25 Orientation: -0.250529 0.0551064 0.894504 0.366143 Time: 8237108115412
Position: 24.6567 -7.29333 -1179.96 Orientation: -0.253389 0.0575717 0.888677 0.3778 Time: 8237180157915
Position: 25.84 -3.53667 -1176.96 Orientation: -0.244459 0.0570059 0.886625 0.38844 Time: 8237229254560
Position: 27.6867 0.99 -1168.29 Orientation: -0.21407 0.0430741 0.886053 0.408937 Time: 8237305733549
Position: 27.96 2.19 -1164.62 Orientation: -0.203315 0.0338025 0.884365 0.418831 Time: 8237351503616
Position: 26.92 5.82333 -1159.72 Orientation: -0.189523 0.0373044 0.881638 0.430585 Time: 8237423939534
Position: 25.1667 9.17333 -1157.3 Orientation: -0.178881 0.0434701 0.880736 0.436368 Time: 8237470113827
Position: 23.8067 14.6 -1154.42 Orientation: -0.161948 0.0532048 0.880213 0.442907 Time: 8237541924797
Position: 23.4 19.0433 -1152.01 Orientation: -0.149848 0.0595726 0.879687 0.447378 Time: 8237588088689
Position: 26.0533 26.4067 -1147.83 Orientation: -0.126481 0.0796424 0.874466 0.461486 Time: 8237658887045
Position: 27.4 32.02 -1143.8 Orientation: -0.102213 0.091978 0.873274 0.467424 Time: 8237728469304
Position: 27.4733 34.7333 -1142.01 Orientation: -0.0950478 0.0971148 0.871799 0.470638 Time: 8237775262386
Position: 26.7767 38.7633 -1139.45 Orientation: -0.087077 0.103079 0.870203 0.473856 Time: 8237825893143
Position: 25.9167 43.9167 -1135.43 Orientation: -0.0748052 0.103674 0.869427 0.477233 Time: 8237898569352
Position: 27.17 48.5067 -1127.71 Orientation: -0.0528753 0.0791796 0.86154 0.498681 Time: 8237969895088
Position: 28.5367 52.1467 -1124.14 Orientation: -0.0335722 0.0732786 0.857073 0.50885 Time: 8238016065275
Position: 30.5367 58.6333 -1120.71 Orientation: -0.02077 0.0728783 0.847401 0.525517 Time: 8238086912345
Position: 33.19 63.75 -1118.47 Orientation: -0.020938 0.0728496 0.830753 0.551457 Time: 8238132867420
Position: 36.8133 70.73 -1113.33 Orientation: -0.0124678 0.0691731 0.809675 0.582654 Time: 8238203946434
Position: 36.8267 74.7533 -1109.35 Orientation: -0.0068009 0.0656421 0.803173 0.592079 Time: 8238252837408
Position: 36.9433 77.8167 -1105.16 Orientation: 0.00793408 0.0633059 0.797108 0.600456 Time: 8238328991677
Position: 36.8833 80.6833 -1099.32 Orientation: 0.0307374 0.0543072 0.789672 0.610348 Time: 8238376375633
Position: 36.61 82.14 -1094.94 Orientation: 0.0503386 0.0440046 0.78595 0.614665 Time: 8238447556046
Position: 36.7133 83.48 -1092.45 Orientation: 0.0654094 0.0446731 0.776979 0.624524 Time: 8238495850809
Position: 34.9767 85.7667 -1089.37 Orientation: 0.0784755 0.0457718 0.762253 0.640872 Time: 8238569649242
Position: 33.8733 86.7567 -1087.55 Orientation: 0.0913108 0.0493392 0.754556 0.647977 Time: 8238619432138
Position: 33.0933 87.3833 -1085.6 Orientation: 0.106444 0.0505718 0.747143 0.654133 Time: 8238668600213
Position: 31.68 88.4433 -1083.13 Orientation: 0.120112 0.0541052 0.739271 0.660397 Time: 8238740787630
Position: 30.1 89.5067 -1081.26 Orientation: 0.129547 0.0591729 0.734011 0.664037 Time: 8238787107520
Position: 27.4167 91.0067 -1076.72 Orientation: 0.144284 0.0649412 0.725321 0.669981 Time: 8238857098247
Position: 26.52 91.2533 -1073.33 Orientation: 0.15632 0.0651416 0.717725 0.67542 Time: 8238903466715
Position: 26.4033 90.42 -1069.61 Orientation: 0.172165 0.0652787 0.70703 0.682793 Time: 8238974701452
Position: 26.9767 89.2133 -1066.71 Orientation: 0.197959 0.0727761 0.69509 0.687289 Time: 8239020668432
Position: 27.01 88.5133 -1064.51 Orientation: 0.23478 0.094252 0.685602 0.682602 Time: 8239089660638
Position: 23.6133 88.6167 -1061.25 Orientation: 0.263221 0.115757 0.679406 0.675072 Time: 8239163316621
Position: 22.17 87.3167 -1059.69 Orientation: 0.292097 0.129428 0.670881 0.669214 Time: 8239217447331
Position: 19.5767 85.23 -1055.81 Orientation: 0.315895 0.133645 0.66406 0.66436 Time: 8239269621230
Position: 15.2533 82.84 -1049.69 Orientation: 0.324767 0.130213 0.659368 0.665436 Time: 8239319106227
Position: 8.48 80.7533 -1041.71 Orientation: 0.337098 0.132146 0.658162 0.660095 Time: 8239388888546
Position: 3.76333 79.88 -1036.91 Orientation: 0.346473 0.140149 0.658343 0.653375 Time: 8239434781495
Position: -2.19667 78.1933 -1029.81 Orientation: 0.360811 0.151819 0.655147 0.64618 Time: 8239506709464
Position: -4.74333 77.27 -1026.29 Orientation: 0.375881 0.160354 0.650449 0.640247 Time: 8239553058774
Position: -6.39333 75.3433 -1023.42 Orientation: 0.395742 0.167365 0.639654 0.637354 Time: 8239626449835
Position: -8.44667 71.2633 -1018.91 Orientation: 0.405992 0.167891 0.623757 0.64646 Time: 8239676328930
Position: -9.27 63.12 -1014.58 Orientation: 0.370016 0.173008 0.589326 0.697031 Time: 8239750225203
Position: -10.2567 62.4 -1012.76 Orientation: 0.356131 0.1829 0.589874 0.701261 Time: 8239797743400
Position: -11.5533 53.2967 -1008.12 Orientation: 0.359394 0.176646 0.564748 0.721589 Time: 8239869042863
Position: -12.46 46.33 -1004.35 Orientation: 0.36324 0.164318 0.546626 0.73638 Time: 8239914821551
Position: -14.56 42.25 -999.523 Orientation: 0.348265 0.167398 0.545336 0.74384 Time: 8239983684033
Position: -15.77 39.7033 -996.75 Orientation: 0.336627 0.17068 0.542043 0.750826 Time: 8240030305791
Position: -17.9233 34.72 -993.323 Orientation: 0.32407 0.17402 0.535028 0.760553 Time: 8240102288085
Position: -18.99 32.4 -991.83 Orientation: 0.317136 0.17342 0.53176 0.765886 Time: 8240149092662
Position: -19.94 29.8967 -989.51 Orientation: 0.299973 0.174323 0.535037 0.770301 Time: 8240219758146
Position: -19.9633 27.5267 -987.723 Orientation: 0.285137 0.168455 0.536936 0.7759 Time: 8240266818066
Position: -18.6367 23.6133 -987.09 Orientation: 0.278721 0.166913 0.536307 0.778992 Time: 8240339250836
Position: -17.9433 20.36 -985.9 Orientation: 0.265575 0.157558 0.541952 0.781623 Time: 8240386488511
Position: -15.7633 14.1367 -987.927 Orientation: 0.247991 0.154282 0.528451 0.797143 Time: 8240462901544
Position: -15.0067 12.97 -990.067 Orientation: 0.2314 0.16089 0.523574 0.804014 Time: 8240512158838
Position: -14.18 14.0467 -993.653 Orientation: 0.213178 0.182205 0.525211 0.803436 Time: 8240560023787
Position: -14.3533 14.04 -998.093 Orientation: 0.192692 0.20426 0.526435 0.802505 Time: 8240635600728
Position: -16.4667 10.2867 -997.847 Orientation: 0.181901 0.192203 0.524432 0.809285 Time: 8240683265070
Position: -21.2133 1.60667 -993.87 Orientation: 0.139431 0.139665 0.502207 0.841927 Time: 8240754117888
Position: -24.9067 -3.10667 -992.643 Orientation: 0.0845129 0.118085 0.485074 0.862332 Time: 8240828330124
Position: -25.7633 -5.94 -995.127 Orientation: 0.0722718 0.119409 0.488735 0.861195 Time: 8240875592294
Position: -26.7467 -7.98667 -996.627 Orientation: 0.0594776 0.118355 0.49019 0.861492 Time: 8240922540689
Position: -29.0933 -12.5933 -998.947 Orientation: 0.0246036 0.117017 0.486972 0.865194 Time: 8240997014427
Position: -34.9567 -17.87 -997.307 Orientation: -0.0622365 0.09659 0.459303 0.880817 Time: 8241067215065
Position: -39.2533 -20.27 -995.92 Orientation: -0.11586 0.0709497 0.449404 0.882938 Time: 8241113883897
Position: -41.4333 -24.2833 -996.5 Orientation: -0.163275 0.0526135 0.434144 0.88436 Time: 8241184382710
Position: -43.52 -27.2767 -996.95 Orientation: -0.202252 0.028312 0.419311 0.884574 Time: 8241230985858
Position: -44.8467 -33.8333 -997.223 Orientation: -0.243639 -0.00526751 0.394163 0.886142 Time: 8241301820339
Position: -45.2 -36.72 -996.71 Orientation: -0.254424 -0.0202019 0.386936 0.886082 Time: 8241348869996
Position: -44.13 -42.8733 -995.073 Orientation: -0.269219 -0.0366738 0.377607 0.885206 Time: 8241419458029
Position: -44.4267 -47.0133 -992.5 Orientation: -0.287043 -0.0608163 0.366431 0.88297 Time: 8241465924200
Position: -43.7067 -52.8933 -988.967 Orientation: -0.302931 -0.0856754 0.357903 0.879089 Time: 8241538469043
Position: -41.3033 -57.7 -986.627 Orientation: -0.306428 -0.0921752 0.357666 0.877314 Time: 8241589078179
Position: -37.7667 -64.9533 -982.273 Orientation: -0.318301 -0.115779 0.351438 0.872795 Time: 8241661118356
Position: -35.2133 -68.9667 -979.587 Orientation: -0.325416 -0.128386 0.344352 0.871231 Time: 8241707146777
Position: -31.7 -74.5267 -975.22 Orientation: -0.336887 -0.148124 0.324285 0.871439 Time: 8241777052115
Position: -27.5367 -79.1733 -971.477 Orientation: -0.343726 -0.158594 0.301152 0.875219 Time: 8241823781703
Position: -22.2533 -84.18 -967 Orientation: -0.347486 -0.162791 0.278342 0.880499 Time: 8241893576201
Position: -16.28 -89.0433 -962.4 Orientation: -0.349894 -0.162028 0.259178 0.885521 Time: 8241939902659
Position: -5.73667 -96.7233 -954.32 Orientation: -0.347697 -0.156095 0.222841 0.897264 Time: 8242010637932
Position: 2.12333 -100.47 -949.38 Orientation: -0.35448 -0.153554 0.191425 0.902287 Time: 8242082834380
Position: 13.8433 -103.187 -942.723 Orientation: -0.355522 -0.149423 0.156891 0.909209 Time: 8242153909426
Position: 21.5933 -103.17 -939.13 Orientation: -0.355316 -0.147187 0.14052 0.912327 Time: 8242200866716
Position: 33.4067 -101.457 -934.797 Orientation: -0.349642 -0.135249 0.128582 0.918109 Time: 8242277552334
Position: 42.3567 -98.8833 -931.23 Orientation: -0.346407 -0.128182 0.117647 0.921808 Time: 8242325145244
Position: 56.57 -93.14 -924.493 Orientation: -0.339368 -0.118012 0.0980099 0.928061 Time: 8242398133448
Position: 61.67 -90.4 -921.82 Orientation: -0.337213 -0.114404 0.0876034 0.930336 Time: 8242446394275
Position: 70.69 -83.3033 -917.607 Orientation: -0.331603 -0.104245 0.074208 0.934701 Time: 8242518852772
Position: 77.7367 -77.2667 -914.953 Orientation: -0.327165 -0.0948425 0.0662731 0.937857 Time: 8242567995395
Position: 87.0167 -69.04 -911.213 Orientation: -0.320032 -0.0834417 0.0582059 0.941928 Time: 8242641543821
Position: 93.67 -63.2367 -908.417 Orientation: -0.315296 -0.0730735 0.0499714 0.944855 Time: 8242688298041
Position: 99.21 -53.2667 -903.48 Orientation: -0.307035 -0.0662076 0.0385711 0.948609 Time: 8242759166595
Position: 98.4367 -44.0933 -899.6 Orientation: -0.298089 -0.0662049 0.0374361 0.951503 Time: 8242828932494
Position: 95.58 -36.6467 -896.813 Orientation: -0.291616 -0.0682038 0.0377688 0.953353 Time: 8242875873910
Position: 87.83 -23.46 -892.873 Orientation: -0.283386 -0.0703714 0.0412361 0.955531 Time: 8242949846129
Position: 82.4133 -16.1967 -890.62 Orientation: -0.277883 -0.067304 0.044436 0.957223 Time: 8242998060704
Position: 75.8833 -9.3 -888.71 Orientation: -0.273263 -0.0654072 0.0494388 0.958439 Time: 8243070106766
Position: 67.69 -3.26 -886.863 Orientation: -0.268153 -0.0639381 0.0556708 0.959639 Time: 8243116775323
Position: 58.1 1.69667 -884.71 Orientation: -0.263713 -0.0647032 0.0606697 0.960514 Time: 8243164178711
Position: 45.1 6.47667 -881.257 Orientation: -0.257523 -0.0665058 0.068406 0.961551 Time: 8243234002493
Position: 35.99 8.81 -878.43 Orientation: -0.252122 -0.0673726 0.07514 0.962418 Time: 8243279990409
Position: 22.7967 9.91667 -873.47 Orientation: -0.242057 -0.0684733 0.0873418 0.963894 Time: 8243351115812
Position: 15.83 8.83667 -870.15 Orientation: -0.235626 -0.0692742 0.0936435 0.964838 Time: 8243398077070
Position: 9.77333 6.81667 -866.81 Orientation: -0.229486 -0.0707059 0.0993083 0.965647 Time: 8243468287425
Position: 4.38667 4.20667 -863.827 Orientation: -0.225253 -0.0727063 0.102609 0.96615 Time: 8243513796949
Position: -1.78667 0.206667 -860.687 Orientation: -0.221713 -0.0727043 0.104273 0.966791 Time: 8243585004729
Position: -5.88 -3.09667 -858.947 Orientation: -0.219176 -0.0735032 0.105805 0.967142 Time: 8243632253214
Position: -12.64 -9.11333 -857.483 Orientation: -0.214613 -0.0747713 0.111807 0.967393 Time: 8243705178472
Position: -18.4933 -14.14 -858.03 Orientation: -0.212543 -0.0767033 0.116805 0.967109 Time: 8243775145114
Position: -23.3133 -18.4767 -858.94 Orientation: -0.20965 -0.0789396 0.121276 0.96701 Time: 8243821434352
Position: -28.2167 -23.3533 -860.393 Orientation: -0.204788 -0.0804418 0.127947 0.967068 Time: 8243893395846
Position: -33.1167 -28.6033 -862.747 Orientation: -0.202447 -0.0800722 0.132342 0.967 Time: 8243941838260
Position: -41.1433 -37.14 -868.47 Orientation: -0.202385 -0.0807074 0.14268 0.965489 Time: 8244012997872
Position: -45.2433 -42.6267 -871.787 Orientation: -0.202086 -0.0817746 0.146914 0.964827 Time: 8244060194358
Position: -49.3367 -50.3133 -876.027 Orientation: -0.199877 -0.0861046 0.151175 0.964252 Time: 8244130349293
Position: -51.1367 -55.89 -879.75 Orientation: -0.200546 -0.0880057 0.151676 0.963862 Time: 8244177576020
Position: -51.2567 -63.8833 -887.823 Orientation: -0.204378 -0.0872382 0.152775 0.962953 Time: 8244253028574
Position: -49.5367 -67.8767 -893.493 Orientation: -0.207719 -0.085241 0.152547 0.962453 Time: 8244300766946
Position: -45.83 -72.2633 -901.787 Orientation: -0.212511 -0.0856376 0.151007 0.961614 Time: 8244370891502
Position: -43.7967 -74.0967 -906.313 Orientation: -0.215112 -0.0862713 0.149475 0.961219 Time: 8244418838691
Position: -39.6233 -77.6433 -919.037 Orientation: -0.223797 -0.0870786 0.139252 0.960698 Time: 8244496008996
Position: -37.95 -79.25 -927.33 Orientation: -0.230517 -0.0884064 0.130109 0.96027 Time: 8244544768604
Position: -36.54 -78.7967 -939.9 Orientation: -0.242789 -0.0895083 0.118678 0.958623 Time: 8244616124308
Position: -34.4767 -76.57 -950.103 Orientation: -0.25202 -0.08584 0.114009 0.957141 Time: 8244664202180
Position: -30.61 -70.75 -963.737 Orientation: -0.264293 -0.0769076 0.109678 0.955094 Time: 8244735301993
Position: -27.4 -65.0333 -973.09 Orientation: -0.272786 -0.0735051 0.103774 0.953633 Time: 8244782618625
Position: -21.6233 -53.9667 -987.047 Orientation: -0.284783 -0.0643705 0.0934055 0.951856 Time: 8244852925177
Position: -18.37 -44.0067 -997.287 Orientation: -0.291937 -0.0591741 0.0889445 0.950453 Time: 8244922208168
Position: -17.45 -36.38 -1003.61 Orientation: -0.2971 -0.0549062 0.0834428 0.949607 Time: 8244970166579
Position: -18.2067 -28.5933 -1008.3 Orientation: -0.300657 -0.0531376 0.0768728 0.949143 Time: 8245040242282
Position: -20.2667 -20.41 -1011.77 Orientation: -0.302463 -0.0490381 0.0730405 0.949093 Time: 8245087174805
Position: -26.9233 -5.70667 -1015.19 Orientation: -0.303891 -0.0526709 0.0712724 0.948576 Time: 8245157352043
Position: -32.47 5.94667 -1016.14 Orientation: -0.304879 -0.049002 0.0719363 0.948405 Time: 8245239439963
Position: -36.4367 14.42 -1015.5 Orientation: -0.304652 -0.0433693 0.0753046 0.948491 Time: 8245286985527
Position: -43.1567 26.49 -1011.28 Orientation: -0.302659 -0.0366698 0.0761065 0.949347 Time: 8245358055099
Position: -46.8333 32.4067 -1007.9 Orientation: -0.301564 -0.0287362 0.0749408 0.950062 Time: 8245404223507
Position: -52.3133 38.3933 -1002.22 Orientation: -0.296691 -0.0250687 0.0739393 0.951777 Time: 8245474862307
Position: -56.4833 41.7567 -997.217 Orientation: -0.287962 -0.0259026 0.0821414 0.953761 Time: 8245521518550
Position: -62.3 45.0967 -987.617 Orientation: -0.267851 -0.0260383 0.103653 0.957515 Time: 8245595107344
Position: -63.56 45.15 -983.75 Orientation: -0.253826 -0.0155016 0.111311 0.960699 Time: 8245643657450
Position: -68.8733 43.82 -974.433 Orientation: -0.238959 -0.0115346 0.111812 0.964502 Time: 8245717600523
Position: -73.8567 41.81 -966.563 Orientation: -0.231006 -0.0110686 0.114753 0.966098 Time: 8245764632664
Position: -80.33 36.7233 -957.01 Orientation: -0.210511 -0.00866712 0.12034 0.970118 Time: 8245834893512
Position: -85.2767 32.09 -951.083 Orientation: -0.197989 -0.00753418 0.12288 0.972442 Time: 8245881121720
Position: -93.73 22.73 -945.387 Orientation: -0.184752 -0.00516719 0.115745 0.975932 Time: 8245953193917
Position: -98.3033 15.4967 -944.38 Orientation: -0.166961 0.0036006 0.116119 0.979095 Time: 8245999711541
Position: -105.063 4.81 -945.233 Orientation: -0.143472 0.00926702 0.109771 0.983504 Time: 8246069906706
Position: -109.897 -1.89333 -947.547 Orientation: -0.14107 0.0148004 0.108503 0.983924 Time: 8246142152554
Position: -114.993 -9.26 -950.247 Orientation: -0.13554 0.0155007 0.103972 0.985179 Time: 8246190593325
Position: -121.653 -21.7833 -956.307 Orientation: -0.119317 0.0205696 0.100848 0.987507 Time: 8246263954007
Position: -125.217 -29.8067 -961.02 Orientation: -0.101112 0.0192023 0.0952448 0.990119 Time: 8246311923364
Position: -127.12 -36.4567 -966.893 Orientation: -0.0898433 0.0250695 0.0959106 0.99101 Time: 8246363843016
Position: -128.153 -44.1033 -975.727 Orientation: -0.078174 0.0350699 0.100976 0.991193 Time: 8246441632521
Position: -128.54 -49.2433 -982.743 Orientation: -0.0704085 0.0456055 0.102846 0.991154 Time: 8246489185475
Position: -128.2 -57.43 -995.967 Orientation: -0.0508707 0.0579379 0.0981744 0.992178 Time: 8246558685083
Position: -127.593 -63.8367 -1007.72 Orientation: -0.0318694 0.0671391 0.0787734 0.994118 Time: 8246632463537
Position: -126.83 -65.9867 -1015.57 Orientation: -0.0316346 0.0777031 0.0746696 0.993673 Time: 8246679263461
Position: -128 -66.7967 -1025.93 Orientation: -0.0315024 0.0660051 0.0673719 0.995044 Time: 8246752475125
Position: -129.147 -65.27 -1030.58 Orientation: -0.036237 0.0550389 0.0651065 0.9957 Time: 8246800607595
Position: -132.36 -60.99 -1033.64 Orientation: -0.0348386 0.0280376 0.0788452 0.995883 Time: 8246873074029
Position: -134.627 -57.37 -1034.86 Orientation: -0.0286688 0.00803392 0.0845728 0.995972 Time: 8246919769818
Position: -131.587 -49.8767 -1038.52 Orientation: -0.0270695 0.0165684 0.0921763 0.995237 Time: 8246994250945
Position: -129.16 -46.55 -1040.16 Orientation: -0.0326005 0.0263004 0.0905014 0.995015 Time: 8247042107273
Position: -125.827 -40.3233 -1042.34 Orientation: -0.032602 0.0372023 0.0934392 0.994395 Time: 8247120911583
Position: -123.54 -36.1367 -1043.46 Orientation: -0.0274027 0.0506049 0.0919756 0.994097 Time: 8247168675544
Position: -123.13 -33.9633 -1041.76 Orientation: -0.023802 0.0540045 0.0961414 0.993617 Time: 8247241982858
Position: -123.393 -33.6033 -1038.78 Orientation: -0.0198683 0.0569381 0.100075 0.993151 Time: 8247290384630
Position: -124.727 -38.0167 -1034.52 Orientation: -0.0142003 0.0682349 0.0995357 0.99259 Time: 8247363288541
Position: -126.453 -43.6833 -1031.03 Orientation: -0.0156014 0.0784405 0.0964088 0.992124 Time: 8247435866225
Position: -128.313 -48.0767 -1028.03 Orientation: -0.0172012 0.0830722 0.0945397 0.9919 Time: 8247483775236
Position: -132.433 -55.2933 -1021.86 Orientation: -0.0221344 0.0838373 0.097538 0.991447 Time: 8247554559224
Position: -136.137 -58.8133 -1017.75 Orientation: -0.0314029 0.0721733 0.107743 0.991058 Time: 8247601801277
Position: -140.737 -65.3333 -1015.53 Orientation: -0.0381377 0.0658409 0.110013 0.991013 Time: 8247675197948
Position: -146.317 -74.1033 -1016.53 Orientation: -0.0449687 0.0726033 0.103605 0.990945 Time: 8247745948683
Position: -149.573 -78.6367 -1016.36 Orientation: -0.0482029 0.0740378 0.101939 0.99086 Time: 8247792918015
Position: -152.32 -83.35 -1015.91 Orientation: -0.0492697 0.0815384 0.0978728 0.990629 Time: 8247865671949
Position: -155.24 -86.5733 -1014.24 Orientation: -0.0518708 0.0843734 0.101641 0.989879 Time: 8247912709701
Position: -158.18 -91.3333 -1010.89 Orientation: -0.0495362 0.0825048 0.100639 0.990258 Time: 8247984282844
Position: -161.787 -96.02 -1008.17 Orientation: -0.0509361 0.0809378 0.104772 0.989888 Time: 8248054567092
Position: -163.357 -99.51 -1007.95 Orientation: -0.0503041 0.0861737 0.104109 0.989548 Time: 8248104165255
Position: -165.037 -103.083 -1007.23 Orientation: -0.052837 0.0899729 0.107307 0.988736 Time: 8248179801037
Position: -165.147 -105.28 -1006.28 Orientation: -0.0534713 0.088441 0.106576 0.988919 Time: 8248227215372
Position: -164.18 -106.597 -1003.67 Orientation: -0.0528034 0.0876723 0.105574 0.989131 Time: 8248300245996
Position: -163.093 -106.79 -1002.09 Orientation: -0.0498031 0.0870053 0.102573 0.989661 Time: 8248372060387
Position: -162.62 -106.997 -1001.66 Orientation: -0.0479364 0.0858389 0.0998731 0.990131 Time: 8248421221894
Position: -162.13 -107.943 -1003.25 Orientation: -0.0479019 0.0884035 0.0972038 0.990173 Time: 8248494264561
Position: -162.03 -108.31 -1004.4 Orientation: -0.0491008 0.0868014 0.0976016 0.990216 Time: 8248540576924
Position: -161.307 -110.567 -1006.75 Orientation: -0.0493037 0.0880733 0.0964406 0.990208 Time: 8248618421849
Position: -160.46 -112.467 -1008.55 Orientation: -0.0482359 0.0890714 0.0949051 0.990319 Time: 8248666765875
Position: -159.647 -113.747 -1009.52 Orientation: -0.0468688 0.0870373 0.094071 0.990645 Time: 8248741718963
Position: -158.97 -114.58 -1010.28 Orientation: -0.0454008 0.0846014 0.0931015 0.991016 Time: 8248796930708
Position: -159.007 -115.947 -1012.48 Orientation: -0.0463686 0.0856369 0.0935373 0.990842 Time: 8248888125458
Position: -159.893 -116.777 -1014.03 Orientation: -0.0462016 0.086603 0.0945699 0.990667 Time: 8248937178177
Position: -161.903 -117.527 -1015.59 Orientation: -0.0458015 0.0899697 0.0954698 0.9903 Time: 8249009443730
Position: -162.927 -117.47 -1015.39 Orientation: -0.0459363 0.0912726 0.0955729 0.990164 Time: 8249056245707
Position: -164.08 -116.763 -1014.19 Orientation: -0.0450701 0.0913403 0.097174 0.990042 Time: 8249128751824
Position: -164.54 -116.273 -1013.21 Orientation: -0.0439022 0.0919379 0.0970715 0.990049 Time: 8249176252368
Position: -164.79 -115.253 -1011.38 Orientation: -0.0432359 0.0912386 0.097939 0.990058 Time: 8249247041966
Position: -164.457 -114.79 -1010.24 Orientation: -0.0423706 0.0916086 0.0972758 0.990126 Time: 8249293851468
Position: -163.943 -113.883 -1008.54 Orientation: -0.0416348 0.0904032 0.0972702 0.990269 Time: 8249366002212
Position: -163.733 -113.48 -1007.77 Orientation: -0.0412344 0.090569 0.0967025 0.990326 Time: 8249412923787
Position: -163.687 -112.3 -1005.75 Orientation: -0.041037 0.0887746 0.096442 0.990522 Time: 8249487350589
Position: -164.353 -110.44 -1003.95 Orientation: -0.0402675 0.0875684 0.0968686 0.990619 Time: 8249563374312
Position: -164.847 -109.483 -1003.67 Orientation: -0.0400009 0.0869352 0.0965021 0.990722 Time: 8249610339265
Position: -165.513 -108.803 -1003.49 Orientation: -0.0406016 0.0887368 0.0971705 0.990472 Time: 8249682935012
Position: -165.647 -109.027 -1003.56 Orientation: -0.0413034 0.0890072 0.0965412 0.99048 Time: 8249732117592
Position: -165.483 -109.87 -1002.93 Orientation: -0.0412691 0.0897387 0.0954057 0.990526 Time: 8249805019587
Position: -165.283 -110.44 -1001.9 Orientation: -0.0412369 0.0868075 0.0947415 0.990852 Time: 8249851635598
Position: -164.983 -111.147 -1000.68 Orientation: -0.0423044 0.0868758 0.09541 0.990737 Time: 8249923356939
Position: -164.673 -111.79 -999.973 Orientation: -0.0430702 0.085307 0.0956745 0.990815 Time: 8249970748832
Position: -164.26 -113.08 -999.047 Orientation: -0.0439043 0.0832415 0.094876 0.991031 Time: 8250042374932
Position: -164.213 -113.96 -998.297 Orientation: -0.0439699 0.0821395 0.0950071 0.991107 Time: 8250112333364
Position: -164.34 -114.703 -997.397 Orientation: -0.0435028 0.0813052 0.0960395 0.991097 Time: 8250160068589
Position: -164.553 -115.403 -996.063 Orientation: -0.0422367 0.0819733 0.0972411 0.99098 Time: 8250233971704
Position: -164.527 -115.657 -995.143 Orientation: -0.0411346 0.0822026 0.0973364 0.990998 Time: 8250281535605
Position: -164.243 -116.02 -994.47 Orientation: -0.0397341 0.0815681 0.0962017 0.991218 Time: 8250329742517
Position: -163.87 -116.523 -993.977 Orientation: -0.0390372 0.0838082 0.0951094 0.991164 Time: 8250403214861
Position: -163.803 -116.92 -993.963 Orientation: -0.0387708 0.0842089 0.0944433 0.991204 Time: 8250451849534
Position: -163.91 -117.66 -993.997 Orientation: -0.0381701 0.085141 0.0947085 0.991123 Time: 8250523237806
Position: -164.017 -118.56 -994.173 Orientation: -0.0376704 0.087342 0.0949094 0.990931 Time: 8250570763939
Position: -163.93 -119.963 -994.447 Orientation: -0.0376349 0.0881371 0.0947707 0.990875 Time: 8250641591578
Position: -163.93 -120.27 -994.32 Orientation: -0.038302 0.0878045 0.0961049 0.990751 Time: 8250688138759
Position: -163.577 -120.993 -993.997 Orientation: -0.0382367 0.0869076 0.0965751 0.990787 Time: 8250763813677
Position: -163.057 -121.373 -993.96 Orientation: -0.0386689 0.087405 0.0966055 0.990723 Time: 8250810696527
Position: -162.303 -121.833 -994.207 Orientation: -0.0383357 0.088072 0.0954058 0.990793 Time: 8250883549943
Position: -161.873 -121.963 -994.487 Orientation: -0.038335 0.0879039 0.0950375 0.990844 Time: 8250930794871
Position: -161.31 -122.19 -994.913 Orientation: -0.0384695 0.0890733 0.0949737 0.99074 Time: 8251002207363
Position: -160.87 -122.487 -995.24 Orientation: -0.0387697 0.0898737 0.0944073 0.99071 Time: 8251049624983
Position: -160.463 -122.88 -995.58 Orientation: -0.0391684 0.0900039 0.0944708 0.990677 Time: 8251121292408
Position: -160.3 -123.393 -996.097 Orientation: -0.0397364 0.0877401 0.0942739 0.990876 Time: 8251167408543
Position: -160.22 -124.35 -997.17 Orientation: -0.0409046 0.0880098 0.0942105 0.990811 Time: 8251237611645
Position: -160.133 -125.287 -997.993 Orientation: -0.0414696 0.0876728 0.0940066 0.990836 Time: 8251307377270
Position: -160.083 -125.73 -998.147 Orientation: -0.0414696 0.0877729 0.0939067 0.990837 Time: 8251354017365
Position: -159.963 -125.897 -997.94 Orientation: -0.0409358 0.0867052 0.093839 0.990959 Time: 8251424569135
Position: -159.687 -126.003 -997.743 Orientation: -0.0408025 0.087872 0.0935057 0.990894 Time: 8251470404064
Position: -159.06 -126.373 -997.613 Orientation: -0.0401702 0.0879743 0.0923414 0.99102 Time: 8251541983775
Position: -158.803 -126.663 -997.833 Orientation: -0.0410688 0.089138 0.0922715 0.990885 Time: 8251590912380
Position: -158.727 -127.01 -998.237 Orientation: -0.0410351 0.0881039 0.0919374 0.99101 Time: 8251639396119
Position: -158.763 -127.297 -998.65 Orientation: -0.0414687 0.0877376 0.0920379 0.991015 Time: 8251709450339
Position: -158.913 -127.48 -998.963 Orientation: -0.0421359 0.0893722 0.092539 0.990794 Time: 8251755521454
Position: -159.26 -127.447 -999.163 Orientation: -0.0423356 0.0898381 0.0928049 0.990719 Time: 8251825438424
Position: -159.483 -127.19 -998.793 Orientation: -0.0420352 0.0893373 0.0928041 0.990777 Time: 8251896827106
Position: -159.463 -126.98 -998.26 Orientation: -0.0416022 0.0900381 0.0929383 0.990719 Time: 8251945611619
Position: -159.427 -126.867 -997.71 Orientation: -0.040935 0.0895037 0.0928039 0.990808 Time: 8251994879177
Position: -159.607 -126.773 -997.11 Orientation: -0.0402706 0.0885754 0.0926758 0.990931 Time: 8252072342319
Position: -160.007 -126.607 -996.547 Orientation: -0.0404709 0.0883093 0.0934765 0.990871 Time: 8252121358776
Position: -160.673 -126.483 -995.883 Orientation: -0.0401365 0.088907 0.0940407 0.990778 Time: 8252194419094
Position: -160.867 -126.47 -995.527 Orientation: -0.0396367 0.0888743 0.0942081 0.990785 Time: 8252241215734
Position: -160.92 -126.443 -995.133 Orientation: -0.0396357 0.0883387 0.0942724 0.990827 Time: 8252318321039
