Position: -8 2 -2 Orientation: 0.137142 0.0374357 0.104973 0.984262 Time: 1257865125567
Position: -9 10 11 Orientation: 0.136877 0.0376695 0.105108 0.984275 Time: 1257971401765
Position: -3 4 6 Orientation: 0.13684 0.0370685 0.105005 0.984314 Time: 1258081784423
Position: -11 -2 3 Orientation: 0.136678 0.0374365 0.105075 0.984315 Time: 1258227205898
Position: -20 70 -10 Orientation: 0.136872 0.0377016 0.105104 0.984275 Time: 1258334645095
Position: -5 3 4 Orientation: 0.137004 0.0366677 0.104803 0.984328 Time: 1258478542566
Position: -6 3 5 Orientation: 0.137006 0.0364682 0.104738 0.984342 Time: 1258585018536
Position: -7 10 10 Orientation: 0.136812 0.03757 0.105109 0.984288 Time: 1258692781089
Position: -10 12 15 Orientation: 0.136909 0.0377357 0.105173 0.984261 Time: 1258836411856
Position: -18 19 10 Orientation: 0.136737 0.0370678 0.105003 0.984329 Time: 1258942688174
