Position: 165.84 -65.4633 -794.353 Orientation: 0.201782 0.0279021 0.173113 0.963606 Time: 450134511511
Position: 165.833 -65.4633 -794.37 Orientation: 0.201779 0.0282017 0.173144 0.963593 Time: 450252811271
Position: 165.84 -65.4567 -794.353 Orientation: 0.201752 0.0281359 0.173216 0.963588 Time: 450570023580
Position: 165.84 -65.46 -794.383 Orientation: 0.201878 0.0281683 0.173243 0.963555 Time: 450372725488
Position: 165.84 -65.46 -794.35 Orientation: 0.202151 0.0273023 0.172915 0.963582 Time: 450467576087
Position: 165.84 -65.46 -794.367 Orientation: 0.201756 0.0279698 0.17312 0.963609 Time: 450689869650
Position: 165.84 -65.46 -794.37 Orientation: 0.202018 0.0277025 0.172982 0.963586 Time: 450788983819
Position: 165.84 -65.4633 -794.353 Orientation: 0.201849 0.0277688 0.173047 0.963608 Time: 450911617488
Position: 165.843 -65.46 -794.36 Orientation: 0.202019 0.0276025 0.172983 0.963589 Time: 451006547181
Position: 165.837 -65.4533 -794.363 Orientation: 0.201876 0.0280679 0.173141 0.963577 Time: 451104073443
Position: 165.85 -65.4633 -794.353 Orientation: 0.202078 0.0274682 0.172943 0.963587 Time: 451220705790
Position: 165.84 -65.4567 -794.37 Orientation: 0.201884 0.0280024 0.173115 0.963582 Time: 451350163744
Position: 165.847 -65.46 -794.36 Orientation: 0.201919 0.0276692 0.173083 0.96359 Time: 451471240292
Position: 165.847 -65.46 -794.347 Orientation: 0.201912 0.0274683 0.172943 0.963622 Time: 451566145765
Position: 165.84 -65.4533 -794.363 Orientation: 0.201848 0.0280687 0.173213 0.96357 Time: 451675677132
Position: 165.843 -65.46 -794.373 Orientation: 0.201853 0.0279361 0.173084 0.963596 Time: 451776543831
Position: 165.84 -65.46 -794.36 Orientation: 0.201853 0.0278693 0.173117 0.963592 Time: 451897942368
Position: 165.84 -65.4633 -794.373 Orientation: 0.202019 0.0275692 0.172983 0.96359 Time: 451994900327
Position: 165.833 -65.46 -794.363 Orientation: 0.201753 0.0281027 0.173184 0.963594 Time: 452099777029
Position: 165.847 -65.46 -794.367 Orientation: 0.20195 0.027769 0.173081 0.963581 Time: 452220539527
Position: 165.84 -65.46 -794.34 Orientation: 0.201684 0.0277024 0.173015 0.96365 Time: 452339707410
Position: 165.84 -65.4567 -794.357 Orientation: 0.201949 0.0279689 0.17308 0.963575 Time: 452434549662
Position: 165.843 -65.4633 -794.347 Orientation: 0.201981 0.0276353 0.172946 0.963602 Time: 452531803472
Position: 165.847 -65.46 -794.363 Orientation: 0.202021 0.0274361 0.172951 0.963599 Time: 452652812147
Position: 165.84 -65.46 -794.34 Orientation: 0.202018 0.0275025 0.173015 0.963586 Time: 452768935854
Position: 165.84 -65.46 -794.367 Orientation: 0.201982 0.0278021 0.17308 0.963573 Time: 452865243678
Position: 165.837 -65.4633 -794.353 Orientation: 0.201883 0.0276356 0.173014 0.963611 Time: 452987346949
Position: 165.847 -65.46 -794.36 Orientation: 0.202082 0.0275354 0.173013 0.963572 Time: 453079169245
Position: 165.847 -65.46 -794.353 Orientation: 0.20189 0.0275698 0.17302 0.96361 Time: 453200062563
Position: 165.85 -65.46 -794.367 Orientation: 0.201818 0.0277359 0.173016 0.963621 Time: 453295476676
Position: 165.85 -65.4667 -794.357 Orientation: 0.201943 0.0275347 0.172942 0.963614 Time: 453415710417
Position: 165.843 -65.46 -794.363 Orientation: 0.202011 0.0276681 0.173009 0.963584 Time: 453510653111
Position: 165.823 -65.4533 -794.353 Orientation: 0.201678 0.0283016 0.173276 0.963587 Time: 453627739908
Position: 165.85 -65.4633 -794.35 Orientation: 0.202214 0.0271352 0.172778 0.963598 Time: 453749300055
Position: 165.837 -65.4567 -794.367 Orientation: 0.201684 0.0283358 0.173282 0.963584 Time: 453843761887
Position: 165.84 -65.46 -794.37 Orientation: 0.201618 0.0285026 0.173316 0.963587 Time: 453966121325
Position: 165.84 -65.4633 -794.347 Orientation: 0.20164 0.0278676 0.173139 0.963632 Time: 454060577410
Position: 165.847 -65.46 -794.353 Orientation: 0.201985 0.0277025 0.173016 0.963587 Time: 454178070901
Position: 165.847 -65.46 -794.387 Orientation: 0.201983 0.0278356 0.173047 0.963578 Time: 454297714992
Position: 165.843 -65.4633 -794.353 Orientation: 0.201875 0.0277344 0.17304 0.963605 Time: 454396454080
Position: 165.85 -65.46 -794.36 Orientation: 0.202086 0.027336 0.172917 0.963594 Time: 454492612747
Position: 165.843 -65.46 -794.353 Orientation: 0.201946 0.0277351 0.173011 0.963595 Time: 454616809830
Position: 165.843 -65.46 -794.35 Orientation: 0.201918 0.0277692 0.173082 0.963587 Time: 454713698683
Position: 165.833 -65.46 -794.36 Orientation: 0.201651 0.0284692 0.173282 0.963587 Time: 454836380656
Position: 165.837 -65.4533 -794.363 Orientation: 0.201846 0.0281352 0.173245 0.963563 Time: 454932059420
Position: 165.837 -65.4567 -794.367 Orientation: 0.201848 0.0281353 0.173212 0.963568 Time: 455058282989
Position: 165.833 -65.45 -794.373 Orientation: 0.202042 0.0280679 0.173141 0.963542 Time: 455154943043
Position: 165.843 -65.4633 -794.373 Orientation: 0.20188 0.0277352 0.173078 0.963597 Time: 455252035517
Position: 165.847 -65.46 -794.377 Orientation: 0.201918 0.0278025 0.173082 0.963586 Time: 455376248610
Position: 165.833 -65.46 -794.347 Orientation: 0.201821 0.0278362 0.173118 0.963599 Time: 455498192733
Position: 165.843 -65.46 -794.36 Orientation: 0.202088 0.0273362 0.172885 0.9636 Time: 455591727054
Position: 165.837 -65.4567 -794.353 Orientation: 0.201879 0.0279017 0.173077 0.963593 Time: 455718323379
Position: 165.84 -65.45 -794.35 Orientation: 0.201908 0.0282011 0.173307 0.963537 Time: 455815037075
Position: 165.843 -65.46 -794.35 Orientation: 0.201983 0.0275355 0.172914 0.963611 Time: 455932048062
Position: 165.83 -65.46 -794.357 Orientation: 0.201619 0.028336 0.173316 0.963591 Time: 456026885662
Position: 165.833 -65.46 -794.35 Orientation: 0.201777 0.0278681 0.173075 0.963615 Time: 456144975097
Position: 165.843 -65.46 -794.36 Orientation: 0.201815 0.0278688 0.17308 0.963606 Time: 456239119183
Position: 165.843 -65.46 -794.357 Orientation: 0.201944 0.0277681 0.173076 0.963583 Time: 456365638740
Position: 165.83 -65.46 -794.35 Orientation: 0.201723 0.0281033 0.17312 0.963612 Time: 456464278618
Position: 165.84 -65.46 -794.35 Orientation: 0.201907 0.027601 0.17304 0.963602 Time: 456584571611
Position: 165.837 -65.4567 -794.357 Orientation: 0.201785 0.0280692 0.173183 0.963588 Time: 456705818801
Position: 165.847 -65.46 -794.357 Orientation: 0.201945 0.0274016 0.17291 0.963623 Time: 456801312282
Position: 165.853 -65.4667 -794.35 Orientation: 0.201948 0.0272354 0.172846 0.963639 Time: 456919584537
Position: 165.84 -65.4567 -794.35 Orientation: 0.201785 0.0280692 0.173183 0.963588 Time: 457016976557
Position: 165.85 -65.47 -794.35 Orientation: 0.20181 0.0275014 0.172909 0.963649 Time: 457116008349
Position: 165.853 -65.4733 -794.343 Orientation: 0.202051 0.0269356 0.172715 0.963649 Time: 457234982191
Position: 165.837 -65.4667 -794.35 Orientation: 0.201809 0.0278013 0.173075 0.963611 Time: 457330088957
Position: 165.84 -65.46 -794.363 Orientation: 0.201744 0.0279014 0.173109 0.963615 Time: 457450497719
Position: 165.847 -65.4667 -794.343 Orientation: 0.201843 0.0276014 0.173042 0.963615 Time: 457544830647
Position: 165.85 -65.4633 -794.357 Orientation: 0.201853 0.027536 0.172983 0.963625 Time: 457669858631
Position: 165.843 -65.4633 -794.357 Orientation: 0.201886 0.0278027 0.173083 0.963593 Time: 457792999434
Position: 165.843 -65.4533 -794.36 Orientation: 0.201949 0.0277355 0.173114 0.963576 Time: 457889039596
Position: 165.837 -65.46 -794.337 Orientation: 0.201809 0.0278013 0.173075 0.963611 Time: 457994823285
Position: 165.847 -65.46 -794.357 Orientation: 0.20195 0.0275023 0.172948 0.963612 Time: 458116473473
Position: 165.84 -65.46 -794.35 Orientation: 0.201921 0.0277029 0.173018 0.9636 Time: 458213982492
Position: 165.843 -65.46 -794.353 Orientation: 0.201988 0.0275696 0.172952 0.963602 Time: 458333696236
Position: 165.843 -65.46 -794.347 Orientation: 0.201913 0.0277018 0.173045 0.963597 Time: 458438368087
Position: 165.84 -65.45 -794.357 Orientation: 0.202113 0.0276684 0.173011 0.963562 Time: 458532204691
Position: 165.84 -65.4533 -794.38 Orientation: 0.20191 0.028268 0.173242 0.963546 Time: 458654374330
Position: 165.843 -65.46 -794.34 Orientation: 0.201911 0.0275349 0.172943 0.96362 Time: 458752114748
Position: 165.85 -65.4667 -794.35 Orientation: 0.201784 0.0275023 0.172948 0.963647 Time: 458873201423
Position: 165.843 -65.4667 -794.353 Orientation: 0.20191 0.027568 0.172975 0.963614 Time: 458976070250
Position: 165.84 -65.4533 -794.367 Orientation: 0.202079 0.0277684 0.173044 0.96356 Time: 459094010118
Position: 165.84 -65.4567 -794.36 Orientation: 0.201753 0.0281027 0.173184 0.963594 Time: 459187936900
Position: 165.847 -65.4633 -794.367 Orientation: 0.201876 0.0277013 0.173008 0.963611 Time: 459312744022
Position: 165.84 -65.4567 -794.347 Orientation: 0.201886 0.027836 0.173083 0.963592 Time: 459406760709
Position: 165.843 -65.46 -794.34 Orientation: 0.20185 0.0276356 0.173047 0.963612 Time: 459529161610
Position: 165.847 -65.46 -794.357 Orientation: 0.201838 0.0276007 0.173004 0.963623 Time: 459624616774
Position: 165.837 -65.4567 -794.36 Orientation: 0.201846 0.0279017 0.173111 0.963593 Time: 459744043699
Position: 165.837 -65.4567 -794.367 Orientation: 0.201914 0.0279019 0.173179 0.963567 Time: 459838198459
Position: 165.85 -65.46 -794.36 Orientation: 0.201821 0.0278029 0.173118 0.9636 Time: 459960309393
Position: 165.84 -65.46 -794.337 Orientation: 0.201808 0.0277345 0.173107 0.963607 Time: 460081980791
Position: 165.85 -65.46 -794.37 Orientation: 0.202049 0.0276355 0.173014 0.963576 Time: 460177984554
Position: 165.847 -65.4667 -794.353 Orientation: 0.201813 0.0276685 0.172978 0.963631 Time: 460298840240
Position: 165.847 -65.46 -794.35 Orientation: 0.201955 0.0275363 0.172985 0.963604 Time: 460398835806
Position: 165.833 -65.46 -794.363 Orientation: 0.20175 0.028169 0.173248 0.963581 Time: 460523041647
Position: 165.847 -65.4567 -794.37 Orientation: 0.201955 0.0276362 0.172985 0.963601 Time: 460618764200
Position: 165.84 -65.46 -794.343 Orientation: 0.201823 0.0278032 0.173053 0.963611 Time: 460736969950
Position: 165.84 -65.46 -794.36 Orientation: 0.201917 0.0278023 0.173115 0.963581 Time: 460815512873
Position: 165.85 -65.4633 -794.33 Orientation: 0.202044 0.0272681 0.172843 0.963618 Time: 460949952679
