Position: -75.7 71.3767 -900.86 Orientation: -0.108409 0.0545046 -0.0397033 0.991817 Time: 372761248919
Position: -75.7033 71.37 -900.853 Orientation: -0.108536 0.0553347 -0.0396677 0.991758 Time: 372881112231
Position: -75.7033 71.37 -900.853 Orientation: -0.108476 0.0543379 -0.0397367 0.991817 Time: 372667235790
Position: -75.7033 71.3733 -900.86 Orientation: -0.108571 0.0556357 -0.0395683 0.991742 Time: 372977239561
Position: -75.7 71.3667 -900.863 Orientation: -0.108444 0.0548053 -0.0397039 0.991796 Time: 373096005404
Position: -75.7133 71.37 -900.87 Orientation: -0.108507 0.0559036 -0.0396359 0.991731 Time: 373214300375
Position: -75.7033 71.37 -900.843 Orientation: -0.10847 0.0547017 -0.0397346 0.991798 Time: 373307694022
Position: -75.7067 71.37 -900.857 Orientation: -0.108609 0.0553712 -0.0396699 0.991748 Time: 373404673328
Position: -75.71 71.3767 -900.883 Orientation: -0.108505 0.0556692 -0.0396018 0.991746 Time: 373526683820
Position: -75.6867 71.37 -900.813 Orientation: -0.108541 0.053704 -0.0398363 0.991841 Time: 373646103629
Position: -75.7 71.37 -900.83 Orientation: -0.108404 0.0542019 -0.0397014 0.991834 Time: 373768817896
Position: -75.68 71.37 -900.79 Orientation: -0.108606 0.0532031 -0.0399023 0.991858 Time: 373868809494
Position: -75.7033 71.3667 -900.843 Orientation: -0.108675 0.0546711 -0.0396699 0.99178 Time: 373986133575
Position: -75.6967 71.37 -900.847 Orientation: -0.10844 0.0541035 -0.0398026 0.991831 Time: 374079479055
Position: -75.7033 71.37 -900.857 Orientation: -0.10844 0.0548367 -0.0397025 0.991795 Time: 374197355564
Position: -75.7033 71.37 -900.843 Orientation: -0.108437 0.0547684 -0.0397346 0.991798 Time: 374292017870
Position: -75.7067 71.3767 -900.89 Orientation: -0.108208 0.0550709 -0.0396697 0.991809 Time: 374411546193
Position: -75.6967 71.37 -900.85 Orientation: -0.10834 0.0544699 -0.0397357 0.991825 Time: 374529273957
Position: -75.7033 71.37 -900.863 Orientation: -0.108242 0.0543042 -0.0397697 0.991843 Time: 374623644242
Position: -75.7 71.37 -900.83 Orientation: -0.108607 0.0544037 -0.0397027 0.991801 Time: 374745075073
Position: -75.7 71.37 -900.85 Orientation: -0.108706 0.0544363 -0.0397355 0.991787 Time: 374840118619
Position: -75.6933 71.37 -900.837 Orientation: -0.108602 0.0539679 -0.0397676 0.991822 Time: 374960858401
Position: -75.7067 71.3633 -900.86 Orientation: -0.10851 0.0554716 -0.0396369 0.991755 Time: 375078509806
Position: -75.71 71.37 -900.87 Orientation: -0.108738 0.0552025 -0.0396351 0.991745 Time: 375173002154
Position: -75.69 71.37 -900.83 Orientation: -0.108602 0.054001 -0.0398008 0.991819 Time: 375266728463
Position: -75.71 71.37 -900.877 Orientation: -0.108638 0.0554026 -0.0396018 0.991746 Time: 375384516026
Position: -75.7033 71.3633 -900.86 Orientation: -0.108408 0.0553041 -0.0396696 0.991774 Time: 375503514773
Position: -75.7067 71.3633 -900.85 Orientation: -0.108374 0.0555038 -0.039636 0.991768 Time: 375596377613
Position: -75.7133 71.37 -900.86 Orientation: -0.10854 0.0552368 -0.0397025 0.991762 Time: 375720221644
Position: -75.7133 71.37 -900.873 Orientation: -0.108539 0.0555028 -0.0396353 0.99175 Time: 375813203809
Position: -75.71 71.37 -900.867 Orientation: -0.108476 0.0550046 -0.03967 0.991783 Time: 375933405119
Position: -75.7 71.37 -900.85 Orientation: -0.108373 0.0536699 -0.0398691 0.991859 Time: 376026808209
Position: -75.6967 71.3667 -900.827 Orientation: -0.108577 0.0545385 -0.0397704 0.991794 Time: 376147010614
Position: -75.7033 71.37 -900.85 Orientation: -0.108341 0.0548373 -0.0397362 0.991804 Time: 376242865357
Position: -75.7033 71.3633 -900.857 Orientation: -0.108543 0.0547716 -0.0396702 0.991789 Time: 376361930472
Position: -75.6967 71.37 -900.857 Orientation: -0.108442 0.0539041 -0.039803 0.991842 Time: 376457942308
Position: -75.7133 71.3667 -900.883 Orientation: -0.10834 0.0557367 -0.0396024 0.99176 Time: 376574737496
Position: -75.6967 71.37 -900.843 Orientation: -0.108639 0.0546361 -0.0397353 0.991783 Time: 376697186155
Position: -75.6933 71.3667 -900.843 Orientation: -0.108603 0.0538016 -0.0398012 0.99183 Time: 376791044926
Position: -75.7033 71.37 -900.873 Orientation: -0.10841 0.0549052 -0.0397038 0.991794 Time: 376917322136
Position: -75.7167 71.3633 -900.887 Orientation: -0.10841 0.0562385 -0.0395703 0.991725 Time: 377011875653
Position: -75.7167 71.37 -900.887 Orientation: -0.108477 0.0553389 -0.0396373 0.991766 Time: 377130765200
Position: -75.7167 71.3633 -900.87 Orientation: -0.108772 0.0562695 -0.0395687 0.991684 Time: 377246889865
Position: -75.7 71.37 -900.867 Orientation: -0.108539 0.054803 -0.0396688 0.991787 Time: 377342171789
Position: -75.7 71.3667 -900.84 Orientation: -0.108542 0.0535711 -0.0398033 0.991849 Time: 377438805433
Position: -75.6933 71.3667 -900.847 Orientation: -0.108538 0.0544023 -0.0397017 0.991808 Time: 377554564321
Position: -75.7067 71.36 -900.84 Orientation: -0.108576 0.0547381 -0.0397034 0.991786 Time: 377674912598
Position: -75.7 71.3633 -900.833 Orientation: -0.108573 0.0545368 -0.0397358 0.991796 Time: 377772244955
Position: -75.7067 71.36 -900.86 Orientation: -0.108574 0.0550039 -0.0397028 0.991771 Time: 377893536208
Position: -75.7167 71.37 -900.867 Orientation: -0.108471 0.0558024 -0.0396017 0.991742 Time: 377988646396
Position: -75.7067 71.3667 -900.83 Orientation: -0.108741 0.0547039 -0.0396695 0.991771 Time: 378108209477
Position: -75.6933 71.3667 -900.827 Orientation: -0.108535 0.0542342 -0.039734 0.991817 Time: 378200808897
Position: -75.7033 71.3633 -900.85 Orientation: -0.10837 0.0548352 -0.039768 0.9918 Time: 378320699577
Position: -75.71 71.3667 -900.87 Orientation: -0.108441 0.055304 -0.0396362 0.991772 Time: 378415290040
Position: -75.7033 71.36 -900.82 Orientation: -0.108541 0.0545037 -0.039736 0.991801 Time: 378540212520
Position: -75.71 71.3667 -900.86 Orientation: -0.108638 0.055469 -0.0396017 0.991742 Time: 378634303375
Position: -75.7133 71.3667 -900.857 Orientation: -0.108603 0.0551682 -0.0396677 0.99176 Time: 378754019719
Position: -75.7067 71.3667 -900.853 Orientation: -0.108239 0.0549027 -0.0396686 0.991815 Time: 378870599655
Position: -75.7 71.36 -900.84 Orientation: -0.10851 0.0547052 -0.0397038 0.991795 Time: 378963142970
Position: -75.7 71.3667 -900.843 Orientation: -0.108606 0.0540695 -0.0397354 0.991818 Time: 379079452097
Position: -75.71 71.3667 -900.853 Orientation: -0.10831 0.0551052 -0.0397038 0.991794 Time: 379172442472
Position: -75.7133 71.37 -900.877 Orientation: -0.108377 0.0556386 -0.0396038 0.991761 Time: 379290548055
Position: -75.7133 71.3667 -900.867 Orientation: -0.108539 0.0554696 -0.0396021 0.991753 Time: 379407334485
Position: -75.71 71.36 -900.847 Orientation: -0.108704 0.0553356 -0.0396683 0.99174 Time: 379501834907
Position: -75.71 71.3633 -900.863 Orientation: -0.10827 0.0550686 -0.0397014 0.991801 Time: 379618624074
Position: -75.72 71.38 -900.89 Orientation: -0.108306 0.0559031 -0.0396022 0.991754 Time: 379712509393
Position: -75.7067 71.3633 -900.853 Orientation: -0.108474 0.0540369 -0.0398026 0.991831 Time: 379830282314
Position: -75.6933 71.3667 -900.863 Orientation: -0.108509 0.0549711 -0.0397032 0.99178 Time: 379950756623
Position: -75.7067 71.36 -900.833 Orientation: -0.108573 0.0551701 -0.0397025 0.991762 Time: 380054281469
Position: -75.71 71.37 -900.877 Orientation: -0.108574 0.0550372 -0.0397028 0.991769 Time: 380174157781
Position: -75.71 71.3633 -900.847 Orientation: -0.10834 0.0550035 -0.0397025 0.991797 Time: 380269123874
Position: -75.7267 71.3667 -900.877 Orientation: -0.108405 0.0558028 -0.039602 0.991749 Time: 380388464862
Position: -75.7067 71.37 -900.85 Orientation: -0.108439 0.0549696 -0.0397355 0.991786 Time: 380487692474
Position: -75.7033 71.37 -900.837 Orientation: -0.108606 0.0540029 -0.0397688 0.99182 Time: 380584524538
Position: -75.71 71.36 -900.83 Orientation: -0.10841 0.0550049 -0.0397036 0.991789 Time: 380711895933
Position: -75.71 71.3533 -900.837 Orientation: -0.108438 0.0551026 -0.0397019 0.99178 Time: 380807231225
Position: -75.7067 71.3633 -900.823 Orientation: -0.108503 0.0546683 -0.0397345 0.991796 Time: 380927812407
Position: -75.7067 71.3633 -900.847 Orientation: -0.108676 0.054538 -0.0397034 0.991786 Time: 381022629891
Position: -75.71 71.37 -900.857 Orientation: -0.108442 0.0552044 -0.0396031 0.991778 Time: 381141175829
Position: -75.71 71.37 -900.85 Orientation: -0.108412 0.0547058 -0.0397042 0.991805 Time: 381261292708
Position: -75.71 71.3633 -900.86 Orientation: -0.108672 0.0552694 -0.0396353 0.991748 Time: 381354590566
Position: -75.71 71.3567 -900.83 Orientation: -0.108707 0.0548701 -0.0397358 0.991763 Time: 381474409268
Position: -75.71 71.36 -900.85 Orientation: -0.108377 0.0550384 -0.0397036 0.991791 Time: 381568610554
Position: -75.7133 71.3567 -900.84 Orientation: -0.108607 0.0550702 -0.0397026 0.991764 Time: 381690034133
Position: -75.71 71.3733 -900.857 Orientation: -0.108508 0.0551707 -0.0396362 0.991772 Time: 381795828906
Position: -75.7133 71.3633 -900.863 Orientation: -0.108608 0.0548709 -0.0396697 0.991776 Time: 381923921592
Position: -75.71 71.3667 -900.853 Orientation: -0.10867 0.0556349 -0.0396345 0.991728 Time: 382019511957
Position: -75.7133 71.36 -900.857 Orientation: -0.108673 0.0549701 -0.0397025 0.991762 Time: 382114521292
Position: -75.7067 71.36 -900.817 Orientation: -0.108505 0.054369 -0.0398017 0.99181 Time: 382223570566
Position: -75.7167 71.3533 -900.853 Orientation: -0.10854 0.0551702 -0.0397692 0.991763 Time: 382344298853
Position: -75.71 71.3667 -900.863 Orientation: -0.108403 0.054968 -0.0397343 0.991791 Time: 382438745907
Position: -75.71 71.37 -900.84 Orientation: -0.108207 0.0559037 -0.0396026 0.991765 Time: 382559500741
Position: -75.6967 71.37 -900.827 Orientation: -0.108536 0.0540681 -0.0397344 0.991825 Time: 382653438607
Position: -75.7167 71.3567 -900.867 Orientation: -0.10844 0.0555033 -0.039669 0.991759 Time: 382777526217
Position: -75.7167 71.3567 -900.853 Orientation: -0.108344 0.0550052 -0.0397704 0.991794 Time: 382872726583
Position: -75.7167 71.3467 -900.847 Orientation: -0.108443 0.0549714 -0.0397701 0.991785 Time: 382994433971
Position: -75.71 71.3667 -900.853 Orientation: -0.108371 0.0547689 -0.0397016 0.991806 Time: 383089345328
Position: -75.7133 71.3667 -900.837 Orientation: -0.108508 0.0545038 -0.0398028 0.991802 Time: 383202553078
Position: -75.7067 71.3633 -900.84 Orientation: -0.108473 0.0541698 -0.0398023 0.991824 Time: 383318334955
Position: -75.7167 71.3633 -900.873 Orientation: -0.10847 0.0560017 -0.0396012 0.991731 Time: 383412830040
