Position: 184.603 -11.6367 -831.417 Orientation: 0.0432043 0.0489048 0.0577057 0.996199 Time: 514689507052869
Position: 184.6 -11.6333 -831.427 Orientation: 0.04327 0.0491705 0.0578045 0.996177 Time: 514689787724787
Position: 184.603 -11.6333 -831.41 Orientation: 0.0433353 0.0486022 0.0576359 0.996212 Time: 514690085180029
Position: 184.6 -11.63 -831.41 Orientation: 0.0434371 0.0489043 0.0577384 0.996187 Time: 514690403532584
Position: 184.597 -11.6367 -831.42 Orientation: 0.043069 0.049236 0.0577364 0.996186 Time: 514690686402649
Position: 184.597 -11.63 -831.433 Orientation: 0.0431357 0.0496028 0.0579032 0.996156 Time: 514690965092566
Position: 184.607 -11.6367 -831.407 Orientation: 0.0433354 0.0485357 0.0576361 0.996215 Time: 514691219658573
Position: 184.6 -11.6267 -831.43 Orientation: 0.043402 0.049069 0.0577361 0.99618 Time: 514691492209534
Position: 184.607 -11.6333 -831.4 Orientation: 0.0433691 0.0484027 0.0576032 0.996222 Time: 514691728720628
Position: 184.603 -11.6333 -831.42 Orientation: 0.0432359 0.0489696 0.0577367 0.996192 Time: 514691970008598
Position: 184.603 -11.6333 -831.417 Orientation: 0.0434019 0.0485688 0.0576359 0.996211 Time: 514692252835129
Position: 184.6 -11.6333 -831.423 Orientation: 0.0431365 0.0493703 0.0578042 0.996173 Time: 514692491962973
Position: 184.597 -11.63 -831.43 Orientation: 0.043237 0.0490709 0.0577716 0.996185 Time: 514692729453660
Position: 184.607 -11.6333 -831.41 Orientation: 0.0434031 0.0486368 0.0576708 0.996205 Time: 514693001238892
Position: 184.61 -11.6367 -831.423 Orientation: 0.0432679 0.0488681 0.057735 0.996196 Time: 514693237981719
Position: 184.59 -11.6267 -831.427 Orientation: 0.0431351 0.0498021 0.0579691 0.996142 Time: 514693479767946
Position: 184.61 -11.6333 -831.43 Orientation: 0.0433691 0.0488694 0.0577699 0.99619 Time: 514693765942359
Position: 184.6 -11.63 -831.437 Orientation: 0.0432693 0.0494697 0.0578368 0.99616 Time: 514694060781230
Position: 184.597 -11.63 -831.423 Orientation: 0.0432684 0.0493019 0.0577689 0.996173 Time: 514694300144419
Position: 184.603 -11.63 -831.423 Orientation: 0.0432698 0.0487701 0.0576708 0.996204 Time: 514694537002068
Position: 184.597 -11.63 -831.41 Orientation: 0.0434034 0.0490372 0.0578045 0.996178 Time: 514694815730766
Position: 184.59 -11.6367 -831.427 Orientation: 0.0430692 0.0496696 0.0578368 0.996159 Time: 514695055536323
Position: 184.597 -11.63 -831.42 Orientation: 0.0432691 0.0494695 0.0579033 0.996156 Time: 514695332639081
Position: 184.597 -11.63 -831.437 Orientation: 0.0432692 0.0494696 0.0578701 0.996158 Time: 514695571084840
Position: 184.607 -11.6367 -831.407 Orientation: 0.0432692 0.0484362 0.0576034 0.996225 Time: 514695849665829
Position: 184.603 -11.63 -831.427 Orientation: 0.0432707 0.0489379 0.0577387 0.996192 Time: 514696082882839
Position: 184.6 -11.63 -831.427 Orientation: 0.0432365 0.0492703 0.0578043 0.996174 Time: 514696361206430
Position: 184.593 -11.63 -831.443 Orientation: 0.0432685 0.0497355 0.0579025 0.996143 Time: 514696598909842
Position: 184.607 -11.63 -831.437 Orientation: 0.0433688 0.0490358 0.0577362 0.996183 Time: 514696873749629
Position: 184.607 -11.6333 -831.42 Orientation: 0.0433361 0.0488031 0.057737 0.996196 Time: 514697114956425
Position: 184.6 -11.63 -831.41 Orientation: 0.0433708 0.0487713 0.0577721 0.996194 Time: 514697403391338
Position: 184.597 -11.6333 -831.427 Orientation: 0.0432365 0.049237 0.0578376 0.996173 Time: 514697635951166
Position: 184.61 -11.63 -831.417 Orientation: 0.0433352 0.0486355 0.0576359 0.99621 Time: 514697909882838
Position: 184.6 -11.63 -831.42 Orientation: 0.0432366 0.0492037 0.0578377 0.996175 Time: 514698143728324
Position: 184.603 -11.6267 -831.423 Orientation: 0.0434021 0.0490024 0.0577695 0.996182 Time: 514698427076685
Position: 184.597 -11.6367 -831.423 Orientation: 0.0429697 0.0495035 0.0578707 0.99617 Time: 514698662053086
Position: 184.6 -11.6333 -831.42 Orientation: 0.043269 0.049036 0.0577365 0.996188 Time: 514698939602394
Position: 184.597 -11.63 -831.423 Orientation: 0.0432364 0.0493368 0.0578041 0.99617 Time: 514699173543311
Position: 184.603 -11.6333 -831.44 Orientation: 0.0433015 0.0492684 0.0578354 0.996169 Time: 514699452995157
Position: 184.603 -11.6333 -831.393 Orientation: 0.0434353 0.0485022 0.057636 0.996212 Time: 514699686580774
Position: 184.6 -11.63 -831.427 Orientation: 0.0432029 0.0493367 0.0578706 0.996168 Time: 514699926958536
Position: 184.6 -11.63 -831.413 Orientation: 0.0432702 0.0491373 0.0577713 0.996181 Time: 514700161466338
Position: 184.6 -11.6333 -831.42 Orientation: 0.0431706 0.0490378 0.0577719 0.99619 Time: 514700441570612
Position: 184.6 -11.6333 -831.4 Orientation: 0.0430693 0.0490363 0.0577702 0.996194 Time: 514700675195391
Position: 184.6 -11.63 -831.427 Orientation: 0.043336 0.0493364 0.0578703 0.996162 Time: 514700915295415
Position: 184.597 -11.6333 -831.42 Orientation: 0.043234 0.0496008 0.0579343 0.99615 Time: 514701154531996
Position: 184.61 -11.63 -831.407 Orientation: 0.0434339 0.0484673 0.0576674 0.996212 Time: 514701435286989
Position: 184.603 -11.6333 -831.423 Orientation: 0.0432359 0.0489696 0.0577368 0.996192 Time: 514701671349632
Position: 184.6 -11.63 -831.423 Orientation: 0.0433366 0.0491703 0.0578043 0.996174 Time: 514701948498585
Position: 184.603 -11.6333 -831.413 Orientation: 0.0432357 0.0490027 0.0577699 0.996189 Time: 514702184488799
Position: 184.603 -11.6333 -831.427 Orientation: 0.0432685 0.0491687 0.0578358 0.996175 Time: 514702457095271
Position: 184.603 -11.6367 -831.427 Orientation: 0.0432035 0.0491706 0.0578046 0.99618 Time: 514702696783725
Position: 184.607 -11.6367 -831.407 Orientation: 0.0431687 0.048669 0.0576694 0.996214 Time: 514702940300637
Position: 184.597 -11.63 -831.423 Orientation: 0.0433691 0.0494361 0.0578699 0.996156 Time: 514703184099851
Position: 184.603 -11.6367 -831.41 Orientation: 0.0431693 0.049003 0.0577368 0.996194 Time: 514703423535089
Position: 184.593 -11.64 -831.393 Orientation: 0.043037 0.0492375 0.0578049 0.996184 Time: 514703702047262
Position: 184.6 -11.63 -831.423 Orientation: 0.0431701 0.0492373 0.0577713 0.99618 Time: 514703934161112
Position: 184.597 -11.6267 -831.433 Orientation: 0.0433373 0.0494378 0.0578719 0.996157 Time: 514704171167800
Position: 184.6 -11.63 -831.397 Orientation: 0.0433006 0.0485341 0.0576675 0.996215 Time: 514704406573071
Position: 184.607 -11.6333 -831.42 Orientation: 0.0434353 0.0485355 0.0576359 0.996211 Time: 514704682359184
Position: 184.597 -11.6267 -831.413 Orientation: 0.0432362 0.0494032 0.0578371 0.996165 Time: 514704918951641
Position: 184.603 -11.63 -831.4 Orientation: 0.04327 0.048637 0.0577044 0.996209 Time: 514705165223699
Position: 184.603 -11.6333 -831.417 Orientation: 0.043236 0.0489031 0.0577369 0.996196 Time: 514705404471496
Position: 184.593 -11.6333 -831.41 Orientation: 0.0430365 0.0494037 0.0578376 0.996174 Time: 514705652158101
Position: 184.6 -11.63 -831.413 Orientation: 0.0433371 0.0489375 0.057805 0.996186 Time: 514705893042864
Position: 184.6 -11.6367 -831.41 Orientation: 0.0431364 0.0489035 0.0576707 0.996204 Time: 514706171298210
Position: 184.6 -11.63 -831.407 Orientation: 0.0433026 0.0488697 0.0577369 0.996194 Time: 514706407357241
Position: 184.603 -11.63 -831.43 Orientation: 0.0432685 0.0491687 0.0578358 0.996175 Time: 514706651389139
Position: 184.6 -11.6333 -831.417 Orientation: 0.0433375 0.048838 0.0577056 0.996196 Time: 514706886442912
Position: 184.603 -11.63 -831.427 Orientation: 0.043203 0.04937 0.0578373 0.996168 Time: 514707125578930
Position: 184.6 -11.63 -831.423 Orientation: 0.0431366 0.049337 0.0578043 0.996175 Time: 514707400404650
Position: 184.6 -11.63 -831.423 Orientation: 0.04337 0.0491371 0.0577711 0.996176 Time: 514707640960728
Position: 184.603 -11.63 -831.407 Orientation: 0.0434698 0.0485702 0.0576708 0.996205 Time: 514707889690991
Position: 184.597 -11.63 -831.41 Orientation: 0.0433351 0.0491353 0.0578357 0.996174 Time: 514708143715587
Position: 184.597 -11.6367 -831.413 Orientation: 0.0431354 0.0492357 0.0577695 0.996182 Time: 514708404329490
Position: 184.6 -11.63 -831.41 Orientation: 0.0434015 0.0487683 0.0576353 0.996201 Time: 514708683293154
Position: 184.607 -11.64 -831.4 Orientation: 0.0432014 0.0484349 0.0575352 0.996232 Time: 514708919428226
Position: 184.593 -11.62 -831.423 Orientation: 0.0433351 0.0496687 0.057969 0.99614 Time: 514709198372310
Position: 184.597 -11.6333 -831.4 Orientation: 0.0431354 0.049269 0.0577694 0.99618 Time: 514709477762563
Position: 184.607 -11.63 -831.413 Orientation: 0.0433696 0.0487367 0.0576706 0.996202 Time: 514709765119219
Position: 184.6 -11.6367 -831.397 Orientation: 0.04317 0.0487705 0.0576378 0.996211 Time: 514710005510098
Position: 184.587 -11.6267 -831.42 Orientation: 0.0431042 0.0500382 0.0580056 0.996129 Time: 514710285908460
Position: 184.593 -11.63 -831.407 Orientation: 0.0432037 0.0491709 0.057705 0.996186 Time: 514710523560164
Position: 184.603 -11.63 -831.41 Orientation: 0.0434031 0.0486701 0.0576707 0.996204 Time: 514710803101167
Position: 184.597 -11.63 -831.43 Orientation: 0.0433701 0.0491038 0.0577712 0.996178 Time: 514711035557390
Position: 184.597 -11.6333 -831.423 Orientation: 0.0431366 0.0493371 0.0577711 0.996176 Time: 514711269696584
Position: 184.6 -11.63 -831.417 Orientation: 0.0432702 0.0490707 0.0578048 0.996182 Time: 514711507690280
Position: 184.607 -11.6367 -831.407 Orientation: 0.0432356 0.0486025 0.057603 0.996218 Time: 514711777102852
Position: 184.6 -11.6367 -831.41 Orientation: 0.0431349 0.0488685 0.0577021 0.996204 Time: 514712011550201
Position: 184.593 -11.6333 -831.413 Orientation: 0.0429682 0.0495351 0.0578687 0.996168 Time: 514712278600569
Position: 184.597 -11.6267 -831.44 Orientation: 0.043269 0.0495693 0.0578698 0.996153 Time: 514712510234792
Position: 184.597 -11.63 -831.41 Orientation: 0.0433367 0.0491372 0.0577712 0.996178 Time: 514712752917538
Position: 184.603 -11.63 -831.413 Orientation: 0.0433027 0.0488698 0.0577036 0.996196 Time: 514713024160600
Position: 184.597 -11.6333 -831.407 Orientation: 0.0433692 0.0489029 0.0577034 0.996192 Time: 514713263018690
Position: 184.603 -11.63 -831.417 Orientation: 0.0433364 0.0487035 0.0576708 0.996205 Time: 514713531460983
Position: 184.6 -11.6333 -831.407 Orientation: 0.0432693 0.048903 0.0577369 0.996194 Time: 514713761147233
Position: 184.6 -11.6333 -831.407 Orientation: 0.0431027 0.0490364 0.0577369 0.996195 Time: 514714002973571
Position: 184.607 -11.63 -831.427 Orientation: 0.0433037 0.0490375 0.0577715 0.996184 Time: 514714237894083
Position: 184.6 -11.6333 -831.413 Orientation: 0.0432702 0.0490707 0.0578048 0.996182 Time: 514714507341634
Position: 184.59 -11.63 -831.437 Orientation: 0.043069 0.049736 0.0578698 0.996154 Time: 514714749567755
